0.4,0.35,0.25
0.39246512931473265,0.3543953412330726,0.25313952945219476
0.35400856065875036,0.3768283396157289,0.2691630997255207
0.34682646263083605,0.3810178967986789,0.272155640570485
0.2920508938453511,0.41297031192354516,0.29497879423110374
0.14750714488385996,0.49728749881774836,0.35520535629839173
0.06766642336323045,0.5438612530381156,0.388472323598654
0.02941278242069563,0.5661758769212609,0.4044113406580435
0.012495307107353797,0.576044404187377,0.4114602887052693
0.005255674394101926,0.5802675232701072,0.41447680233579093
0.002201256032422992,0.58204926731442,0.41574947665315715
0.0009203202562671894,0.5827964798505109,0.41628319989322204
0.000384488502426904,0.5831090483735843,0.4165064631239888
0.00016058029608979438,0.5832396614939477,0.4165997582099626
0.0,0.5833333333333335,0.41666666666666663
0.0,0.5833333333333334,0.4166666666666666
0.0,0.5833333333333334,0.41666666666666663
0.0,0.5833333333333335,0.4166666666666666
0.0,0.5833333333333335,0.4166666666666665
0.0,0.5833333333333335,0.41666666666666646
0.0,0.5833333333333272,0.41666666666667285
0.0,0.5833333333323127,0.41666666666768726
