0.25,0.45,0.3
0.2441473462204588,0.4535115922677247,0.30234106151181644
0.21507314668349897,0.4709561119899006,0.31397074132660036
0.20982517676969392,0.47410489393818367,0.31606992929212235
0.17123248931647775,0.49726050641011343,0.33150700427340885
0.07819847325870126,0.5530809160447793,0.3687206106965194
0.02681843446525391,0.5839089393208478,0.38927262621389835
0.01255399508521171,0.592467602948873,0.3949784019659152
0.005831212576111775,0.596501272454333,0.39766751496955527
0.00269870664203836,0.598380776014777,0.3989205173431845
0.0012468613870902099,0.599251883167746,0.3995012554451639
0.0005756264734284221,0.5996546241159431,0.3997697494106286
0.00026564783370031233,0.59984061129978,0.39989374086651985
0.00012257426130461713,0.5999264554432173,0.3999509702954781
0.0,0.6000000000000001,0.3999999999999999
0.0,0.6000000000000001,0.39999999999999997
0.0,0.6000000000000001,0.39999999999999986
0.0,0.6000000000000002,0.3999999999999999
0.0,0.6000000000000002,0.39999999999999986
0.0,0.6000000000000001,0.3999999999999998
0.0,0.6000000000000002,0.3999999999999998
0.0,0.6000000000000005,0.39999999999999947
