0.35,0.45,0.2
0.3428555862679442,0.454946132583731,0.2021982811483249
0.3068176989290259,0.47989543920298205,0.21328686186799203
0.3001489847421164,0.4845122413323809,0.21533877392550266
0.249930470424274,0.5192789050908873,0.2307906244848388
0.12430124902493053,0.6062529814442789,0.2694457695307907
0.05548336166353906,0.6538961342329345,0.2906205041035265
0.02557787213860497,0.6745999346732734,0.2998221931881216
0.01652542284984709,0.6808670149501058,0.3026075622000471
0.008154006397938668,0.6866626109552733,0.3051833826467882
0.003920346643927286,0.6895936061695888,0.3064860471864839
0.0018650867401597132,0.6910164784106586,0.3071184348491816
0.000842706703555211,0.6917242799744617,0.307433013321983
0.0003805478342394625,0.6920442361147573,0.3075752160510032
0.00017180345923006096,0.6921887514513023,0.3076394450894676
0.0,0.6923076923076924,0.3076923076923076
0.0,0.6923076923076924,0.30769230769230754
0.0,0.6923076923076925,0.3076923076923076
0.0,0.6923076923076923,0.3076923076923076
0.0,0.6923076923076924,0.30769230769230765
0.0,0.6923076923076926,0.3076923076923073
0.0,0.6923076923076927,0.3076923076923072
