0.45,0.45,0.1
0.4422481872759179,0.45634239222879447,0.10140942049528766
0.402112496175148,0.48918068494760625,0.10870681887724583
0.3945649496007968,0.49535595032662083,0.11007910007258241
0.336237538712677,0.5430783774169007,0.12068408387042238
0.16944254678116022,0.6795470071790507,0.15101044603978905
0.0759260193298236,0.7560605296392352,0.16801345103094117
0.029160769695354347,0.7943230066128919,0.17651622369175377
0.010861514893727282,0.8092951241778595,0.17984336092841324
0.004822447160705801,0.8142361795957862,0.18094137324350806
0.002488262513679761,0.816145967034262,0.18136577045205826
0.0011380124356886096,0.817250717098073,0.18161127046623846
0.0005201027643468922,0.8177562795564435,0.18172361767920966
0.00023762137833882482,0.8179874006904501,0.18177497793121114
0.0001085463486584888,0.8180930075329158,0.18179844611842574
0.0,0.8181818181818181,0.18181818181818185
0.0,0.8181818181818181,0.18181818181818182
0.0,0.8181818181818182,0.18181818181818182
0.0,0.8181818181818182,0.18181818181818185
0.0,0.8181818181818181,0.18181818181818188
0.0,0.8181818181818182,0.18181818181818188
0.0,0.8181818181818181,0.1818181818181818
0.0,0.8181818181818183,0.1818181818181816
