0.4,0.5,0.1
0.3924651293147308,0.506279058904391,0.10125581178087821
0.35400856065875036,0.5383261994510413,0.10766523989020829
0.3468264626308348,0.5443112811409709,0.10886225622819423
0.29205089384534055,0.5899575884622161,0.11799151769244327
0.14750714488383393,0.710410712596805,0.14208214251936105
0.06766642336320758,0.7769446471973269,0.15538892943946545
0.02941278242068083,0.8088226813160992,0.1617645362632199
0.01249530710734547,0.8229205774105454,0.16458411548210913
0.005255674394097581,0.8289536046715853,0.16579072093431713
0.0022012560324208247,0.831498953306316,0.16629979066126324
0.0009203202562661382,0.8325663997864449,0.166513279957289
0.0003844885024264044,0.833012926247978,0.16660258524959562
0.00016058029608956062,0.8331995164199253,0.1666399032839851
0.0,0.8333333333333334,0.16666666666666669
0.0,0.8333333333333333,0.16666666666666669
0.0,0.8333333333333333,0.16666666666666666
0.0,0.8333333333333334,0.16666666666666666
0.0,0.8333333333333334,0.16666666666666663
0.0,0.8333333333333334,0.1666666666666666
0.0,0.8333333333333351,0.1666666666666648
0.0,0.8333333333336025,0.16666666666639748
