0.15,0.55,0.3
0.1460755370684779,0.5525393583674555,0.30138510456406664
0.12668406494565876,0.5650867815057502,0.30822915354859104
0.1232928703349278,0.567281083900929,0.3094260457641431
0.0988841247616444,0.5830749780954065,0.31804089714294903
0.03162744638781516,0.6265940052784725,0.3417785483337123
0.013925317636473228,0.638048323882282,0.34802635848124475
0.007186814256076608,0.6424085319519505,0.35040465379197294
0.003364137611501587,0.6448820286043225,0.3517538337841759
0.001571532883666821,0.6460419493105686,0.35238651780576463
0.0007334279128758587,0.6465842525269627,0.35268231956016144
0.00034213472420656295,0.6468374422372781,0.3528204230385153
0.0001595681526296626,0.6469555735482985,0.35288485829907185
0.0,0.6470588235294118,0.3529411764705882
0.0,0.6470588235294118,0.35294117647058826
0.0,0.6470588235294118,0.35294117647058815
0.0,0.6470588235294119,0.35294117647058815
0.0,0.6470588235294119,0.3529411764705882
0.0,0.6470588235294119,0.3529411764705881
0.0,0.6470588235294121,0.35294117647058787
0.0,0.6470588235294122,0.35294117647058776
