0.2,0.55,0.25
0.19503627942267715,0.5534125578969095,0.2515511626804134
0.1704707840034391,0.5703013359976357,0.25922787999892527
0.16610328459154886,0.5733039918433102,0.26059272356514096
0.1343371380434961,0.5951432175950965,0.27051964436140746
0.055743731832164384,0.649176184365387,0.2950800838024486
0.023088897518721237,0.6716263829558792,0.3052847195253996
0.013522459477581888,0.6782033091091625,0.3082742314132556
0.006673408186214014,0.6829120318719779,0.3104145599418081
0.0031175176214611475,0.6853567066352455,0.3115257757432933
0.0014535966322308993,0.6865006523153413,0.3120457510524278
0.000677162035240356,0.6870344511007723,0.3122883868639873
0.000315327002177601,0.6872832126860029,0.3124014603118194
0.00014680667513975647,0.6873990704108415,0.31245412291401875
0.0,0.6875000000000001,0.31249999999999994
0.0,0.6875000000000001,0.3124999999999999
0.0,0.6875000000000002,0.3124999999999999
0.0,0.6875,0.3124999999999999
0.0,0.6875000000000003,0.3124999999999998
0.0,0.6875000000000006,0.31249999999999956
