0.25,0.55,0.2
0.2441473462204587,0.554291946104997,0.20156070767454437
0.215073146683499,0.575613025765434,0.20931382755106695
0.20982517676969387,0.5794615370355578,0.21071328619474833
0.17123248931647717,0.6077628411679168,0.22100466951560613
0.07819847325869932,0.6759877862769539,0.2458137404643469
0.026818434465252762,0.7136664813921479,0.2595150841425993
0.012553995085211031,0.7241270702708452,0.26331893464394374
0.005831212576111393,0.7290571107775183,0.2651116766463703
0.0026987066420381504,0.7313542817958387,0.2659470115621232
0.0012468613870900986,0.732418968316134,0.26633417029677603
0.0005756264734283641,0.7329112072528192,0.2665131662737525
0.0002656478337002824,0.733138524921953,0.2665958272443466
0.00012257426130460184,0.7332434455417098,0.2666339801969855
0.0,0.7333333333333333,0.2666666666666667
0.0,0.7333333333333334,0.2666666666666667
0.0,0.7333333333333334,0.26666666666666666
0.0,0.7333333333333333,0.26666666666666666
0.0,0.7333333333333333,0.2666666666666666
0.0,0.7333333333333334,0.2666666666666666
0.0,0.7333333333333335,0.2666666666666666
0.0,0.7333333333333334,0.26666666666666655
0.0,0.7333333333333336,0.2666666666666663
