0.9,0.05,0.05
0.8973724383357276,0.05131378083213627,0.05131378083213627
0.8809255912043414,0.05953720439782933,0.05953720439782933
0.8778524797407408,0.06107376012962965,0.06107376012962965
0.8507435802825634,0.07462820985871833,0.07462820985871833
0.7391173401941147,0.13044132990294272,0.13044132990294272
0.5753644116102983,0.2123177941948508,0.2123177941948508
0.3932081097581227,0.30339594512093865,0.30339594512093865
0.23144894598061416,0.38427552700969286,0.38427552700969286
0.16022558226894468,0.41988720886552766,0.41988720886552766
0.07726944847600577,0.4613652757619971,0.4613652757619971
0.02837097898728247,0.48581451050635877,0.48581451050635877
0.01232313047240631,0.49383843476379685,0.49383843476379685
0.006338349324734463,0.4968308253376328,0.4968308253376328
0.002853563454606111,0.49857321827269696,0.49857321827269696
0.0012822189824963973,0.4993588905087518,0.4993588905087518
0.0005756523577014874,0.4997121738211493,0.4997121738211493
0.00025833850816644755,0.4998708307459168,0.4998708307459168
0.00011591563808602707,0.499942042180957,0.499942042180957
0.0,0.5,0.5
0.0,0.5000000000000001,0.5
0.0,0.5,0.49999999999999994
0.0,0.5000000000000001,0.49999999999999994
0.0,0.5000000000000002,0.49999999999999983
0.0,0.5000000000000004,0.4999999999999996
