0.55,0.1,0.35
0.5423261024162402,0.10170531057416884,0.3559685870095909
0.5011676761113949,0.11085162753080115,0.38798069635780397
0.49337186490326235,0.11258403002149726,0.3940441050752404
0.43143651039232933,0.12634744213503796,0.44221604747263277
0.25728755830629435,0.16504720926526795,0.5776652324284377
0.12934508919189575,0.19347886906846765,0.6771760417396366
0.05989533565453642,0.20891214763232527,0.7311925167131383
0.022468122919974534,0.21722930601778348,0.7603025710622421
0.013611465311575309,0.2191974521529833,0.7671910825354414
0.006897911598409557,0.22068935297813125,0.7724127354234592
0.003098057332046337,0.22153376503732308,0.7753681776306306
0.0013885046876625723,0.22191366562496392,0.7766978296873736
0.0006217197782082989,0.2220840622715093,0.7772942179502824
0.0002782646206272351,0.22216038563986065,0.7775613497395122
0.00012451993907816475,0.22219455112464934,0.7776809289362726
0.0,0.22222222222222224,0.7777777777777778
0.0,0.22222222222222227,0.7777777777777778
0.0,0.22222222222222224,0.7777777777777777
0.0,0.2222222222222222,0.7777777777777777
0.0,0.2222222222222223,0.7777777777777778
0.0,0.2222222222222223,0.7777777777777776
0.0,0.22222222222222252,0.7777777777777776
0.0,0.22222222222222254,0.7777777777777776
