0.15,0.05,0.8
0.1460755370684775,0.05023085076067779,0.8036936121708447
0.12668406494565873,0.051371525591431835,0.8219444094629094
0.12329287033492757,0.0515710076273572,0.8251361220377152
0.09888412476164284,0.0530068161904916,0.8481090590478656
0.03162744638781193,0.05696309138895224,0.9114094622232358
0.013925317636471054,0.058004393080207585,0.9280702892833214
0.007186814256075177,0.058400775631995576,0.9344124101119292
0.0033641376115007508,0.05862563896402937,0.9380102234244699
0.001571532883666355,0.05873108630096081,0.9396973808153729
0.0007334279128756053,0.05878038659336026,0.9404861854937642
0.0003421347242064281,0.05880340383975256,0.940854461436041
0.00015956815262959206,0.05881414304984532,0.9410262887975251
0.0,0.058823529411764705,0.9411764705882353
0.0,0.05882352941176471,0.9411764705882353
0.0,0.05882352941176472,0.9411764705882353
0.0,0.05882352941176472,0.9411764705882352
0.0,0.058823529411764726,0.9411764705882353
0.0,0.05882352941176473,0.9411764705882353
0.0,0.05882352941176474,0.9411764705882353
0.0,0.05882352941176475,0.9411764705882353
0.0,0.058823529411764795,0.9411764705882353
0.0,0.05882352941176482,0.9411764705882352
