0.35,0.15,0.5
0.3428555862679438,0.15164871086124374,0.5054957028708125
0.3068176989290259,0.15996514640099402,0.5332171546699801
0.30014898474211615,0.16150408044412704,0.5383469348137568
0.24993047042427197,0.17309296836362953,0.5769765612120985
0.12430124902492579,0.20208432714809405,0.6736144238269802
0.055483361663535014,0.21796537807764577,0.7265512602588193
0.025577872138602263,0.2248666448910918,0.749555482970306
0.016525422849845046,0.22695567165003577,0.7565189055001192
0.008154006397937424,0.22888753698509137,0.7629584566169713
0.003920346643926573,0.2298645353898631,0.7662151179662103
0.0018650867401593194,0.2303388261368863,0.7677960871229543
0.0008427067035550076,0.2305747599914873,0.7685825333049576
0.00038054783423935914,0.2306814120382525,0.7689380401275082
0.000171803459230009,0.23072958381710076,0.7690986127236692
0.0,0.23076923076923075,0.7692307692307692
0.0,0.23076923076923078,0.7692307692307692
0.0,0.2307692307692308,0.7692307692307692
0.0,0.23076923076923084,0.7692307692307693
0.0,0.2307692307692308,0.7692307692307693
0.0,0.23076923076923084,0.7692307692307692
0.0,0.23076923076923087,0.7692307692307692
0.0,0.23076923076923084,0.769230769230769
0.0,0.23076923076923106,0.7692307692307689
0.0,0.23076923076923114,0.7692307692307688
