0.4,0.15,0.45
0.39246512931473193,0.15188371767131703,0.4556511530139511
0.35400856065875036,0.16149785983531242,0.48449357950593724
0.34682646263083555,0.16329338434229113,0.4898801530268734
0.2920508938453469,0.17698727653866328,0.5309618296159898
0.1475071448838496,0.21312321377903765,0.6393696413371128
0.06766642336322139,0.2330833941591947,0.699250182477584
0.029412782420689763,0.2426468043948276,0.7279404131844827
0.012495307107350497,0.24687617322316247,0.7406285196694871
0.005255674394100205,0.24868608140147502,0.7460582442044248
0.0022012560324221352,0.24944968599189457,0.7483490579756833
0.0009203202562667742,0.24976991993593342,0.7493097598077998
0.0003844885024267067,0.24990387787439344,0.7497116336231798
0.00016058029608970203,0.2499598549259777,0.7498795647779326
0.0,0.2500000000000001,0.7499999999999999
0.0,0.2500000000000001,0.7499999999999998
0.0,0.25000000000000017,0.7499999999999999
0.0,0.25000000000000017,0.7499999999999998
0.0,0.2500000000000002,0.7499999999999998
0.0,0.2500000000000003,0.7499999999999998
0.0,0.2500000000000003,0.7499999999999997
0.0,0.2500000000000004,0.7499999999999996
0.0,0.2500000000000008,0.7499999999999992
