0.65,0.15,0.2
0.6430515978787806,0.15297788662337974,0.20397051549783968
0.6042102893698149,0.1696241616986508,0.2261655489315344
0.5968525612956581,0.17277747373043226,0.23036996497390969
0.5366830141915433,0.19856442248933862,0.2647525633191181
0.29767081901523695,0.30099822042204116,0.40133096056272194
0.171555980440107,0.35504743695423974,0.4733965826056534
0.08564691904019577,0.39186560612563015,0.5224874748341739
0.031116396950144343,0.4152358298785094,0.5536477731713463
0.021396366748949236,0.41940155710759297,0.5592020761434577
0.01135204211858954,0.4237062676634614,0.564941690217949
0.005033496542200206,0.4264142157676283,0.5685522876901715
0.0022237699943944687,0.42761838428811644,0.5701578457174891
0.0009809010883331862,0.4281510423907141,0.5708680565209526
0.0004323724191984049,0.4283861261060576,0.5711815014747439
0.00019052732300589082,0.4284897740044259,0.5713196986725683
0.0,0.42857142857142844,0.5714285714285716
0.0,0.42857142857142844,0.5714285714285715
0.0,0.4285714285714284,0.5714285714285715
0.0,0.4285714285714284,0.5714285714285716
0.0,0.4285714285714285,0.5714285714285716
0.0,0.4285714285714286,0.5714285714285715
0.0,0.4285714285714288,0.5714285714285712
