0.25,0.05,0.7
0.24414734622045717,0.050390176918636204,0.7054624768609067
0.21507314668349903,0.052328456887766744,0.7325983964287343
0.20982517676969295,0.05267832154868715,0.73749650168162
0.17123248931646984,0.055251167378902025,0.7735163433046282
0.07819847325868365,0.061453435116087765,0.8603480916252286
0.02681843446524177,0.06487877103565055,0.9083027944991077
0.012553995085204068,0.0658297336609864,0.9216162712538095
0.005831212576107324,0.06627791916159285,0.9278908682622998
0.002698706642035885,0.06648675289053095,0.9308145404674332
0.0012468613870888756,0.06658354257419408,0.932169596038717
0.0005756264734277184,0.06662829156843815,0.932796081958134
0.0002656478336999472,0.06664895681108667,0.9330853953552133
0.00012257426130443008,0.06665849504924638,0.9332189306894492
0.0,0.06666666666666668,0.9333333333333333
0.0,0.06666666666666667,0.9333333333333333
0.0,0.06666666666666665,0.9333333333333333
0.0,0.06666666666666664,0.9333333333333335
0.0,0.06666666666666662,0.9333333333333333
0.0,0.06666666666666664,0.9333333333333333
0.0,0.06666666666666667,0.9333333333333332
0.0,0.06666666666666668,0.9333333333333332
0.0,0.06666666666666678,0.9333333333333332
