0.75,0.15,0.1
0.744373103557624,0.1533761378654256,0.1022507585769504
0.7114860444976283,0.17310837330142304,0.11540558220094871
0.7052828343422315,0.17683029939466116,0.11788686626310746
0.6530213642703324,0.20818718143780054,0.13879145429186707
0.45625315820304935,0.32624810507817037,0.21749873671878023
0.24916276175437607,0.45050234294737435,0.3003348952982496
0.13626349496924697,0.5182419030184519,0.3454946020123012
0.0621335760476464,0.5627198543714123,0.37514656958094145
0.026244461526722745,0.5842533230839664,0.3895022153893109
0.014916819397065389,0.5910499083617607,0.39403327224117385
0.007357700215469393,0.5955853798707184,0.39705691991381226
0.0034266639109201925,0.5979440016534479,0.3986293344356319
0.0015925143696540788,0.5990444913782075,0.3993629942521384
0.0007393800756046553,0.5995563719546372,0.3997042479697582
0.000343125852364734,0.5997941244885812,0.39986274965905416
0.00015920140113542683,0.5999044791593188,0.3999363194395459
0.0,0.6,0.4000000000000001
0.0,0.6,0.4
0.0,0.5999999999999999,0.4
0.0,0.5999999999999999,0.4000000000000001
0.0,0.5999999999999999,0.40000000000000013
0.0,0.5999999999999999,0.4000000000000002
0.0,0.6,0.40000000000000013
0.0,0.6000000000000002,0.39999999999999974
