0.35,0.2,0.45
0.34285558626794416,0.20219828114832486,0.45494613258373096
0.3068176989290259,0.21328686186799203,0.47989543920298205
0.30014898474211643,0.21533877392550269,0.48451224133238097
0.249930470424274,0.2307906244848388,0.5192789050908873
0.12430124902493045,0.26944576953079064,0.6062529814442789
0.05548336166353901,0.29062050410352647,0.6538961342329345
0.025577872138604928,0.29982219318812164,0.6745999346732735
0.016525422849847052,0.3026075622000471,0.6808670149501058
0.008154006397938644,0.3051833826467882,0.6866626109552733
0.003920346643927271,0.3064860471864839,0.6895936061695888
0.0018650867401597045,0.30711843484918167,0.6910164784106586
0.0008427067035552069,0.30743301332198303,0.6917242799744617
0.00038054783423946035,0.30757521605100324,0.6920442361147573
0.0001718034592300598,0.30763944508946767,0.6921887514513022
0.0,0.30769230769230765,0.6923076923076923
0.0,0.3076923076923077,0.6923076923076923
0.0,0.3076923076923077,0.6923076923076924
0.0,0.3076923076923077,0.6923076923076922
0.0,0.30769230769230776,0.6923076923076923
0.0,0.30769230769230776,0.6923076923076922
0.0,0.3076923076923078,0.6923076923076922
0.0,0.30769230769230804,0.692307692307692
0.0,0.30769230769230815,0.6923076923076918
