0.15,0.25,0.6
0.14607553706847787,0.25115425380338885,0.6027702091281333
0.12668406494565873,0.25685762795715916,0.6164583070971821
0.12329287033492778,0.25785503813678595,0.6188520915282864
0.09888412476164433,0.26503408095245756,0.6360817942858982
0.03162744638781495,0.28481545694476024,0.6835570966674248
0.013925317636473125,0.2900219654010373,0.6960527169624897
0.0071868142560765486,0.29200387815997747,0.7008093075839461
0.003364137611501555,0.2931281948201465,0.7035076675683519
0.001571532883666805,0.29365543150480383,0.7047730356115295
0.0007334279128758506,0.29390193296680117,0.7053646391203231
0.0003421347242065587,0.2940170191987627,0.7056408460770308
0.00015956815262966053,0.2940707152492265,0.7057697165981439
0.0,0.29411764705882343,0.7058823529411765
0.0,0.2941176470588235,0.7058823529411765
0.0,0.2941176470588235,0.7058823529411766
0.0,0.29411764705882343,0.7058823529411766
0.0,0.29411764705882354,0.7058823529411765
0.0,0.29411764705882354,0.7058823529411764
0.0,0.2941176470588237,0.7058823529411763
0.0,0.2941176470588239,0.7058823529411761
