0.4,0.25,0.35
0.39246512931473265,0.25313952945219476,0.3543953412330726
0.35400856065875036,0.2691630997255207,0.3768283396157289
0.34682646263083605,0.272155640570485,0.3810178967986789
0.2920508938453512,0.2949787942311038,0.41297031192354516
0.14750714488385996,0.3552053562983918,0.49728749881774836
0.06766642336323045,0.3884723235986541,0.5438612530381155
0.029412782420695643,0.40441134065804357,0.5661758769212608
0.012495307107353804,0.41146028870526935,0.5760444041873769
0.005255674394101931,0.414476802335791,0.5802675232701071
0.0022012560324229957,0.4157494766531572,0.5820492673144199
0.0009203202562671907,0.4162831998932221,0.5827964798505108
0.00038448850242690466,0.41650646312398887,0.5831090483735842
0.00016058029608979457,0.41659975820996265,0.5832396614939476
0.0,0.41666666666666674,0.5833333333333333
0.0,0.4166666666666667,0.5833333333333333
0.0,0.41666666666666674,0.5833333333333331
0.0,0.4166666666666668,0.5833333333333333
0.0,0.4166666666666668,0.5833333333333331
0.0,0.41666666666666685,0.5833333333333333
0.0,0.41666666666666685,0.5833333333333331
0.0,0.4166666666666669,0.5833333333333331
0.0,0.41666666666666696,0.5833333333333331
0.0,0.4166666666666669,0.583333333333333
0.0,0.41666666666666713,0.5833333333333328
0.0,0.4166666666666779,0.583333333333322
