0.65,0.25,0.1
0.6430515978787792,0.2549631443723006,0.10198525774892024
0.6042102893698149,0.282706936164418,0.1130827744657672
0.5968525612956568,0.287962456217388,0.11518498248695518
0.5366830141915316,0.33094070414890603,0.13237628165956242
0.2976708190151935,0.501663700703433,0.20066548028137343
0.1715559804400599,0.5917457282570999,0.23669829130284023
0.08564691904015918,0.6531093435427433,0.26124373741709755
0.031116396950124768,0.6920597164641964,0.2768238865856788
0.021396366748934272,0.6990025951793325,0.27960103807173325
0.011352042118580291,0.7061771127724424,0.2824708451089772
0.005033496542195374,0.7106903596127173,0.28427614384508715
0.0022237699943920193,0.7126973071468626,0.2850789228587453
0.0009809010883319673,0.7135850706511913,0.28543402826047676
0.00043237241919780693,0.7139768768434299,0.2855907507373722
0.00019052732300560066,0.7141496233407101,0.2856598493362843
0.0,0.7142857142857141,0.2857142857142859
0.0,0.7142857142857141,0.285714285714286
0.0,0.714285714285714,0.2857142857142859
0.0,0.714285714285714,0.285714285714286
0.0,0.7142857142857141,0.28571428571428603
0.0,0.7142857142857141,0.2857142857142858
0.0,0.7142857142857143,0.2857142857142856
