0.6000000000000001,0.30000000000000004,0.10000000000000002
0.5926110815662029,0.3055416888253478,0.10184722960844927
0.5521756559697524,0.33586825802268566,0.11195608600756189
0.54451083150603,0.3416168763704776,0.11387229212349254
0.48273738073552586,0.38794696444835564,0.12931565481611856
0.29519103236212085,0.5286067257284094,0.17620224190946984
0.1454549666218086,0.6409087750336435,0.21363625834454794
0.06470301564782759,0.7014727382641293,0.23382424608804322
0.021233339351817374,0.7340749954861369,0.24469166516204577
0.009755193384405005,0.7426836049616962,0.24756120165389886
0.0044535881264434,0.7466598089051674,0.24888660296838927
0.0020273231922559054,0.748479507605808,0.24949316920193615
0.0009216371208021326,0.7493087721593983,0.2497695907197996
0.000418730606509177,0.749685952045118,0.24989531734837284
0.00019019112109584332,0.749857356659178,0.24995245221972617
0.0,0.7499999999999999,0.25000000000000017
0.0,0.7499999999999998,0.2500000000000001
0.0,0.7499999999999999,0.2500000000000001
0.0,0.7499999999999998,0.25000000000000017
0.0,0.7499999999999999,0.25000000000000006
0.0,0.75,0.25000000000000006
0.0,0.7500000000000001,0.24999999999999997
0.0,0.7500000000000003,0.24999999999999978
