0.5,0.35,0.15
0.4976930639680014,0.3532428040543998,0.14906413197759877
0.4875839812273503,0.3670433189070596,0.14537269986559007
0.48501337331880534,0.37046296757226527,0.14452365910892936
0.4627458570775598,0.39899318998606204,0.1382609529363782
0.3123644437461911,0.5711139533431008,0.11652160291070823
0.19172175839438685,0.7002895447903515,0.10798869681526167
0.10439937594353896,0.7919230587803494,0.10367756527611163
0.052756288932829645,0.8456569299971516,0.10158678107001869
0.01874214344001239,0.880905153250519,0.10035270330946877
0.008137246994413467,0.8918745320349257,0.09998822097066073
0.0035028173327947693,0.8966654209157899,0.09983176175141524
0.0015022554427490753,0.8987330133837633,0.0997647311734876
0.0006432437000223844,0.8996207237158675,0.09973603258411008
0.0002752386515178382,0.9000010180347155,0.09972374331376657
0.00011773774874471692,0.9001637875041351,0.09971847474712014
0.0,0.9002787689814103,0.0997212310185897
0.0,0.9002826241101942,0.09971737588980575
0.0,0.9002842849890043,0.09971571501099583
0.0,0.9002850074429053,0.09971499255709472
0.0,0.9002853285577889,0.09971467144221113
0.0,0.9002854780310788,0.0997145219689212
0.0,0.9002855540980633,0.09971444590193669
0.0,0.9002855987712369,0.09971440122876302
0.0,0.9002856300181634,0.09971436998183661
0.0,0.9002856555230624,0.09971434447693765
0.0,0.900285678572257,0.09971432142774289
0.0,0.9002857005712148,0.09971429942878517
0.0,0.9002857221210139,0.09971427787898615
0.0,0.9002857434787183,0.09971425652128174
0.0,0.900285764754267,0.099714235245733
0.0,0.9002857859946778,0.09971421400532217
0.0,0.9002858072200589,0.0997141927799411
0.0,0.9002858284390098,0.09971417156099015
0.0,0.9002858496552085,0.09971415034479146
0.0,0.9002858708702279,0.09971412912977211
0.0,0.9002858920847405,0.09971410791525943
0.0,0.9002859132990342,0.09971408670096578
0.0,0.9002859345132319,0.09971406548676805
0.0,0.900285957434485,0.09971404256551497
0.0,0.9002859843824366,0.09971401561756345
0.0,0.9002860160837285,0.09971398391627151
0.0,0.9002860577375211,0.09971394226247886
0.0,0.9002861246805859,0.09971387531941413
0.0,0.9002862493671058,0.09971375063289424
0.0,0.9002865750580449,0.09971342494195515
0.0,0.9002880219696303,0.0997119780303697
