0.55,0.35,0.1
0.5457705332459631,0.3545480343253537,0.09968143242868317
0.5264925153718009,0.3751973788823641,0.09831010574583504
0.5220785683415985,0.37990813388890676,0.0980132977694949
0.4857633720041928,0.4184585047009627,0.09577812329484456
0.28604238274946187,0.6263999003794045,0.08755771687113363
0.141069281550741,0.7750367626828354,0.08389395576642361
0.09402982747351873,0.8230291286331748,0.08294104389330642
0.03971231787393438,0.8783393235680483,0.08194835855801731
0.016048518408032366,0.9024038008464088,0.08154768074555886
0.009307681829542743,0.9092555600784167,0.08143675809204057
0.0045605418033254725,0.9140799951591977,0.08135946303747682
0.0020473025088201422,0.9166338916209326,0.08131880587024731
0.0009175213690569643,0.9177818965772625,0.08130058205368051
0.00041088657448432427,0.9182966994656485,0.08129241395986721
0.00018394183298004932,0.9185273087279736,0.08128874943904633
0.0,0.9187062057362233,0.08129379426377675
0.0,0.9187106492363887,0.08128935076361132
0.0,0.9187126460406193,0.08128735395938062
0.0,0.9187135478260745,0.08128645217392552
0.0,0.9187139595374377,0.08128604046256235
0.0,0.9187141519171619,0.08128584808283808
0.0,0.9187142461355362,0.08128575386446374
0.0,0.9187142964220484,0.08128570357795165
0.0,0.9187143270469706,0.0812856729530294
0.0,0.9187143488724002,0.08128565112759975
0.0,0.9187143667596398,0.08128563324036013
0.0,0.9187143828843523,0.08128561711564777
0.0,0.9187143982202491,0.08128560177975085
0.0,0.9187144132031126,0.08128558679688735
0.0,0.9187144280279758,0.08128557197202425
0.0,0.9187144427821249,0.08128555721787514
0.0,0.9187144575046249,0.08128554249537519
0.0,0.9187144722129589,0.08128552778704105
0.0,0.9187144869149518,0.08128551308504813
0.0,0.9187145016141055,0.08128549838589454
0.0,0.918714516311987,0.081285483688013
0.0,0.9187145310092979,0.08128546899070213
0.0,0.918714545706352,0.08128545429364797
0.0,0.9187145604032899,0.08128543959671006
0.0,0.9187145766434901,0.08128542335650991
0.0,0.9187145947668611,0.08128540523313889
0.0,0.9187146161979659,0.08128538380203408
0.0,0.9187146419822819,0.0812853580177181
0.0,0.9187146771525311,0.0812853228474689
0.0,0.9187147351788054,0.08128526482119455
0.0,0.9187148537634386,0.08128514623656138
0.0,0.9187152286747758,0.0812847713252241
0.0,0.9187163852911736,0.08128361470882639
