0.4,0.4,0.2
0.3995948959307036,0.40203799796820877,0.1983671061010877
0.3973206444354625,0.4103300469026072,0.1923493086619303
0.39655448289751793,0.41258104191954115,0.19086447518294097
0.3879914503623667,0.4320337470622159,0.1799748025754173
0.28719142661569325,0.5706208365109369,0.14218773687336997
0.18026956034779695,0.6922986079534786,0.1274318316987245
0.0982940905973916,0.7813604312885525,0.12034547811405592
0.0490580088704431,0.8339237391573561,0.11701825197220082
0.018622962486982857,0.8661660045590918,0.1152110329539254
0.0068381046708200785,0.8786073288147723,0.11455456651440768
0.0030388620657287157,0.8826134555978513,0.11434768233642009
0.0013457724407025524,0.8843980278255249,0.11425619973377256
0.0005950574226786398,0.8851891784326792,0.11421576414464217
0.00026293469525014005,0.8855391768373485,0.11419788846740135
0.00011614620237411621,0.8856938748149128,0.11418997898271308
0.0,0.8858076706852309,0.11419232931476912
0.0,0.8858125050063718,0.11418749499362828
0.0,0.8858146543569801,0.1141853456430198
0.0,0.8858156179478058,0.11418438205219414
0.0,0.885816057876393,0.11418394212360705
0.0,0.8858162665428142,0.1141837334571858
0.0,0.8858163730782911,0.11418362692170893
0.0,0.8858164345103116,0.11418356548968844
0.0,0.8858164760235784,0.11418352397642165
0.0,0.885816508740253,0.114183491259747
0.0,0.8858165375721441,0.11418346242785597
0.0,0.8858165646884212,0.11418343531157872
0.0,0.8858165910470408,0.11418340895295918
0.0,0.8858166170710584,0.11418338292894163
0.0,0.8858166429473052,0.11418335705269488
0.0,0.8858166687582901,0.1141833312417099
0.0,0.8858166945404511,0.11418330545954888
0.0,0.88581672030988,0.11418327969011999
0.0,0.8858167460736833,0.11418325392631673
0.0,0.8858167718349993,0.11418322816500068
0.0,0.8858167975952141,0.1141832024047859
0.0,0.8858168233549398,0.11418317664506028
0.0,0.8858168498181154,0.11418315018188467
0.0,0.8858168780548541,0.11418312194514589
0.0,0.8858169085125163,0.11418309148748375
0.0,0.8858169433705891,0.11418305662941096
0.0,0.8858169864869164,0.11418301351308348
0.0,0.8858170493053479,0.11418295069465219
0.0,0.8858171516383948,0.11418284836160515
0.0,0.8858173543673639,0.11418264563263611
0.0,0.8858179940561551,0.11418200594384488
0.0,0.885821601564325,0.11417839843567501
0.0,0.8858476692979641,0.11415233070203593
