0.1,0.45,0.45
0.10270998494300228,0.44924651461909887,0.44804350043789887
0.11777377013497349,0.44510903748378833,0.43711719238123825
0.12077990805679711,0.44429424800502565,0.4349258439381773
0.1460685106055318,0.43760140887923277,0.4163300805152353
0.23497162162376534,0.4175311997389805,0.3474971786372541
0.2959746292979189,0.4106436740313153,0.2933816966707658
0.3365588024324777,0.4191942691645402,0.24424692840298204
0.34226224360776464,0.46260517735684786,0.1951325790353874
0.2766160130825159,0.5666618697732969,0.15672211714418718
0.15955791426763444,0.7054450063789158,0.13499707935344984
0.07420127362897161,0.7995309619677846,0.12626776440324375
0.036953307758232065,0.839733790641648,0.12331290160011993
0.016877048851093687,0.861248618954378,0.12187433219452831
0.00754869497793954,0.8712133337535931,0.1212379712684673
0.003344432099333431,0.8756981803862094,0.12095738751445718
0.0014754733772235722,0.8776906762821138,0.12083385034066257
0.0006497183633293018,0.8785707952338235,0.12077948640284722
0.0002858639129894212,0.8789585749898158,0.12075556109719475
0.0001257289148486669,0.8791292470208126,0.12074502406433874
0.0,0.8792529493079622,0.12074705069203787
0.0,0.8792587503573138,0.12074124964268614
0.0,0.879261317179515,0.1207386828204851
0.0,0.8792624619081459,0.12073753809185407
0.0,0.8792629813457711,0.12073701865422887
0.0,0.8792632258455413,0.12073677415445873
0.0,0.8792633494564944,0.12073665054350557
0.0,0.8792634199132779,0.12073658008672207
0.0,0.879263466998466,0.12073653300153395
0.0,0.8792635038072941,0.12073649619270588
0.0,0.8792635360976634,0.12073646390233658
0.0,0.8792635664012899,0.1207364335987101
0.0,0.8792635958313543,0.1207364041686457
0.0,0.8792636248773156,0.12073637512268452
0.0,0.8792636537543855,0.12073634624561444
0.0,0.879263682557192,0.12073631744280801
0.0,0.8792637113273418,0.12073628867265813
0.0,0.8792637400831296,0.12073625991687044
0.0,0.8792637688325989,0.12073623116740104
0.0,0.879263797579287,0.12073620242071305
0.0,0.8792638263247488,0.12073617367525133
0.0,0.8792638550696679,0.12073614493033208
0.0,0.8792638838143453,0.12073611618565468
0.0,0.8792639134788086,0.12073608652119146
0.0,0.8792639479549831,0.12073605204501692
0.0,0.8792639864070623,0.12073601359293777
0.0,0.8792640347835142,0.12073596521648577
0.0,0.8792641004589209,0.1207358995410791
0.0,0.8792642005068217,0.1207357994931783
0.0,0.8792643856437037,0.12073561435629637
0.0,0.8792648872373147,0.12073511276268536
0.0,0.8792659659737937,0.1207340340262063
0.0,0.879270365341614,0.12072963465838604
0.0,0.879296123992719,0.12070387600728108
