0.65,0.05,0.3
0.6549410034135241,0.04991825389260907,0.29514074269386675
0.6758586474046163,0.049776240466738404,0.2743651121286454
0.6758586474046162,0.04977624046673839,0.27436511212864534
0.6799621639315239,0.04979615154233736,0.2702416845261388
0.707798234735151,0.050563433871067424,0.24163833139378166
0.7537799889634409,0.058250915555695504,0.18796909548086363
0.7694594492699857,0.07627832068297861,0.1542622300470357
0.755065349168309,0.11578848512301118,0.12914616570867987
0.6830457033536053,0.2081882318030064,0.10876606484338838
0.5561329123462803,0.3476097411268291,0.0962573465268907
0.41904836025539854,0.49162845545907224,0.08932318428552921
0.2312365174691909,0.6851347310249335,0.08362875150587573
0.10598427365092321,0.8129643759315589,0.08105135041751792
0.05324325077314211,0.8666053239346193,0.08015142529223866
0.02066413896105141,0.899696588495532,0.0796392725434165
0.01202814782103999,0.908463255722912,0.07950859645604802
0.006039502715561015,0.9145413307692432,0.07941916651519582
0.00288181338757961,0.917745794340997,0.07937239227142331
0.0013723629742982025,0.9192775170265729,0.07935011999912893
0.000631139110589698,0.9200296630956543,0.07933919779375607
0.00029011672926506526,0.9203757131217383,0.07933417014899675
0.00013332900223957393,0.9205348187377418,0.07933185226001863
0.0,0.9206643595441986,0.07933564045580141
0.0,0.9206674870858337,0.07933251291416629
0.0,0.9206689315647877,0.07933106843521227
0.0,0.9206696027005047,0.07933039729949533
0.0,0.9206699184968535,0.0793300815031464
0.0,0.9206700710203803,0.07932992897961968
0.0,0.920670148522665,0.07932985147733491
0.0,0.9206701915539018,0.07932980844609809
0.0,0.9206702187462514,0.07932978125374858
0.0,0.9206702386608894,0.07932976133911064
0.0,0.9206702552315367,0.07932974476846336
0.0,0.9206702702656738,0.07932972973432616
0.0,0.9206702845938086,0.07932971540619128
0.0,0.920670298597546,0.07932970140245407
0.0,0.9206703124522266,0.07932968754777336
0.0,0.9206703262384172,0.07932967376158286
0.0,0.9206703399931364,0.07932966000686364
0.0,0.9206703537333939,0.07932964626660612
0.0,0.9206703674670054,0.07932963253299469
0.0,0.9206703811975617,0.0793296188024382
0.0,0.9206703949267134,0.07932960507328658
0.0,0.9206704086552183,0.07932959134478165
0.0,0.9206704224312222,0.07932957756877784
0.0,0.9206704365562987,0.07932956344370133
0.0,0.9206704514682607,0.07932954853173944
0.0,0.9206704672508129,0.07932953274918714
0.0,0.9206704864618893,0.07932951353811077
0.0,0.9206705101727133,0.07932948982728663
0.0,0.920670541922474,0.07932945807752598
0.0,0.9206705894707186,0.07932941052928151
0.0,0.9206706749974449,0.07932932500255506
0.0,0.9206708948565127,0.07932910514348743
0.0,0.9206719508889774,0.0793280491110227
0.0,0.9206721628700942,0.07932783712990586
