0.75,0.05,0.2
0.7516756616871418,0.05039676517569843,0.19792757313715975
0.7580777490918629,0.05225411677359374,0.18966813413454342
0.759416002434126,0.052729199795693536,0.18785479777018052
0.7681223929842287,0.05708578667760356,0.17479182033816773
0.7755132559268139,0.08285540701806432,0.14163133705512193
0.7392680459783956,0.14293213945757846,0.11779981456402606
0.6179970473464546,0.28255460173229974,0.09944835092124572
0.45866049653530133,0.4514337806063457,0.08990572285835291
0.280817986866504,0.6351410610133962,0.0840409521200999
0.16622786651264865,0.7523056616739738,0.08146647181337749
0.09075902039856208,0.8291508716345604,0.08009010796687759
0.03814609617163219,0.8826084681306898,0.07924543569767803
0.02582990531302791,0.8951106064061493,0.07905948828082285
0.01422650796432263,0.9068854059113797,0.07888808612429775
0.006193093788506028,0.915035407679935,0.07877149853155907
0.0026812718196509446,0.918597681040688,0.07872104713966119
0.0011580759198292266,0.9201426698786939,0.078699254201477
0.000499671068155477,0.9208104848845807,0.07868984404726366
0.00021549510801317345,0.9210987273396928,0.0786857775522939
0.0,0.921308672234538,0.07869132776546196
0.0,0.9213135997333921,0.07868640026660795
0.0,0.9213157324751573,0.07868426752484269
0.0,0.9213166603123645,0.07868333968763551
0.0,0.9213170686804857,0.07868293131951433
0.0,0.9213172530908579,0.07868274690914216
0.0,0.921317340946807,0.07868265905319302
0.0,0.9213173871754691,0.07868261282453087
0.0,0.9213174154574573,0.07868258454254276
0.0,0.9213174360021382,0.0786825639978617
0.0,0.921317453211052,0.07868254678894798
0.0,0.9213174689818233,0.07868253101817661
0.0,0.9213174841325706,0.07868251586742929
0.0,0.9213174990160072,0.07868250098399275
0.0,0.9213175137841975,0.07868248621580264
0.0,0.9213175285027002,0.0786824714972998
0.0,0.9213175431997801,0.07868245680021996
0.0,0.9213175578876225,0.07868244211237756
0.0,0.921317572571481,0.07868242742851911
0.0,0.9213175872536203,0.07868241274637967
0.0,0.9213176019350173,0.07868239806498277
0.0,0.9213176166160926,0.07868238338390741
0.0,0.9213176312970278,0.07868236870297213
0.0,0.921317646039711,0.07868235396028894
0.0,0.9213176629590488,0.0786823370409512
0.0,0.9213176827876617,0.07868231721233833
0.0,0.9213177076902017,0.07868229230979822
0.0,0.9213177402630244,0.0786822597369756
0.0,0.9213177899613336,0.07868221003866635
0.0,0.9213178817930611,0.07868211820693895
0.0,0.9213181304230829,0.07868186957691713
0.0,0.9213192173650847,0.07868078263491529
0.0,0.9213193542152528,0.07868064578474725
