0.1,0.65,0.25
0.10037172046430758,0.6504594338377476,0.24916884569794484
0.10144855910652718,0.6519721919357322,0.2465792489577407
0.10176788240211655,0.6524853694196594,0.24574674817822414
0.10378692554208545,0.6569853797295957,0.23922769472831892
0.0995739753315861,0.68999303611974,0.21043298854867384
0.07617960887141614,0.7340229273176879,0.18979746381089596
0.04974922928624147,0.7724338641328145,0.17781690658094412
0.02937795073588441,0.7994083906460745,0.17121365861804116
0.01587697686327882,0.8165639841183265,0.16755903901839464
0.00982822642339477,0.8241092154659865,0.16606255811061876
0.0034438812739458783,0.8319922654966241,0.16456385322943
0.0014651331810280896,0.8344200115100656,0.16411485530890627
0.000619994198411959,0.8354548233866652,0.16392518241492277
0.00026176756291368267,0.835893103169285,0.16384512926780131
0.00011041521024156615,0.8360782471453958,0.1638113376443626
0.0,0.8361953183793676,0.16380468162063247
0.0,0.8362057863387251,0.1637942136612749
0.0,0.836210235182585,0.16378976481741506
0.0,0.8362121467114266,0.16378785328857337
0.0,0.8362129886995638,0.16378701130043627
0.0,0.8362133798583941,0.16378662014160594
0.0,0.8362135809866998,0.16378641901330007
0.0,0.8362137020149322,0.1637862979850678
0.0,0.8362137892801176,0.16378621071988242
0.0,0.8362138623138261,0.1637861376861738
0.0,0.8362139293488182,0.1637860706511817
0.0,0.8362139938552843,0.1637860061447157
0.0,0.8362140572959427,0.1637859427040573
0.0,0.8362141202873429,0.16378587971265718
0.0,0.8362141830893657,0.16378581691063435
0.0,0.8362142458115533,0.16378575418844668
0.0,0.8362143085000787,0.1637856914999213
0.0,0.8362143711744039,0.163785628825596
0.0,0.8362144338427326,0.1637855661572673
0.0,0.8362144965085226,0.16378550349147733
0.0,0.8362145591732314,0.16378544082676857
0.0,0.8362146218374732,0.16378537816252678
0.0,0.8362146849570948,0.16378531504290522
0.0,0.8362147555585343,0.1637852444414657
0.0,0.8362148395781115,0.1637851604218885
0.0,0.8362149466710889,0.16378505332891116
0.0,0.8362150955434118,0.16378490445658822
0.0,0.8362153308664122,0.16378466913358786
0.0,0.8362157975087244,0.16378420249127557
0.0,0.8362169254967392,0.1637830745032608
