0.05,0.7,0.25
0.05017997251417433,0.7002608914924228,0.24955913599340288
0.050682181401456416,0.7010417355794016,0.24827608301914195
0.050849454087269846,0.7013213340883936,0.2478292118243366
0.05203613984142331,0.7036941657978206,0.2442696943607561
0.0525155544136349,0.7253568123084007,0.22212763327796453
0.04238474988162837,0.7519197796735891,0.2056954704447825
0.029475119105789878,0.7751338753336123,0.1953910055605978
0.020464640836498512,0.7893453158032468,0.19019004336025463
0.011223759931508162,0.8030122932060988,0.185763946862393
0.0052515791455645935,0.8114991856132483,0.18324923524118703
0.003343760767460056,0.814163935100162,0.18249230413237802
0.0018897564397249008,0.8161812074981015,0.18192903606217364
0.0008381322882170416,0.8176332357379139,0.18152863197386904
0.00036656843255331484,0.8182825365083616,0.18135089505908517
0.00015995163569580432,0.8185667211363907,0.18127332722791345
0.0,0.8187478894150401,0.18125211058496
0.0,0.8187698196064,0.18123018039359995
0.0,0.8187794221738519,0.1812205778261481
0.0,0.8187836538975067,0.18121634610249324
0.0,0.8187855460153849,0.18121445398461503
0.0,0.8187864190372812,0.1812135809627187
0.0,0.818786848169464,0.18121315183053593
0.0,0.8187870839582452,0.18121291604175488
0.0,0.8187872355336939,0.18121276446630608
0.0,0.8187873504290092,0.18121264957099084
0.0,0.8187874493478763,0.18121255065212372
0.0,0.8187875413080223,0.18121245869197766
0.0,0.8187876302372138,0.1812123697627862
0.0,0.8187877178462282,0.18121228215377183
0.0,0.8187878048802104,0.18121219511978953
0.0,0.8187878916637149,0.1812121083362851
0.0,0.8187879783381039,0.18121202166189615
0.0,0.8187880649649486,0.18121193503505134
0.0,0.8187881515710671,0.18121184842893287
0.0,0.81878823816814,0.18121176183186005
0.0,0.8187883247612546,0.18121167523874526
0.0,0.8187884113526274,0.18121158864737263
0.0,0.818788497943223,0.181211502056777
0.0,0.8187885903744988,0.18121140962550125
0.0,0.8187886930037044,0.18121130699629556
0.0,0.8187888139600465,0.1812111860399535
0.0,0.8187889671455344,0.18121103285446558
0.0,0.8187891699903468,0.18121083000965327
0.0,0.818789484931421,0.181210515068579
0.0,0.818790085857663,0.181209914142337
0.0,0.8187903763123764,0.18120962368762364
