0.05,0.1,0.85
0.0532704723945831,0.09975438548865674,0.8469751421167602
0.08076071094751776,0.0976947456686046,0.8215445433838777
0.08573026184097463,0.09732336818004453,0.816946369978981
0.13441379383767632,0.09370146044303018,0.7718847457192936
0.24197217214902192,0.08581529093488006,0.6722125369160981
0.36643893025642443,0.0769508724741037,0.5566101972694719
0.44707311194577215,0.07145934388800038,0.4814675441662275
0.5538733783282852,0.06490264805667617,0.3812239736150387
0.6440994717468702,0.0613046498497321,0.29459587840339774
0.7183451762958799,0.06463934472173503,0.2170154789823851
0.7420633073168963,0.07236488853871172,0.18557180414439206
0.7526062096267208,0.09514270149181416,0.15225108888146507
0.7276163726033217,0.1454303308964967,0.12695329650018156
0.6360064783198417,0.2569900670375425,0.10700345464261589
0.47156310821454966,0.4343396397130172,0.0940972520724331
0.28258525020587993,0.630614015751364,0.08680073404275608
0.19020745898280386,0.7253830749632386,0.08440946605395755
0.11360242127869215,0.803619647557481,0.0827779311638268
0.050541320264110276,0.8678408854051881,0.08161779433070157
0.02259017577541101,0.8962621925727394,0.08114763165184956
0.01248275518505811,0.9065336401917494,0.08098360462319248
0.00600395846085096,0.9131159878560009,0.08088005368314818
0.0027641930741957145,0.9164070819427743,0.08082872498303
0.0012699440718925191,0.9179249098323793,0.08080514609572824
0.0005782055070010926,0.918627549927809,0.08079424456518994
0.0002606859956996152,0.9189500767087792,0.08078923729552129
0.0001175064541329903,0.9190955211702033,0.08078697237566375
0.0,0.919209777561649,0.0807902224383509
0.0,0.9192125995787002,0.08078740042129985
0.0,0.9192138793424226,0.08078612065757741
0.0,0.9192144640400116,0.08078553595998834
0.0,0.9192147354843017,0.08078526451569838
0.0,0.9192148657513269,0.08078513424867304
0.0,0.9192149323924915,0.08078506760750849
0.0,0.9192149703587186,0.08078502964128141
0.0,0.9192149954017106,0.08078500459828936
0.0,0.9192150146204526,0.08078498537954737
0.0,0.9192150312143181,0.0807849687856818
0.0,0.9192150466252024,0.08078495337479766
0.0,0.9192150615029389,0.08078493849706121
0.0,0.9192150761403948,0.08078492385960521
0.0,0.9192150906695599,0.08078490933044015
0.0,0.919215105149919,0.08078489485008096
0.0,0.9192151196082812,0.0807848803917189
0.0,0.9192151340567282,0.0807848659432718
0.0,0.9192151485007055,0.08078485149929447
0.0,0.9192151629426671,0.08078483705733289
0.0,0.919215177383719,0.08078482261628103
0.0,0.9192151918243596,0.08078480817564047
0.0,0.9192152062648135,0.08078479373518654
0.0,0.9192152218347305,0.08078477816526955
0.0,0.919215237547331,0.08078476245266898
0.0,0.9192152552667969,0.08078474473320311
0.0,0.9192152779280349,0.080784722071965
0.0,0.9192153074375444,0.08078469256245563
0.0,0.9192153499390592,0.08078465006094078
0.0,0.9192154213758483,0.08078457862415164
0.0,0.9192155813587813,0.08078441864121864
0.0,0.9192162142704423,0.08078378572955765
0.0,0.919216940185744,0.08078305981425597
