0.1,0.1,0.8
0.10588386550870232,0.09954505910345991,0.7945710753878378
0.1511540953604697,0.09606043019089265,0.7527854744486376
0.15911950900458954,0.09545027462353357,0.7454302163718769
0.2306121486823784,0.09001749617763886,0.6793703551399828
0.3697639433897295,0.0797297232397212,0.5505063333705493
0.5305050952220033,0.06887379042307594,0.40062111435492076
0.6055924160486021,0.06500535151103927,0.3294022324403586
0.696961009192116,0.0651120217567783,0.23792696905110575
0.7400292380905635,0.07619547702822987,0.18377528488120665
0.7485738958453464,0.09980140764287113,0.15162469651178256
0.7211454415479343,0.15235687992179758,0.1264976785302682
0.6152218814134226,0.2792674315292011,0.10551068705737647
0.43527916923361565,0.47185217855441913,0.09286865221196534
0.24360668088123374,0.6702622049203043,0.08613111419846203
0.11186359533381182,0.8050368761897913,0.0830995284763969
0.0457567092357256,0.8723709420822496,0.08187234868202478
0.020616339424732486,0.8979378515915633,0.08144580898370428
0.012953039088940455,0.9057272078569505,0.08131975305410913
0.006378432729713971,0.9124085514933395,0.08121301577694652
0.003016092367461983,0.9158249871726794,0.08115892045985866
0.0014140073720626087,0.9174527378624753,0.08113325476546213
0.0006380917320277173,0.9182410646164229,0.08112084365154945
0.0002877997406443763,0.9185969618905876,0.08111523836876808
0.0001297766636454621,0.9187575204091567,0.08111270292719787
0.0,0.9188837017914987,0.08111629820850126
0.0,0.9188868352904843,0.08111316470951566
0.0,0.9188882559754534,0.08111174402454661
0.0,0.9188889044511138,0.08111109554888614
0.0,0.9188892047828099,0.08111079521719017
0.0,0.9188893481569426,0.0811106518430574
0.0,0.9188894207682113,0.0811105792317887
0.0,0.9188894614767061,0.08111053852329397
0.0,0.9188894878021358,0.08111051219786414
0.0,0.9188895076430964,0.08111049235690351
0.0,0.9188895245605949,0.08111047543940511
0.0,0.9188895401600771,0.0811104598399229
0.0,0.9188895551653431,0.0811104448346569
0.0,0.9188895699027112,0.08111043009728883
0.0,0.9188895845192988,0.08111041548070122
0.0,0.9188895990814324,0.08111040091856764
0.0,0.9188896136190147,0.0811103863809854
0.0,0.9188896281455269,0.0811103718544732
0.0,0.9188896426670469,0.08111035733295313
0.0,0.918889657186315,0.08111034281368501
0.0,0.9188896717045666,0.08111032829543345
0.0,0.9188896862223584,0.0811103137776415
0.0,0.9188897007399419,0.08111029926005807
0.0,0.9188897157189038,0.08111028428109618
0.0,0.9188897318684952,0.08111026813150479
0.0,0.9188897495464513,0.08111025045354868
0.0,0.9188897717267365,0.08111022827326358
0.0,0.9188898003223016,0.08111019967769832
0.0,0.9188898409189358,0.08111015908106416
0.0,0.9188899075380156,0.08111009246198445
0.0,0.9188900498274232,0.08110995017257687
0.0,0.9188905707056879,0.08110942929431209
0.0,0.9188914462883999,0.08110855371160007
