0.15,0.1,0.75
0.1578776661272294,0.09937293675655985,0.7427493971162108
0.21385703471339362,0.09494556345313243,0.691197401833474
0.22352311774541841,0.0941864644297644,0.6822904178248173
0.3047921611781352,0.08787743193691905,0.6073304068849458
0.44091689279017254,0.07774486364350684,0.48133824356632066
0.5470473586447514,0.07072494163394312,0.3822276997213056
0.6367405236905239,0.0668303274378874,0.29642914887158867
0.7056080875657206,0.0693146719187821,0.22507724051549724
0.7365353042503389,0.07946978211570191,0.18399491363395926
0.7439815705702698,0.10567395783083729,0.15034447159889297
0.7123612184359104,0.1622822416369214,0.12535653992716825
0.6061127675209954,0.28842344684495136,0.10546378563405331
0.43280772553008356,0.47386710992161757,0.0933251645482989
0.2491404906210096,0.664144330010573,0.08671517936841737
0.11932752691398614,0.7970423132045754,0.08363015988143854
0.06331274456576032,0.8541408902165917,0.08254636521764806
0.024069379897276408,0.894074685184918,0.08185593491780559
0.008867331830893433,0.909530637154817,0.08160203101428963
0.004123699069288232,0.9143520489536591,0.08152425197705274
0.002327100023783863,0.9161779335841763,0.08149496639203982
0.0010784570454701878,0.9174468800786748,0.08147466287585503
0.0004871911276620726,0.9180477519302244,0.08146505694211362
0.00021987433131943763,0.9183194162431105,0.08146070942557009
0.0,0.918533177610434,0.08146682238956603
0.0,0.9185385103541797,0.0814614896458203
0.0,0.9185409243163195,0.08145907568368052
0.0,0.9185420214206602,0.0814579785793399
0.0,0.9185425244045594,0.08145747559544063
0.0,0.9185427593424519,0.08145724065754809
0.0,0.9185428733476232,0.08145712665237684
0.0,0.9185429327923207,0.08145706720767931
0.0,0.918542967621309,0.08145703237869094
0.0,0.9185429913445821,0.08145700865541786
0.0,0.918543010057359,0.08145698994264094
0.0,0.9185430265095813,0.08145697349041879
0.0,0.918543041941922,0.08145695805807787
0.0,0.9185430569141285,0.08145694308587147
0.0,0.9185430716787377,0.08145692832126225
0.0,0.9185430863496854,0.08145691365031464
0.0,0.918543100978375,0.081456899021625
0.0,0.9185431155879981,0.08145688441200193
0.0,0.9185431301890177,0.0814568698109823
0.0,0.9185431447861545,0.08145685521384555
0.0,0.9185431593940614,0.0814568406059386
0.0,0.9185431740759628,0.08145682592403722
0.0,0.9185431889271534,0.08145681107284672
0.0,0.9185432041414135,0.08145679585858642
0.0,0.9185432201057616,0.08145677989423833
0.0,0.9185432375390832,0.08145676246091689
0.0,0.9185432576793083,0.08145674232069158
0.0,0.9185432826072901,0.08145671739270989
0.0,0.9185433161393135,0.08145668386068644
0.0,0.9185433666952929,0.08145663330470716
0.0,0.9185434587318295,0.08145654126817047
0.0,0.9185437013135105,0.08145629868648954
0.0,0.9185449197844835,0.08145508021551649
0.0,0.918544953006678,0.08145504699332191
