0.8,0.1,0.1
0.7984612698459491,0.10180226430044013,0.09973646585361078
0.7907959439019508,0.11068703303019554,0.0985170230678536
0.7890629524118726,0.1126766553388262,0.09826039224930118
0.7738845602001648,0.12986732843338183,0.09624811136645336
0.6785936059480508,0.23301668679544973,0.08838970725649943
0.5009610012610254,0.41805323244039816,0.08098576629857653
0.3310963555351758,0.592026402366374,0.07687724209845014
0.2079885928693618,0.7172370594961162,0.07477434763452208
0.1343478234876146,0.7919047853519052,0.07374739116048022
0.07174852294809339,0.8552717810947257,0.07297969595718094
0.023485505934678207,0.9040710200870518,0.0724434739782701
0.015737446544796904,0.9119011205052991,0.07236143294990396
0.008487971357425723,0.9192264040208415,0.07228562462173274
0.003801094428824153,0.9239618142732425,0.0722370912979333
0.0016869111885754854,0.926097774303557,0.07221531450786761
0.0007476267769781581,0.9270467163314718,0.07220565689154995
0.0003311426942865666,0.9274674848995924,0.07220137240612098
0.0001466321607887397,0.9276538996311752,0.07219946820803609
0.0,0.9277966943246819,0.07220330567531807
0.0,0.927799690055597,0.07220030994440292
0.0,0.9278010233351971,0.07219897666480299
0.0,0.927801620624438,0.07219837937556196
0.0,0.9278018920812046,0.07219810791879537
0.0,0.9278020192878542,0.0721979807121458
0.0,0.9278020826332004,0.07219791736679958
0.0,0.9278021177063674,0.0721978822936325
0.0,0.9278021402630966,0.07219785973690332
0.0,0.9278021572786463,0.07219784272135366
0.0,0.9278021718410479,0.07219782815895211
0.0,0.9278021853174102,0.07219781468258984
0.0,0.9278021983129686,0.07219780168703134
0.0,0.9278022110956685,0.07219778890433155
0.0,0.927802223784132,0.07219777621586797
0.0,0.927802236430875,0.07219776356912504
0.0,0.9278022490591465,0.07219775094085344
0.0,0.9278022616792395,0.07219773832076046
0.0,0.9278022742957106,0.0721977257042894
0.0,0.9278022869105771,0.07219771308942291
0.0,0.9278022995247321,0.07219770047526794
0.0,0.9278023121385709,0.07219768786142909
0.0,0.9278023249727773,0.07219767502722277
0.0,0.9278023384302349,0.07219766156976519
0.0,0.9278023531262417,0.07219764687375826
0.0,0.9278023701025464,0.07219762989745357
0.0,0.9278023911061766,0.07219760889382346
0.0,0.9278024193371955,0.07219758066280446
0.0,0.9278024618453578,0.07219753815464225
0.0,0.9278025390972189,0.07219746090278109
0.0,0.9278027448657973,0.07219725513420269
0.0,0.9278035097661572,0.07219649023384277
0.0,0.9278065692928661,0.07219343070713394
0.0,0.9278177986879319,0.07218220131206811
0.0,0.9278228682075484,0.07217713179245151
