0.05,0.15,0.8
0.05305099989931046,0.14965963646080657,0.797289363639883
0.07776237022922752,0.14690976931809296,0.7753278604526795
0.0822477662859632,0.1464119845493174,0.7713402491647194
0.12573593733240065,0.14160846533582178,0.7326555973317775
0.22910461265635887,0.13037945654873748,0.6405159307949037
0.3506393333715317,0.11764435972299649,0.5317163069054719
0.43500793867254595,0.10932159229973096,0.4556704690277231
0.532880071869942,0.10089855663416498,0.36622137149589296
0.6202927268108608,0.09675445342775581,0.2829528197613835
0.6864016804393392,0.1043383763714152,0.2092599431892455
0.7047715936331598,0.12655763409227092,0.1686707722745694
0.687328896637752,0.17301890273658424,0.13965220062566389
0.61186651523086,0.27135606389119954,0.11677742087794044
0.4671350248784929,0.4313974570779325,0.10146751804357465
0.296554355162872,0.6106288440909718,0.09281680074615611
0.18416196002634325,0.7266759186366094,0.08916212133704737
0.1174782638485362,0.7950901615443398,0.08743157460712403
0.06185417666112889,0.8519731595968063,0.0861726637420648
0.023539939488495053,0.891073475335389,0.08538658517611585
0.008682068224011174,0.9062204294459025,0.08509750233008632
0.004037599159168734,0.9109535769310211,0.08500882390981025
0.0022782898722680284,0.9127462760123781,0.08497543411535377
0.001055808290909194,0.913991899978711,0.08495229173037974
0.0004769549117179664,0.914581700944371,0.08494134414391113
0.00021525381840708938,0.9148483559970264,0.0849363901845665
0.0,0.9150576032709473,0.0849423967290527
0.0,0.9150631522392147,0.08493684776078535
0.0,0.9150656642483279,0.08493433575167211
0.0,0.9150668060867765,0.08493319391322357
0.0,0.9150673297542705,0.08493267024572948
0.0,0.9150675745261393,0.08493242547386073
0.0,0.9150676934708406,0.08493230652915935
0.0,0.9150677556471036,0.0849322443528963
0.0,0.9150677922116094,0.08493220778839065
0.0,0.9150678172210666,0.0849321827789335
0.0,0.9150678370173261,0.08493216298267384
0.0,0.9150678544615892,0.08493214553841076
0.0,0.9150678708447202,0.08493212915527984
0.0,0.9150678867491076,0.08493211325089245
0.0,0.9150679024375029,0.08493209756249717
0.0,0.9150679180284493,0.08493208197155062
0.0,0.9150679335754293,0.08493206642457064
0.0,0.9150679491025719,0.08493205089742807
0.0,0.9150679646207632,0.0849320353792368
0.0,0.9150679801349146,0.08493201986508539
0.0,0.9150679956618545,0.08493200433814556
0.0,0.9150680112692913,0.0849319887307087
0.0,0.9150680270604399,0.08493197293956012
0.0,0.9150680432452534,0.0849319567547466
0.0,0.9150680602423976,0.0849319397576024
0.0,0.9150680788277765,0.08493192117222349
0.0,0.915068100335451,0.08493189966454893
0.0,0.9150681270095382,0.08493187299046179
0.0,0.9150681629814534,0.08493183701854655
0.0,0.9150682174220643,0.08493178257793561
0.0,0.9150683172100974,0.08493168278990265
0.0,0.915068583980135,0.08493141601986497
0.0,0.9150699464850879,0.08493005351491219
0.0,0.9150808458108864,0.08491915418911357
0.0,0.9150917812954346,0.08490821870456546
