0.25,0.15,0.6
0.2591817968859115,0.14887272175515837,0.5919454813589301
0.31413424613496915,0.1422202895595323,0.5436454643054985
0.32367455406785106,0.14108421194416815,0.5352412339879808
0.39711373442296244,0.1325918236641591,0.47029444191287845
0.5225709603441538,0.12008154297309082,0.3573474966827553
0.6028679700207529,0.11614435863659793,0.2809876713426492
0.6726350434817195,0.13014096194911576,0.19722399456916465
0.6782724878151448,0.1605890322782676,0.16113847990658753
0.6374187235013513,0.23063133462541197,0.13194994187323672
0.5171474143360888,0.3725679392623795,0.11028464640153171
0.3490258108282975,0.552774983926434,0.09819920524526855
0.20887373957314978,0.6986244610489608,0.09250179937788944
0.1107188199898385,0.7996587363131609,0.08962244369700073
0.05266905771633287,0.8591271350456755,0.08820380723799162
0.024562696193891145,0.8878598051912298,0.0875774986148791
0.011227853557644673,0.9014794705979091,0.08729267584444626
0.005084678423906156,0.9077513389115902,0.0871639826645037
0.0022928339647206994,0.910601163483374,0.08710600255190531
0.0010319062118403675,0.9118881823064835,0.08707991148167621
0.0004640110562711714,0.9124678161147547,0.08706817282897417
0.00020856700117594725,0.9127285449479279,0.08706288805089617
0.0,0.9129313346865545,0.0870686653134455
0.0,0.9129369087515901,0.08706309124840991
0.0,0.9129394223348822,0.0870605776651178
0.0,0.9129405607029248,0.08705943929707517
0.0,0.912941081126089,0.08705891887391105
0.0,0.9129413238798969,0.08705867612010308
0.0,0.9129414418649697,0.08705855813503029
0.0,0.9129415037861306,0.0870584962138694
0.0,0.9129415405153913,0.08705845948460862
0.0,0.912941565924861,0.08705843407513901
0.0,0.9129415862478673,0.08705841375213279
0.0,0.9129416042853087,0.08705839571469136
0.0,0.9129416212957477,0.08705837870425234
0.0,0.9129416378447096,0.0870583621552904
0.0,0.9129416541863089,0.08705834581369108
0.0,0.91294167043473,0.08705832956527004
0.0,0.9129416866412806,0.08705831335871941
0.0,0.9129417028290155,0.08705829717098441
0.0,0.9129417190082944,0.08705828099170558
0.0,0.9129417351837721,0.08705826481622794
0.0,0.9129417513575402,0.08705824864245984
0.0,0.9129417675305386,0.08705823246946139
0.0,0.9129417837031897,0.08705821629681029
0.0,0.9129417998756832,0.08705820012431677
0.0,0.9129418166833232,0.08705818331667683
0.0,0.9129418360346291,0.08705816396537101
0.0,0.9129418572584399,0.08705814274156007
0.0,0.9129418834858368,0.08705811651416316
0.0,0.9129419182935069,0.08705808170649314
0.0,0.912941969526403,0.08705803047359705
0.0,0.9129420586525938,0.08705794134740627
0.0,0.9129422718128463,0.08705772818715382
0.0,0.9129431008863137,0.08705689911368618
0.0,0.9129445718905014,0.08705542810949851
0.0,0.9129495357786735,0.08705046422132638
0.0,0.9129660815468503,0.08703391845314963
