0.4,0.15,0.45
0.4084804949237807,0.14897115226791874,0.4425483528083006
0.4510237205080336,0.1440360234630378,0.40494025602892864
0.4586661027230124,0.143198268672048,0.3981356286049397
0.5130595477528449,0.137879365875915,0.34906108637124017
0.6044716503225034,0.13497529860770066,0.26055305106979587
0.6550134188500675,0.15443819505038647,0.19054838609954605
0.6533852736215078,0.1866453531263956,0.1599693732520967
0.6014616728774965,0.2678036701909571,0.13073465693154654
0.47852511758543137,0.4105955722374751,0.1108793101770936
0.31596833661939894,0.5845251141295242,0.0995065492510768
0.19632751849120583,0.7091770981685521,0.09449538334024198
0.12673289036944965,0.7810098261579121,0.09225728347263813
0.060753990348353104,0.8487913858090406,0.09045462384260632
0.0216771049842968,0.8888181175758864,0.08950477743981686
0.009392510330753301,0.9013856047545515,0.08922188491469521
0.004032872996540701,0.9068664676478118,0.08910065935564754
0.0017247931923798183,0.9092263583829859,0.08904884842463429
0.0007364192401926475,0.9102368555300222,0.08902672522978515
0.00031419489153745156,0.910668527499985,0.08901727760847758
0.00013401054633486277,0.91085275139116,0.08901323806250512
0.0,0.9109834074657243,0.0890165925342757
0.0,0.9109870746430513,0.08901292535694862
0.0,0.9109886486330144,0.08901135136698551
0.0,0.9109893300367827,0.08901066996321726
0.0,0.9109896308211054,0.08901036917889464
0.0,0.9109897693006814,0.08901023069931854
0.0,0.9109898385698814,0.08901016143011872
0.0,0.9109898783262361,0.08901012167376388
0.0,0.9109899054976585,0.08901009450234162
0.0,0.9109899273025855,0.08901007269741444
0.0,0.9109899468191192,0.08901005318088086
0.0,0.9109899653598296,0.08901003464017046
0.0,0.9109899834844256,0.08901001651557433
0.0,0.9109900014315797,0.08900999856842029
0.0,0.9109900193030668,0.08900998069693326
0.0,0.9109900371422859,0.08900996285771415
0.0,0.9109900549677433,0.08900994503225663
0.0,0.9109900727873308,0.0890099272126692
0.0,0.9109900906044132,0.08900990939558676
0.0,0.9109901084204256,0.08900989157957433
0.0,0.91099012623598,0.08900987376402003
0.0,0.9109901440513372,0.08900985594866292
0.0,0.9109901618666082,0.08900983813339175
0.0,0.9109901808906985,0.0890098191093015
0.0,0.9109902031012899,0.08900979689871018
0.0,0.9109902301264822,0.08900976987351783
0.0,0.9109902645089494,0.08900973549105061
0.0,0.9109903194639953,0.0890096805360047
0.0,0.9109904208446122,0.08900957915538779
0.0,0.9109906803393389,0.08900931966066108
0.0,0.9109919117329689,0.0890080882670311
0.0,0.9110016211017244,0.08899837889827554
0.0,0.9110149197091005,0.08898508029089953
