0.25,0.05,0.7
0.26110286113811965,0.049522332125042694,0.6893748067368376
0.3319306532148145,0.046501183460871,0.6215681633243144
0.3436924446595528,0.04600440670309493,0.6103031486373524
0.4336605477687698,0.04226833064141923,0.5240711215898111
0.5645340159418045,0.037243879902639505,0.39822210415555603
0.6524506739929807,0.0347518782246494,0.31279744778236995
0.729848417194776,0.03514774207926327,0.23500384072596064
0.7689212874010469,0.03959427479844289,0.19148443780051017
0.7911303569011153,0.05133446603375587,0.15753517706512887
0.7902289186629721,0.07729836300891761,0.13247271832811042
0.7530690831959584,0.13351459907639723,0.11341631772764432
0.655762361150178,0.24532964463188014,0.0989079942179417
0.526193604790173,0.3834701943294433,0.0903362008803838
0.35210507235383376,0.5639591143729681,0.08393581327319818
0.22932937052068586,0.6897048864381523,0.08096574304116187
0.1373984426104637,0.7833737032744512,0.07922785411508512
0.06555182540336342,0.8563687659314219,0.07807940866521457
0.02373576206391982,0.8987847058125725,0.07747953212350765
0.01169411016361615,0.9109908621108357,0.07731502772554824
0.005624150944122055,0.9171424352063248,0.07723341384955322
0.0024918500757026493,0.9203165189624877,0.0771916309618097
0.0011017578373223264,0.9217250887343068,0.07717315342837089
0.00048668886076091154,0.9223483268539572,0.07716498428528201
0.00021490188729121837,0.922623728572702,0.0771613695400068
0.0,0.9228329128010955,0.07716708719890454
0.0,0.9228377179334212,0.07716228206657887
0.0,0.9228398467629293,0.0771601532370708
0.0,0.9228407942195304,0.07715920578046961
0.0,0.9228412201965762,0.0771587798034238
0.0,0.9228414159833858,0.07715858401661421
0.0,0.922841510160254,0.07715848983974606
0.0,0.9228415594847563,0.07715844051524366
0.0,0.9228415890106607,0.07715841098933927
0.0,0.9228416097971273,0.07715839020287281
0.0,0.9228416267258568,0.07715837327414322
0.0,0.922841641951715,0.07715835804828504
0.0,0.9228416564258958,0.07715834357410421
0.0,0.9228416705682724,0.07715832943172769
0.0,0.9228416845641836,0.07715831543581643
0.0,0.9228416984954413,0.07715830150455866
0.0,0.9228417123981587,0.0771582876018413
0.0,0.9228417262882765,0.07715827371172343
0.0,0.9228417401728315,0.07715825982716848
0.0,0.9228417540549297,0.07715824594507036
0.0,0.922841767935942,0.07715823206405799
0.0,0.9228417818164738,0.07715821818352618
0.0,0.9228417956967921,0.07715820430320777
0.0,0.9228418095770151,0.07715819042298484
0.0,0.922841824039103,0.07715817596089697
0.0,0.922841840323793,0.07715815967620697
0.0,0.9228418606728882,0.07715813932711177
0.0,0.9228418867590589,0.07715811324094107
0.0,0.9228419234980284,0.07715807650197158
0.0,0.9228419830065928,0.07715801699340724
0.0,0.9228421071844497,0.07715789281555027
0.0,0.9228425691034696,0.07715743089653032
0.0,0.9228434681013059,0.07715653189869406
