0.2,0.2,0.6
0.20766706737373478,0.1988022639482435,0.5935306686780217
0.2549038056883046,0.19151305028610985,0.5535831440255856
0.2632872610989297,0.19023737644065936,0.5464753624604111
0.3303079467059096,0.18028668656680577,0.4894053667272845
0.4781031890002647,0.16128361840995695,0.3606131925897783
0.5687292253168009,0.1562225820760943,0.2750481926071048
0.6227780788370887,0.16889586568951903,0.20832605547339234
0.627869620032302,0.20680389237939162,0.16532648758830643
0.5774853315271073,0.287878403158832,0.13463626531406073
0.45058061233673447,0.4362058047912706,0.11321358287199496
0.292861423865586,0.6053874665321567,0.10175110960225738
0.17894879961439364,0.7243346450603719,0.09671655532523438
0.11649831200624489,0.7889342407559813,0.09456744723777387
0.054982406017603076,0.8522686638358334,0.09274893014656349
0.017663525786576255,0.8905731841472696,0.09176329006615419
0.00790802185415911,0.9005735750758803,0.0915184030699606
0.003515286690522014,0.9050749609582569,0.09140975235122109
0.0015576382048527963,0.9070807206232309,0.09136164117191639
0.0006892166934299563,0.9079704317849787,0.09134035152159137
0.00030476964908916407,0.9083643013354356,0.09133092901547527
0.0001347307417750685,0.9085385152726687,0.0913267539855562
0.0,0.9086696622470086,0.09133033775299128
0.0,0.9086735272828036,0.09132647271719642
0.0,0.908675245446732,0.09132475455326806
0.0,0.9086760147389424,0.09132398526105749
0.0,0.9086763646513389,0.09132363534866113
0.0,0.9086765292076189,0.09132347079238115
0.0,0.9086766118408655,0.09132338815913454
0.0,0.9086766582660749,0.0913233417339251
0.0,0.9086766886881935,0.09132331131180654
0.0,0.9086767120373267,0.09132328796267326
0.0,0.9086767322603683,0.09132326773963173
0.0,0.9086767511017506,0.0913232488982494
0.0,0.9086767693324711,0.09132323066752894
0.0,0.9086767872932919,0.09132321270670803
0.0,0.9086768051348221,0.09132319486517794
0.0,0.9086768229236268,0.09132317707637323
0.0,0.9086768406891264,0.09132315931087359
0.0,0.9086768584443241,0.09132314155567597
0.0,0.9086768761949667,0.09132312380503332
0.0,0.9086768939435944,0.09132310605640556
0.0,0.9086769116913298,0.0913230883086701
0.0,0.9086769294386693,0.09132307056133074
0.0,0.9086769471858319,0.09132305281416815
0.0,0.9086769653052275,0.09132303469477256
0.0,0.908676985089959,0.09132301491004102
0.0,0.9086770079038207,0.09132299209617928
0.0,0.908677035542117,0.09132296445788303
0.0,0.9086770719123632,0.09132292808763678
0.0,0.9086771289142552,0.09132287108574481
0.0,0.9086772341818937,0.09132276581810629
0.0,0.9086775032605776,0.09132249673942242
0.0,0.9086787783588525,0.0913212216411476
0.0,0.9086888094592547,0.09131119054074538
0.0,0.9087022872669612,0.09129771273303876
