0.15,0.25,0.6
0.15598061849831693,0.24888047340530564,0.5951389080963774
0.19399968547491064,0.24183274808061983,0.5641675664444695
0.20088799696589874,0.2405696814768124,0.5585423215572889
0.2583188608052968,0.23023660092445808,0.5114445382702452
0.3849675433798784,0.20940173105002854,0.4056307255700931
0.48807925185147394,0.19741357229151257,0.3145071758570135
0.5507063508566007,0.19876360027915024,0.2505300488642492
0.5826237811056869,0.24078853400813816,0.1765876848861749
0.5301071275636239,0.32988450846401474,0.14000836397236138
0.4109234447827739,0.47075972252939974,0.1183168326878264
0.2590319739678604,0.6348575037077363,0.1061105223244033
0.19732133536930135,0.6998168828425275,0.10286178178817115
0.11878605788351275,0.7817003144967288,0.09951362761975852
0.056574816339872644,0.8461079839787142,0.09731719968141311
0.02015234812466047,0.8836709593919766,0.0961766924833629
0.009585708988409117,0.8945510914055774,0.09586319960601344
0.004524906767046141,0.8997594535751261,0.09571563965782784
0.002128224258215798,0.9022254530396164,0.09564632270216783
0.000999263769926928,0.9033869483485676,0.09561378788150553
0.00046880519532871103,0.9039326754409004,0.09559851936377099
0.00021985689802859153,0.9041887926336191,0.09559135046835227
0.00010308857401331214,0.9043089315426828,0.09558797988330392
0.0,0.9044089895461879,0.09559101045381213
0.0,0.9044121983803792,0.09558780161962079
0.0,0.9044137121275675,0.09558628787243247
0.0,0.904414431187383,0.0955855688126171
0.0,0.9044147776844501,0.09558522231554982
0.0,0.9044149495180973,0.0955850504819027
0.0,0.9044150394667736,0.09558496053322645
0.0,0.9044150910264952,0.0955849089735048
0.0,0.9044151245888781,0.09558487541112203
0.0,0.904415149713829,0.09558485028617109
0.0,0.9044151708831805,0.09558482911681948
0.0,0.9044151901980849,0.09558480980191505
0.0,0.9044152086435946,0.09558479135640532
0.0,0.9044152266815173,0.09558477331848264
0.0,0.9044152445283555,0.0955847554716445
0.0,0.9044152622856088,0.09558473771439123
0.0,0.9044152800008617,0.09558471999913827
0.0,0.9044152976964227,0.09558470230357724
0.0,0.9044153153827504,0.09558468461724963
0.0,0.9044153330647476,0.09558466693525233
0.0,0.9044153507447132,0.09558464925528672
0.0,0.9044153684237248,0.09558463157627513
0.0,0.9044153861022877,0.09558461389771236
0.0,0.9044154037806384,0.09558459621936154
0.0,0.9044154214588883,0.09558457854111166
0.0,0.904415440309517,0.09558455969048296
0.0,0.9044154613091889,0.09558453869081111
0.0,0.9044154858998666,0.09558451410013333
0.0,0.9044155151170067,0.09558448488299327
0.0,0.9044155536373462,0.09558444636265383
0.0,0.9044156205059865,0.09558437949401354
0.0,0.9044157484339401,0.09558425156605994
0.0,0.9044161061180576,0.09558389388194252
0.0,0.904417948922862,0.095582051077138
0.0,0.9044326902174978,0.09556730978250214
0.0,0.904441794004017,0.09555820599598304
