0.65,0.25,0.1
0.6465448016496568,0.2537814958248938,0.09967370252544948
0.6302861021568619,0.2714813073254473,0.09823259051769086
0.6265695551547384,0.27550741029122106,0.09792303455404047
0.5952323764604098,0.30921139335160563,0.09555623018798455
0.41804853276428955,0.4950643167810369,0.08688715045467357
0.23597087536303235,0.6821873098781477,0.08184181475881999
0.11213587434986781,0.8083980396119221,0.07946608603821004
0.04812706512814774,0.8734192065284326,0.07845372834341972
0.021553569570567126,0.9003785238110167,0.07806790661841627
0.013495883337653254,0.9085495833811955,0.07795453328115118
0.006657430698192926,0.9154829927928794,0.07785957650892772
0.0031519612320724723,0.9190367001064276,0.0778113386614999
0.001475429206942809,0.9207362044229414,0.07778836637011592
0.00066515077245545,0.9215575686166542,0.07777728061089043
0.0002997036578548116,0.9219280179284618,0.07777227841368341
0.0001350083087445763,0.9220949740814214,0.07777001760983401
0.0,0.9222262787202335,0.07777372127976638
0.0,0.9222293476822672,0.07777065231773286
0.0,0.9222307374230367,0.0777692625769633
0.0,0.9222313708655386,0.0777686291344614
0.0,0.9222316636823997,0.0777683363176003
0.0,0.9222318030866274,0.07776819691337258
0.0,0.9222318733961608,0.07776812660383929
0.0,0.9222319125865122,0.0777680874134879
0.0,0.9222319377612668,0.07776806223873325
0.0,0.922231956623614,0.07776804337638595
0.0,0.9222319726429506,0.0777680273570494
0.0,0.9222319873818384,0.07776801261816152
0.0,0.9222320015440312,0.07776799845596885
0.0,0.9222320154464883,0.07776798455351182
0.0,0.9222320292319631,0.07776797076803683
0.0,0.92223204296475,0.07776795703524995
0.0,0.9222320566738059,0.07776794332619415
0.0,0.9222320703721723,0.07776792962782765
0.0,0.9222320840657233,0.07776791593427669
0.0,0.9222320977571044,0.07776790224289576
0.0,0.9222321114475066,0.07776788855249339
0.0,0.922232125137467,0.07776787486253296
0.0,0.9222321388272272,0.0777678611727728
0.0,0.9222321529303684,0.07776784706963158
0.0,0.9222321681175971,0.07776783188240284
0.0,0.9222321847206014,0.07776781527939855
0.0,0.9222322055253969,0.0777677944746031
0.0,0.9222322323069702,0.07776776769302987
0.0,0.9222322702476937,0.07776772975230625
0.0,0.9222323322919975,0.07776766770800247
0.0,0.9222324639100319,0.07776753608996809
0.0,0.9222329397539386,0.07776706024606146
0.0,0.9222367464092148,0.07776325359078519
0.0,0.9222541434576447,0.07774585654235536
