0.45,0.05,0.5
0.4604599290882192,0.049500866298798143,0.49003920461298267
0.5142946974459089,0.04700766954013466,0.4386976330139564
0.5233975599604537,0.046602284271530826,0.43000015576801554
0.5867579345580127,0.04399359919770579,0.3692484662442814
0.6876629608678198,0.041762341476181596,0.2705746976559986
0.7552715651327886,0.046749851392292555,0.19797858347491876
0.7795921086422691,0.06026844873607367,0.1601394426216571
0.7776767526433066,0.087212343670101,0.13511090368659234
0.7376989362559264,0.14733446825133,0.1149665954927436
0.6375949957384772,0.2623374501322154,0.10006755412930747
0.5196012367979683,0.38841399789075337,0.09198476531127835
0.34573567577665215,0.5690300432962776,0.0852342809270703
0.22767009196124546,0.690105152020817,0.08222475601793754
0.13857309023387657,0.7809850483444768,0.08044186142164667
0.06633300005956186,0.8544472538740432,0.079219746066395
0.024408648550162615,0.8970067579410137,0.07858459350882373
0.012017758730825128,0.9095762152524598,0.07840602601671513
0.005783060420000924,0.915899283619851,0.07831765596014817
0.002560828810002798,0.9191668108048098,0.07827236038518748
0.0011315418515763,0.9206161148875003,0.07825234326092352
0.0004995140874179392,0.9212569859869689,0.0782434999256132
0.0002204156167820759,0.9215399943788546,0.07823959000436338
0.0,0.9217545340540999,0.0782454659459001
0.0,0.9217595588433831,0.07824044115661684
0.0,0.9217617832726225,0.07823821672737748
0.0,0.9217627724175457,0.07823722758245437
0.0,0.9217632166604276,0.07823678333957232
0.0,0.9217634205394095,0.07823657946059043
0.0,0.9217635183905974,0.07823648160940257
0.0,0.9217635694714963,0.07823643052850372
0.0,0.9217635999213938,0.07823640007860623
0.0,0.9217636212706805,0.07823637872931946
0.0,0.9217636386055658,0.07823636139443421
0.0,0.9217636541696441,0.0782363458303559
0.0,0.9217636689525948,0.07823633104740521
0.0,0.9217636833909785,0.07823631660902153
0.0,0.9217636976773679,0.07823630232263216
0.0,0.9217637118967091,0.07823628810329081
0.0,0.9217637260864735,0.07823627391352651
0.0,0.9217637402631896,0.07823625973681038
0.0,0.9217637544341487,0.07823624556585122
0.0,0.9217637686025671,0.07823623139743291
0.0,0.9217637827698634,0.07823621723013667
0.0,0.9217637969366633,0.07823620306333672
0.0,0.921763811103243,0.078236188896757
0.0,0.9217638252697242,0.07823617473027573
0.0,0.9217638400016923,0.07823615999830767
0.0,0.9217638565724809,0.07823614342751904
0.0,0.921763877274457,0.07823612272554303
0.0,0.9217639037890678,0.07823609621093223
0.0,0.9217639410851887,0.07823605891481136
0.0,0.9217640013750565,0.07823599862494345
0.0,0.9217641267167672,0.07823587328323287
0.0,0.9217645923669797,0.07823540763302035
0.0,0.921765511735303,0.07823448826469705
