0.5,0.3,0.2
0.5000704003075375,0.30181624398987067,0.19811335570259184
0.49944521072604237,0.3096747026471396,0.19088008662681805
0.4990722079723661,0.31174277898660635,0.18918501304102753
0.49317470589113555,0.32998601489072366,0.17683927921814088
0.41300993868186475,0.4474883783959108,0.13950168292222434
0.25288156334159295,0.6292627406617047,0.1178556959967022
0.15081498404606986,0.738489063160608,0.1106959527933221
0.08176405246244238,0.8111584067456225,0.10707754079193524
0.03612893409752462,0.858819045792558,0.10505202010991747
0.01654771104175491,0.8791971865396973,0.1042551024185479
0.009246039887815445,0.886786054638832,0.1039679054733526
0.004402290316485097,0.8918174777957625,0.10378023188775248
0.0020823989700689853,0.8942264725093212,0.10369112852060981
0.0009513782911191613,0.8954007613728608,0.10364786033602007
0.0004342651460655573,0.8959376285646504,0.10362810628928398
0.0001981434222098447,0.89618277332609,0.10361908325170023
0.0,0.896375677313652,0.10362432268634804
0.0,0.8963809817316173,0.10361901826838274
