0.6000000000000001,0.30000000000000004,0.10000000000000002
0.5961021412387103,0.3042242285647031,0.09967363019658661
0.5780653499079169,0.3236826417303855,0.09825200836169744
0.578065349907917,0.3236826417303856,0.09825200836169745
0.573934871931629,0.3281198948950577,0.09794523317331326
0.5395324907657905,0.3648491334557177,0.0956183757784918
0.3520164831124902,0.5607453916020053,0.08723812528550445
0.21329427015512786,0.7032455009064579,0.08346022893841422
0.10749543470633804,0.8112028021753708,0.08130176311829126
0.04727059421784676,0.8724613845833973,0.08026802119875602
0.01740767607031755,0.9027942918845431,0.07979803204513941
0.011284686981502702,0.9090104930395764,0.07970481997892093
0.005810563997504354,0.9145670820641133,0.07962235393838238
0.0026159756100300256,0.9178094284200727,0.07957459596989723
0.0011752497340529766,0.9192716108784541,0.07955313938749296
0.0005274882848581421,0.9199290091407106,0.0795435025744313
0.00023665164948875439,0.9202241767758279,0.07953917157468339
0.00010615067921401395,0.9203566282047277,0.07953722111605831
0.0,0.9204598746068676,0.07954012539313236
0.0,0.9204623668443872,0.07953763315561276
0.0,0.9204634924071122,0.07953650759288784
0.0,0.9204639854666883,0.07953601453331181
