0.1,0.35,0.55
0.10367354122663346,0.3491040839576504,0.5472223748157161
0.12667686323620145,0.3435376138409855,0.529785522922813
0.1310104635300735,0.34249784358703306,0.5264916928828935
0.16847589801749308,0.3336414166637889,0.497882685318718
0.27546166839278013,0.31019340875291057,0.4143449228543094
0.36322639560200976,0.29498578614849685,0.34178781824949334
0.42632989892417195,0.29051864172088343,0.2831514593549446
0.4730683659816755,0.30589343464350377,0.22103819937482078
0.4492942958994937,0.38911473232067373,0.16159097177983242
0.34636045901085294,0.5205911137351675,0.13304842725397953
0.20399725277491051,0.6786544963923763,0.11734825083271318
0.09938102371210528,0.7900408895397175,0.1105780867481772
0.0432669776937859,0.8489571472929337,0.1077758750132805
0.028646630895504992,0.8642379716395755,0.10711539746491948
0.014205036596674868,0.8793072395823625,0.10648772382096273
0.006096838543145686,0.887757658133903,0.10614550332295139
0.0025985347039840334,0.8914014471354569,0.10600001816055904
0.0011042032675916836,0.892957544267103,0.10593825246530533
0.000468612827273781,0.8936193486120406,0.10591203856068562
0.00019876655738090083,0.8939003251516375,0.1059009082909815
0.0,0.8940948982025833,0.10590510179741666
0.0,0.8941020605601709,0.10589793943982911
0.0,0.8941051109945765,0.10589488900542349
0.0,0.8941064179945812,0.10589358200541878
0.0,0.894106985792852,0.10589301420714807
0.0,0.8941072401767373,0.10589275982326274
0.0,0.8941073616761492,0.10589263832385078
0.0,0.8941074268339512,0.10589257316604887
0.0,0.8941074681035146,0.10589253189648531
0.0,0.8941074992447224,0.10589250075527758
0.0,0.8941075260916157,0.10589247390838431
0.0,0.8941075511177643,0.10589244888223563
0.0,0.8941075753719349,0.10589242462806514
0.0,0.8941075992987926,0.10589240070120745
0.0,0.8941076230868705,0.1058923769131294
0.0,0.894107646816105,0.10589235318389505
0.0,0.8941076705203875,0.1058923294796124
0.0,0.8941076942140882,0.10589230578591173
0.0,0.8941077179032996,0.10589228209670036
0.0,0.8941077415906049,0.10589225840939512
0.0,0.8941077652770992,0.1058922347229007
0.0,0.8941077889632472,0.10589221103675278
0.0,0.8941078126492455,0.10589218735075447
0.0,0.8941078370425831,0.10589216295741685
0.0,0.8941078646134756,0.1058921353865244
0.0,0.8941078977874684,0.10589210221253162
0.0,0.8941079406386384,0.1058920593613616
0.0,0.8941080013080964,0.10589199869190348
0.0,0.8941081001102137,0.10589189988978635
0.0,0.8941083075278118,0.10589169247218826
0.0,0.8941090184194379,0.10589098158056214
0.0,0.8941099240540908,0.10589007594590924
