0.2,0.35,0.45
0.20506674377398,0.34882541191594285,0.44610784431007716
0.23202529027044017,0.3427291795400594,0.4252455301895005
0.23724865018760208,0.34158112565834103,0.42117022415405697
0.2783144764342518,0.3330243592259364,0.3886611643398119
0.38735838332639616,0.31846132679987754,0.29418028987372635
0.439752784682111,0.3307282712520635,0.22951894406582551
0.43784980850533295,0.38264419269706357,0.17950599879760357
0.3562231163392803,0.5003968021161797,0.1433800815445402
0.2251536723434788,0.6507196827104804,0.12412664494604092
0.11165854875741346,0.7731920607320975,0.11514939051048921
0.05789688480570827,0.8300985617009811,0.11200455349331052
0.023312250465359,0.8664542115634546,0.11023353797118648
0.009917692602950653,0.880489399135854,0.10959290826119546
0.005176329941159319,0.8854520155783598,0.10937165448048075
0.002343931544691824,0.8884152639338823,0.10924080452142587
0.0010450555393341759,0.8897738283789569,0.10918111608170884
0.0004654267693930068,0.8903800400188232,0.10915453321178376
0.0002071801863464597,0.8906501301788632,0.10914268963479032
0.0,0.8908525299855912,0.10914747001440886
0.0,0.8908604798376286,0.10913952016237143
0.0,0.8908640303356143,0.10913596966438567
0.0,0.8908656232523278,0.10913437674767225
0.0,0.8908663451115066,0.10913365488849329
0.0,0.8908666793810684,0.10913332061893163
0.0,0.89086684118736,0.10913315881264005
0.0,0.8908669262538437,0.10913307374615625
0.0,0.8908669771739529,0.10913302282604709
0.0,0.8908670129001922,0.10913298709980779
0.0,0.8908670418657233,0.10913295813427673
0.0,0.8908670678229892,0.10913293217701082
0.0,0.8908670924416872,0.10913290755831277
0.0,0.8908671164647702,0.10913288353522972
0.0,0.8908671402228245,0.10913285977717542
0.0,0.8908671638629485,0.10913283613705144
0.0,0.8908671874505956,0.10913281254940448
0.0,0.8908672110148897,0.10913278898511025
0.0,0.8908672345687904,0.10913276543120962
0.0,0.8908672581180638,0.10913274188193618
0.0,0.8908672816652758,0.10913271833472418
0.0,0.8908673052115681,0.10913269478843189
0.0,0.8908673289688024,0.10913267103119757
0.0,0.8908673535015976,0.10913264649840233
0.0,0.8908673796444659,0.10913262035553406
0.0,0.8908674088578956,0.10913259114210438
0.0,0.8908674435958429,0.10913255640415702
0.0,0.89086748808371,0.10913251191629003
0.0,0.8908675506315767,0.10913244936842328
0.0,0.8908676516498836,0.10913234835011627
0.0,0.8908678608455396,0.10913213915446048
0.0,0.8908685880393309,0.10913141196066918
0.0,0.8908695237802335,0.10913047621976647
