0.05,0.25,0.7
0.05087105347365917,0.23798831132927672,0.711140635197064
0.05354486702368987,0.19483365189175705,0.7516214810845531
0.05530840622102368,0.16267178065562088,0.7820198131233554
0.05583758993440064,0.152596587078283,0.7915658229873164
0.05914910876363627,0.08639531551502991,0.8544555757213338
0.0614043025120597,0.039442805062641306,0.899152892425299
0.06261265219258402,0.013999792744768733,0.9233875550626472
0.06295250420951717,0.00682297470197495,0.9302245210885078
0.0631190665410052,0.0032999309003046207,0.9335810025586901
0.06319969370098723,0.0015900415630053192,0.9352102647360074
0.06323840530304943,0.0007647560423825473,0.9359968386545681
0.06325683760493908,0.000367499322930564,0.9363756630721304
0.06326549706993384,0.00017652524234854905,0.9365579776877176
0.06326553700452026,0.00017562522970729472,0.9365588377657725
0.06326617693348678,0.000161157739530295,0.936572665326983
0.06327473746715392,0.0,0.936725262532846
0.06327358859494349,0.0,0.9367264114050564
0.06327282430725382,0.0,0.9367271756927461
0.06327224289405113,0.0,0.9367277571059488
0.06327174085549958,0.0,0.9367282591445004
0.06327127326863877,0.0,0.9367287267313612
0.06327082063589605,0.0,0.9367291793641039
0.06327037449502959,0.0,0.9367296255049704
0.06327004397058311,0.0,0.9367299560294169
0.06326957305462969,0.0,0.9367304269453703
0.06326580584476058,0.0,0.9367341941552394
0.06323567570125371,0.0,0.9367643242987462
0.06299511626981218,0.0,0.9370048837301879
0.06288962091401729,0.0,0.9371103790859826
0.0628896209140173,0.0,0.9371103790859827
0.06288915267656743,0.0,0.9371108473234325
0.06288540689414905,0.0,0.937114593105851
0.06285544813327512,0.0,0.937144551866725
0.06261625739816634,0.0,0.9373837426018338
0.060733129322524074,0.0,0.9392668706774759
0.04747449668389307,0.0,0.952525503316107
0.018349109292122724,0.0,0.9816508907078773
0.006963285138568347,0.0,0.9930367148614316
0.003157945804113919,0.0,0.9968420541958861
0.0014292183112131593,0.0,0.9985707816887869
0.0006462281078286565,0.0,0.9993537718921713
0.0002920714277373956,0.0,0.9997079285722626
0.0001319802918770281,0.0,0.999868019708123
0.00010796425213641046,0.0,0.9998920357478636
