0.05,0.3,0.65
0.0528730225270739,0.2992804858881994,0.6478464915847267
0.07534192426550634,0.2934293841095657,0.6312286916249279
0.079420245098737,0.2923163658246868,0.6282633890765762
0.09265713719880703,0.28856487147370213,0.6187779913274908
0.10972442721978148,0.2833237701230215,0.606951802657197
0.11143294357473114,0.2827669391896296,0.6058001172356392
0.11204356068539643,0.28161959891822536,0.6063368403963783
0.11212381375710159,0.2812837982632048,0.6065923879796936
0.11274357748416898,0.2785392942405743,0.6087171282752568
0.11530260574962851,0.26537747680054813,0.6193199174498234
0.11779199251249478,0.2505741423563807,0.6316338651311245
0.1252153184096373,0.1982824118127419,0.6765022697776208
0.1336724789083685,0.12880103616811173,0.7375264849235198
0.14037971373119518,0.06953316484497896,0.7900871214238259
0.14427460905754733,0.03430553848567587,0.8214198524567768
0.1465497116619937,0.013602389717552184,0.8398478986204542
0.1473053873300906,0.0067122375245760426,0.8459823751453334
0.14768043283907617,0.0032875596578971792,0.8490320075030267
0.14787958364846154,0.0014638932435840067,0.8506565231079545
0.14796783796686644,0.0006504513310320085,0.8513817107021016
0.14800650679382135,0.0002887389526293531,0.8517047542535493
0.14802310270829847,0.00012811831757680595,0.8518487789741247
0.14803830647039232,0.0,0.8519616935296077
0.14803606162451757,0.0,0.8519639383754825
0.1480344903548629,0.0,0.8519655096451372
0.1480332178843981,0.0,0.8519667821156018
0.14803207795778017,0.0,0.8519679220422198
0.1480309968267664,0.0,0.8519690031732335
0.14802994177871348,0.0,0.8519700582212866
0.14802889830340388,0.0,0.8519711016965962
0.14802785996463982,0.0,0.8519721400353603
0.14802682390757152,0.0,0.8519731760924285
0.14802578886590032,0.0,0.8519742111340997
0.1480247542779471,0.0,0.8519752457220529
0.14802371989457397,0.0,0.851976280105426
0.1480226856052737,0.0,0.8519773143947262
0.14802165136102993,0.0,0.85197834863897
0.1480206171401011,0.0,0.8519793828598989
0.14801958293284354,0.0,0.8519804170671564
0.14801854873497977,0.0,0.8519814512650202
0.1480175145446125,0.0,0.8519824854553875
0.14801648036090012,0.0,0.8519835196390998
0.14801544618346937,0.0,0.8519845538165306
0.14801441201215468,0.0,0.8519855879878453
0.14801337784688254,0.0,0.8519866221531175
0.14801233349653606,0.0,0.851987666503464
0.14801119487523273,0.0,0.8519888051247673
0.14800980562908528,0.0,0.8519901943709147
0.14800808854952252,0.0,0.8519919114504776
0.14800578553355315,0.0,0.8519942144664469
0.1480023268480421,0.0,0.851997673151958
0.1479960869148411,0.0,0.852003913085159
0.14797973873851492,0.0,0.852020261261485
0.14792751003229032,0.0,0.8520724899677097
0.14765102750482606,0.0,0.8523489724951739
0.14545455989009626,0.0,0.8545454401099039
0.1336827500289312,0.0,0.8663172499710688
0.09313400783991657,0.0,0.9068659921600835
0.032400416627801666,0.0,0.9675995833721983
0.014465573128210759,0.0,0.9855344268717893
0.0073693866100641246,0.0,0.992630613389936
0.0034456917818914325,0.0,0.9965543082181086
0.0016077604471583357,0.0,0.9983922395528416
0.0007494541215398276,0.0,0.9992505458784602
0.0003491983760591297,0.0,0.9996508016239408
0.00027917052790396444,0.0,0.9997208294720961
