0.1,0.3,0.6
0.10493692941786782,0.29842154997900805,0.5966415206031241
0.11917541165441667,0.29357397401848734,0.587250614327096
0.1274812292637623,0.2904826071995208,0.5820361635367169
0.12857978423481636,0.2886404311289479,0.5827797846362358
0.1287294606200459,0.28811202939651054,0.5831585099834437
0.12988528601026264,0.28378485480832616,0.5863298591814112
0.13265465325897896,0.2715248165185048,0.5958205302225161
0.132654653258979,0.27152481651850485,0.5958205302225162
0.13475856303884903,0.26100619943832853,0.6042352375228225
0.14354289023926986,0.20893379091338185,0.6475233188473484
0.15341536033585623,0.13963920722942827,0.7069454324347155
0.16174123176830174,0.07621730770826064,0.7620414605234377
0.16657132748416703,0.03841307547537266,0.7950155970404603
0.16960481093911775,0.014503881682264382,0.8158913073786179
0.1707702534597409,0.005297085484947549,0.8239326610553116
0.1711273241832196,0.0024703266845169736,0.8264023491322634
0.17126251022896147,0.0013967703814970226,0.8273407193895416
0.1713563477604102,0.0006471796118187928,0.827996472627771
0.17140013594097145,0.0002922718477400628,0.8283075922112885
0.17141927535620674,0.0001318830282953828,0.8284488416154978
0.1714374638621611,0.0,0.8285625361378389
0.1714348194066101,0.0,0.8285651805933899
0.17143297679967331,0.0,0.8285670232003267
0.17143149591975412,0.0,0.8285685040802458
0.17143017821549242,0.0,0.8285698217845076
0.17142893412045856,0.0,0.8285710658795414
0.17142772323247563,0.0,0.8285722767675243
0.17142652732693978,0.0,0.8285734726730603
0.17142533818316064,0.0,0.8285746618168394
0.17142415209299328,0.0,0.8285758479070067
0.17142296738379198,0.0,0.828577032616208
0.17142178330107216,0.0,0.8285782166989277
0.17142059950450728,0.0,0.8285794004954927
0.1714194158405857,0.0,0.8285805841594143
0.171418232240063,0.0,0.8285817677599371
0.17141704867170504,0.0,0.828582951328295
0.1714158651214231,0.0,0.8285841348785769
0.17141468158286222,0.0,0.8285853184171378
0.17141349805315578,0.0,0.8285865019468441
0.17141231453101088,0.0,0.8285876854689892
0.1714111270133926,0.0,0.8285888729866073
0.17140992912260988,0.0,0.8285900708773901
0.17140870865600108,0.0,0.8285912913439989
0.17140744088084067,0.0,0.8285925591191594
0.17140607849709447,0.0,0.8285939215029056
0.17140453808992048,0.0,0.8285954619100796
0.17140267981167517,0.0,0.8285973201883249
0.17140025808959586,0.0,0.8285997419104042
0.17139677097099648,0.0,0.8286032290290035
0.17139090523570533,0.0,0.8286090947642947
0.17137776659429843,0.0,0.8286222334057015
0.1713253318546028,0.0,0.8286746681453971
0.17115541093602543,0.0,0.8288445890639746
0.17058944565915485,0.0,0.8294105543408451
0.16611530226016352,0.0,0.8338846977398365
0.1500750017112685,0.0,0.8499249982887316
0.07060637123110519,0.0,0.9293936287688948
0.022117307633246076,0.0,0.977882692366754
0.009481297463282298,0.0,0.9905187025367177
0.004035074307444601,0.0,0.9959649256925553
0.0017119233229316293,0.0,0.9982880766770684
0.00072534084745201,0.0,0.999274659152548
0.0003323445634335776,0.0,0.9996676554365664
