0.2,0.5,0.3
0.1958585272407996,0.5056045861730034,0.29853688658619704
0.1755691485570777,0.5339614917995716,0.29046935964335063
0.1717919245788503,0.5394163830452786,0.28879169237587116
0.14361315889812876,0.5820937524349922,0.274293088666879
0.0625538513091179,0.7340627571258117,0.20338339156507038
0.03697322121466174,0.7998122666168186,0.1632145121685196
0.03697322121466175,0.7998122666168187,0.16321451216851962
0.03599128556939644,0.8026869790612202,0.16132173536938332
0.02895999150990154,0.8243885851302352,0.14665142335986328
0.011051999096514746,0.8946110695620223,0.09433693134146291
0.00601605335244364,0.9232764287054784,0.07070751794207787
0.006016053352443641,0.9232764287054785,0.07070751794207789
0.005845813086151268,0.924411447984318,0.06974273892953081
0.004643219268876062,0.9329151081598915,0.0624416725712325
0.0021107932149984692,0.9552897408697975,0.04259946591520405
0.0008915714788740315,0.971193587636852,0.027914840884273928
0.0008658237345574567,0.971619336497274,0.027514839768168483
0.0006847240716848875,0.9748065252177825,0.02450875071053265
0.0003214633261788812,0.9828171066947599,0.01686142997906121
0.00013920927287854696,0.9887317723994713,0.011129018327650139
0.00012792712790506887,0.9892010237149119,0.01067104915718303
0.00012420660429495348,0.9893602169970346,0.010515576398670554
0.0,0.9906492345964751,0.00935076540352485
0.0,0.9935543922540285,0.006445607745971456
0.0,0.9957333597918359,0.004266640208164202
0.0,0.9971778095862345,0.0028221904137655978
0.0,0.9981341644113148,0.0018658355886852496
0.0,0.998766840330912,0.0012331596690880228
0.0,0.9991851607885315,0.0008148392114684257
0.0,0.9994616523430342,0.0005383476569658435
0.0,0.9996443580699376,0.00035564193006239333
0.0,0.9997650712613341,0.00023492873866590107
0.0,0.9998448179319198,0.00015518206808011695
0.0,0.9998974973331329,0.00010250266686702742
0.0,1.0,0.0
