0.4,0.5,0.1
0.3928822972597952,0.5072914008581345,0.09982630188207037
0.35760271285291034,0.54379166363236,0.09860562351472979
0.35077438049388665,0.5509273010279272,0.09829831847818621
0.2982519498499132,0.6066349281831344,0.09511312196695243
0.14751649836955627,0.7767897564798718,0.0756937451505719
0.06469184843044848,0.8818986313654292,0.053409520204122304
0.02658240216969391,0.9381075788615592,0.03531001896874696
0.010582906462617864,0.9668004262306619,0.022616667306720302
0.0049908735007662755,0.9793770887701272,0.015632037729106544
0.0023413363592941286,0.9869109157883387,0.010747747852367207
0.0010951029271108925,0.9915373578747725,0.00736753919811665
0.0005113144943383462,0.9944470796192658,0.005041605886395852
0.00023848674512687084,0.9963151758808102,0.0034463373740629306
0.00011116218050897608,0.9975345324176729,0.002354305401818205
0.0,0.9983922819715595,0.0016077180284404815
0.0,0.9989024973803909,0.0010975026196090986
0.0,0.9992509154902517,0.0007490845097483846
0.0,0.9994887798820921,0.0005112201179079335
0.0,0.9996243529913819,0.00037564700861809333
0.0,0.9997438361313997,0.0002561638686003108
0.0,0.9998305008318523,0.00016949916814768069
0.0,0.9998878486430782,0.00011215135692182616
0.0,1.0,0.0
