0.3,0.1,0.6
0.2961360269927575,0.10195160074506898,0.6019123722621735
0.27689827641458914,0.11228473445673003,0.6108169891286809
0.273168813488517,0.11441461513549302,0.61241657137599
0.24424917067515978,0.13252044295836748,0.6232303863664728
0.11925725149840113,0.26476159006697747,0.6159811584346214
0.04871879288646146,0.4423704192015248,0.5089107879120137
0.01687519316815291,0.6266584955602736,0.3564663112715735
0.0065527806392635226,0.7503834753066467,0.24306374405408976
0.0030312795878293455,0.8237581324242443,0.17321058798792627
0.0013403693971858603,0.8796396636375667,0.1190199669652474
0.0005738076339734198,0.9197967442885548,0.07962944807747174
0.00024194052237290627,0.9472857735633429,0.0524722859142842
0.00010097553893217726,0.9656737650854287,0.034225259375639125
0.0,0.9758688600432427,0.024131139956757374
0.0,0.9830399311767279,0.01696006882327207
0.0,0.9881059398390319,0.011894060160968067
0.0,0.9916715410861129,0.008328458913887104
0.0,0.9941745481129404,0.0058254518870595575
0.0,0.9951294100505798,0.004870589949420304
0.0,0.9966149667315739,0.0033850332684260765
0.0,0.9977546846236484,0.0022453153763517305
0.0,0.9985112404042431,0.0014887595957569172
0.0,0.9990131279415537,0.0009868720584463072
0.0,0.9993459310256007,0.0006540689743993051
0.0,0.9995665515454492,0.0004334484545508256
0.0,0.9996982977486022,0.0003017022513977046
0.0,0.9996982977486023,0.0003017022513977047
0.0,0.9997035024353823,0.0002964975646177237
0.0,0.9997420352189111,0.00025796478108884265
0.0,0.9998754243929813,0.00012457560701870874
0.0,1.0,0.0
