0.65,0.15,0.2
0.6448633643350028,0.1535710970114912,0.20156553865350602
0.6172419880688885,0.1732826469338026,0.2094753649973089
0.6117888852812898,0.1772746088546504,0.21093650586405974
0.5667083236103788,0.21152765948325938,0.22176401690636183
0.38092191324846186,0.3765076156183451,0.24257047113319308
0.21488118228910624,0.562441765678986,0.2226770520319078
0.10397352022747133,0.7206888192934235,0.1753376604791051
0.05254600970654279,0.8149092350478183,0.1325447552456389
0.01749976619484772,0.9020311058311987,0.08046912797395359
0.011641101420442711,0.9220050682433123,0.06635383033624508
0.0060374531245819575,0.9455704713713243,0.048392075504093836
0.002632948243119993,0.9650823419433349,0.03228470981354508
0.0011394695432976989,0.9774860886628547,0.021374441793847523
0.0004908395258383332,0.9854240506511187,0.01408510982304306
0.000210819527442627,0.9905345387011478,0.009254641771409477
0.0,0.9939298607699066,0.006070139230093315
0.0,0.9960238242252413,0.003976175774758741
0.0,0.9973973426507527,0.002602657349247318
0.0,0.9982972080497279,0.001702791950272168
0.0,0.998886293558341,0.001113706441659011
0.0,0.9992717320009552,0.0007282679990448516
0.0,0.9995238391006231,0.0004761608993768745
0.0,0.999688700584508,0.0003112994154920224
0.0,0.9997964935959649,0.0002035064040350591
0.0,0.9998669663145787,0.00013303368542119938
0.0,1.0,0.0
