0.35,0.05,0.6
0.3460794035521757,0.05105123175085464,0.6028693646969696
0.3263086790895631,0.0567090411485429,0.6169822797618939
0.32248738554440676,0.05787582628979107,0.6196367881658023
0.2926390259361716,0.0679208442242382,0.6394401298395903
0.134709839517589,0.1726817948215968,0.6926083656608142
0.049660171789047115,0.35088069940042194,0.599459128810531
0.02119235613080487,0.5077402608436238,0.4710673830255714
0.012719239906688985,0.5929150124550101,0.39436574763830096
0.005499309824731664,0.7106171577783835,0.28388353239688474
0.001995258842738216,0.8149006386288918,0.18310410252837
0.0008416920335409714,0.8758669148449055,0.12329139312155343
0.00034648936997921026,0.9186426759984595,0.08101083463156138
0.00014026840632584185,0.9475136295195129,0.052346102074161294
0.0,0.966547805474871,0.03345219452512908
0.0,0.9768814311458298,0.023118568854170195
0.0,0.982681009151332,0.017318990848667944
0.0,0.9881895519191118,0.011810448080888115
0.0,0.9920567856217004,0.007943214378299533
0.0,0.994664562550792,0.005335437449207976
0.0,0.9964192899981517,0.0035807100018483513
0.0,0.9975983132411207,0.0024016867588793436
0.0,0.998389745937259,0.0016102540627409441
0.0,0.9989206583899398,0.0010793416100601885
0.0,0.9992766519771435,0.0007233480228564275
0.0,0.9995152870396246,0.0004847129603754998
0.0,0.9996752211412088,0.00032477885879125725
0.0,0.9997823954651159,0.00021760453488414418
0.0,0.9998542083108144,0.00014579168918556378
0.0,1.0,0.0
