0.45,0.25,0.3
0.44418661573828805,0.25486900372472393,0.300944380536988
0.4147386855007174,0.2803004239982465,0.3049608905010361
0.4089285534656192,0.28547295795199046,0.3055984885823904
0.3629346372176321,0.328316386591551,0.308748976190817
0.1926287898065738,0.5233711585729237,0.2840000516205024
0.08535556903404781,0.6965485713121641,0.21809585965378817
0.03340343369273382,0.8186853125933256,0.14791125371394068
0.012154006432420997,0.8945855024544473,0.09326049111313171
0.005075048872915874,0.9333697574616782,0.06155519366540599
0.002483465223920588,0.9539839945659943,0.043532540210085235
0.0010923471365618174,0.9697984733046078,0.02910917955883048
0.00047768660854768897,0.9801703277504731,0.019351985640979258
0.00020811830698051276,0.9869743227079636,0.012817558985055887
0.0,0.9915300504497583,0.008469949550241758
0.0,0.9944125071381615,0.005587492861838562
0.0,0.9963176616945967,0.0036823383054032928
0.0,0.9975748043729735,0.0024251956270265017
0.0,0.9984034489041268,0.0015965510958732138
0.0,0.9989492591388146,0.001050740861185444
0.0,0.9993086033676074,0.0006913966323925863
0.0,0.9995451109602205,0.00045488903977945527
0.0,0.9997007400997067,0.0002992599002933609
0.0,0.9998031349163605,0.0001968650836395139
0.0,0.9998704988441451,0.0001295011558548831
0.0,1.0,0.0
