0.55,0.25,0.2
0.543810960566501,0.2552429687030565,0.20094607073044254
0.5117591676194193,0.2829858092947535,0.20525502308582724
0.5053882622552589,0.2886183797436735,0.2059933580010676
0.45397195132487006,0.3355260117189481,0.21050203695618186
0.2627781875761316,0.534988703563499,0.20223310886036938
0.12681418738448405,0.7112026113367355,0.16198320127878044
0.05385527525200556,0.831973821967972,0.11417090278002229
0.02124521717464252,0.9040082312709427,0.07474655155441488
0.0075820189707422655,0.9467247804595992,0.04569320056965854
0.0032458127357937587,0.966547249514966,0.030206937749240378
0.001594785325474146,0.9771162589625516,0.021288955711974193
0.0007160106555826483,0.9849622990508582,0.014321690293559146
0.00032056088730762376,0.9900719924779787,0.009607446634713641
0.00014325910585479882,0.9934233182421197,0.006433422652025468
0.0,0.9956967029433595,0.004303297056640423
0.0,0.9971239929682184,0.0028760070317816037
0.0,0.998078801999351,0.0019211980006490093
0.0,0.9987170306970248,0.001282969302975235
0.0,0.9991434195540098,0.0008565804459901943
0.0,0.9994281812020768,0.0005718187979232137
0.0,0.9996183128373589,0.00038168716264110487
0.0,0.9997452411922798,0.0002547588077202138
0.0,0.9998299672715886,0.00017003272841137888
0.0,0.9998865188837005,0.00011348111629951359
0.0,1.0,0.0
