0.3,0.3,0.4
0.2951439505356926,0.30488769674509475,0.3999683527192126
0.2712126269246317,0.32993745807274905,0.3988499150026192
0.2665706820227917,0.3349907685570283,0.3984385494201799
0.2308789590928178,0.376179161803862,0.3929418791033202
0.1075904526686455,0.5639674841692417,0.3284420631621129
0.04284789373702501,0.7225467396150723,0.23460536664790274
0.01536959417261598,0.8337074727872784,0.1509229330401056
0.006082072985187769,0.8955247118813687,0.0983932151334435
0.002831158135968723,0.9288026576389978,0.06836618422503352
0.0012412326325705633,0.9529080521765734,0.04585071519085595
0.0005386593867019579,0.9690030855032329,0.030458255110065214
0.0002324068709412564,0.9796518344799271,0.02011575864913167
0.0,0.9867638183711803,0.01323618162881965
0.0,0.9913134887763393,0.008686511223660723
0.0,0.9943083218960662,0.0056916781039338055
0.0,0.9962745119521039,0.003725488047896109
0.0,0.9975631462941504,0.002436853705849577
0.0,0.9984067589580139,0.0015932410419861112
0.0,0.9989586270226715,0.0010413729773284964
0.0,0.9992687424372636,0.0007312575627365069
0.0,0.9994877256550969,0.0005122743449030863
0.0,0.9996411554787213,0.00035884452127864474
0.0,0.9997486435312699,0.00025135646873003536
0.0,0.9997896336160547,0.00021036638394537294
0.0,0.9998536906711701,0.00014630932882996126
0.0,1.0,0.0
