0.45,0.05,0.5
0.4457097100799498,0.05112289080268256,0.5031673991173676
0.4236060643894983,0.057258686057292216,0.5191352495532094
0.41932917609576964,0.05851725329228526,0.5221535706119451
0.3853963382783597,0.06941184370138168,0.5451918180202587
0.2290238098192017,0.15103006265669605,0.6199461275241023
0.11022083206037034,0.2918819142286252,0.5978972537110044
0.04443481287341308,0.4725348582569364,0.48303032886965047
0.01498858286026131,0.6547919708423513,0.33021944629738736
0.005575955390657538,0.7752748598635941,0.21914918474574827
0.0026797763305259205,0.8392519539863483,0.1580682696831257
0.0011646355157849152,0.8914406165375262,0.1073947479466889
0.000496063222585651,0.9279928093203313,0.07151112745708296
0.0002084027790966154,0.9528258712895641,0.0469657259313393
0.0,0.9694349757054797,0.030565024294520356
0.0,0.980231517039044,0.019768482960956037
0.0,0.9872644764935548,0.012735523506445266
0.0,0.9918162351783419,0.00818376482165802
0.0,0.994749816886805,0.005250183113194989
0.0,0.9966353832609616,0.003364616739038368
0.0,0.9976706354835847,0.002329364516415366
0.0,0.9983878683277032,0.0016121316722967284
0.0,0.9988845057001134,0.0011154942998865378
0.0,0.9991758900707707,0.0008241099292293837
0.0,0.9994046628999521,0.0005953371000479025
0.0,0.9995702289585084,0.00042977104149149027
0.0,0.9996897646075449,0.00031023539245507035
0.0,0.9997364198468429,0.00026358015315710925
0.0,0.9998162689192553,0.00018373108074465903
0.0,0.999878000522893,0.0001219994771070647
0.0,1.0,0.0
