0.8,0.15,0.05
0.7966898078187584,0.153220402059429,0.050089790121812576
0.7794306377627582,0.16999211222037405,0.05057725001686773
0.7757551106254019,0.173559533515966,0.05068535585863208
0.7441271468826454,0.20419135368370323,0.051681499433651336
0.5531951711824451,0.38599828214373166,0.06080654667382332
0.4160184354731069,0.5127312647798893,0.07125029974700384
0.33684798377101705,0.5850464278334715,0.07810558839551145
0.19270905661323368,0.716881027013821,0.09040991637294522
0.09978752961518486,0.8030148094480106,0.0971976609368046
0.04204119362649557,0.8583438761650432,0.09961493020846125
0.028209888001235917,0.8723203431356807,0.0994697688630834
0.01592724039258642,0.8855211811625522,0.09855157844486143
0.006958788249851437,0.8966055489283935,0.09643566282175516
0.0030211611200208375,0.9030768929389378,0.09390194594104144
0.0013072825910604173,0.9074610725680512,0.09123164484088839
0.000564551563469641,0.9108897722073567,0.08854567622917364
0.0002434649638416345,0.9138618244445498,0.08589471059160864
0.00010487862504031307,0.9165957675184122,0.08329935385654755
0.0,0.9192288731105375,0.08077112688946257
0.0,0.9216968758553636,0.07830312414463637
0.0,0.9240973857550191,0.07590261424498099
0.0,0.9264318123710851,0.07356818762891493
0.0,0.9287015402052528,0.07129845979474728
0.0,0.9309079418527411,0.06909205814725893
0.0,0.9330523824506955,0.06694761754930448
0.0,0.9351362205337492,0.06486377946625074
0.0,0.9371608074469924,0.06283919255300757
0.0,0.9391274862186846,0.060872513781315425
0.0,0.9410375902698337,0.05896240973016635
0.0,0.9428924421169239,0.05710755788307608
0.0,0.9446933521312788,0.05530664786872112
0.0,0.9464416173795613,0.0535583826204387
0.0,0.9481385205535257,0.05186147944647431
0.0,0.9493830289518109,0.050616971048189144
0.0,0.9506471741250029,0.049352825874997175
0.0,0.9512681422700704,0.04873185772992959
0.0,0.9525916797898419,0.047408320210158034
0.0,0.9540526210327107,0.045947378967289336
0.0,0.9554712497306153,0.044528750269384694
0.0,0.956848627699604,0.04315137230039603
0.0,0.958196702862374,0.04180329713762601
0.0,0.9595648999888295,0.04043510001117051
0.0,0.9610094290301363,0.038990570969863664
0.0,0.9626166170836817,0.03738338291631826
0.0,0.9645183324583411,0.03548166754165894
0.0,0.9669314559326843,0.03306854406731569
0.0,0.9702763756567917,0.029723624343208306
0.0,0.9755530569104875,0.02444694308951249
0.0,0.9852872178041454,0.01471278219585455
0.0,0.9930464862563431,0.0069535137436569135
0.0,0.9967805176408889,0.003219482359111054
0.0,0.9985132561205118,0.0014867438794882624
0.0,0.9993142564173094,0.0006857435826906099
0.0,0.9996838850730242,0.0003161149269758046
0.0,0.9998543144584929,0.00014568554150706475
0.0,1.0,0.0
