0.1,0.75,0.15
0.09898416377237793,0.7506105879489685,0.1504052482786535
0.09509778993908298,0.7528809393555715,0.1520212707053454
0.09415270283614546,0.7534161468731034,0.15243115029075122
0.08710422283772552,0.7571637923020603,0.15573198486021417
0.05807469619859461,0.7628269751112576,0.1790983286901478
0.049091978610842066,0.7470678438159977,0.20384017757316025
0.04995608414790693,0.7180354905298854,0.23200842532220775
0.0577262350046046,0.6774416449626741,0.2648321200327214
0.07171941709984284,0.6239729002556277,0.30430768264452956
0.10052440206804462,0.5255374870922142,0.37393811083974127
0.13013608908243193,0.42211645724228974,0.44774745367527835
0.15943331450823478,0.30930100160973056,0.5312656838820347
0.18220973176462382,0.21083088515610066,0.6069593830792755
0.20048641850680152,0.12336416971114098,0.6761494117820575
0.21249605487798817,0.061191190977302204,0.7263127541447096
0.21866071245130542,0.02759239340215986,0.7537468941465347
0.2214415139321096,0.011886670781399721,0.7666718152864906
0.2222576911806964,0.007124272264529855,0.7706180365547738
0.22285040467025904,0.0035140691018327335,0.7736355262279082
0.22312160048963225,0.0016886492310469934,0.7751897502793208
0.22322624988704703,0.000781509621914585,0.7759922404910384
0.22324417112921843,0.0003612598861064602,0.7763945689846751
0.2232219065594041,0.00016689806083213028,0.7766111953797638
0.22319826591662395,0.0,0.776801734083376
0.22313957939267873,0.0,0.7768604206073213
0.22308192267745072,0.0,0.7769180773225492
0.2230247478121176,0.0,0.7769752521878824
0.22296780172471933,0.0,0.7770321982752807
0.22291096756833476,0.0,0.7770890324316653
0.22285419140217602,0.0,0.777145808597824
0.22279744832799533,0.0,0.7772025516720047
0.2227407268540175,0.0,0.7772592731459824
0.2226840216764333,0.0,0.7773159783235667
0.22262733034732515,0.0,0.7773726696526748
0.22257065173672613,0.0,0.7774293482632739
0.2225139853228344,0.0,0.7774860146771656
0.2224573308644624,0.0,0.7775426691355376
0.22240068824989043,0.0,0.7775993117501095
0.2223440574271272,0.0,0.7776559425728728
0.2222874383717338,0.0,0.7777125616282662
0.22223083107197975,0.0,0.7777691689280203
0.22217423552199578,0.0,0.7778257644780042
0.2221176517186151,0.0,0.7778823482813849
0.22206107965991678,0.0,0.7779389203400832
0.22200451934455387,0.0,0.7779954806554461
0.22194788309369248,0.0,0.7780521169063075
0.22189020773867701,0.0,0.7781097922613229
0.22183010213956303,0.0,0.778169897860437
0.2217677847828263,0.0,0.7782322152171737
0.22169759177099016,0.0,0.7783024082290099
0.22160936194633618,0.0,0.7783906380536638
0.2214959134034716,0.0,0.7785040865965284
0.2213353336421399,0.0,0.77866466635786
0.22107293237756806,0.0,0.778927067622432
0.22049623456225953,0.0,0.7795037654377405
0.22009125514095268,0.0,0.7799087448590474
0.2168732874150287,0.0,0.7831267125849714
0.19250778994457962,0.0,0.8074922100554204
0.08771669096124658,0.0,0.9122833090387534
0.03510633925502933,0.0,0.9648936607449706
0.01862591299154726,0.0,0.9813740870084527
0.009032725434017223,0.0,0.9909672745659828
0.004065322611483515,0.0,0.9959346773885164
0.0018272434926424348,0.0,0.9981727565073576
0.0008208062979030823,0.0,0.999179193702097
0.0003686121687506302,0.0,0.9996313878312493
0.0001655186520599629,0.0,0.9998344813479401
0.0,0.0,1.0
