0.45,0.35,0.2
0.44795695916989725,0.3505033607614178,0.201539680068685
0.4406088214972541,0.3517644806364658,0.2076266978662801
0.43876816703614985,0.3519230686148855,0.2093087643489647
0.42565750999527785,0.35038893653674735,0.2239535534679748
0.406098443242914,0.31762863009989956,0.27627292665718645
0.4100563356198062,0.24937438788769983,0.34056927649249397
0.42916306537041554,0.15964026093263145,0.411196673696953
0.44580510505181536,0.0969189525211133,0.45727594242707137
0.45865025446037927,0.05187375568362604,0.48947598985599466
0.46707866727167463,0.023287833201303884,0.5096334995270215
0.47082859197812693,0.010759987198405215,0.5184114208234679
0.4726035883101501,0.0048659691719696065,0.5225304425178803
0.4734150884765566,0.0021785971798268535,0.5244063143436166
0.47378018972724606,0.0009709773362650393,0.5252488329364889
0.4739432651942596,0.00043187213005031213,0.5256248626756902
0.4740158681209872,0.00019191372295416072,0.5257922181560586
0.4740885597914699,0.0,0.5259114402085301
0.47408043355494983,0.0,0.5259195664450502
0.47407682470816787,0.0,0.5259231752918322
0.47407522211700914,0.0,0.5259247778829907
0.4740745104673998,0.0,0.5259254895326002
0.474074194454223,0.0,0.5259258055457771
0.4740740541266957,0.0,0.5259259458733043
0.4740739918132804,0.0,0.5259260081867196
0.47407396414231984,0.0,0.5259260358576802
0.4740739518544477,0.0,0.5259260481455524
0.47407394639747846,0.0,0.5259260536025215
0.47407394397379,0.0,0.52592605602621
0.47407394289703775,0.0,0.5259260571029623
0.47407394241839607,0.0,0.525926057581604
0.47407394220534677,0.0,0.5259260577946532
0.4740739421102345,0.0,0.5259260578897654
0.47407394206749254,0.0,0.5259260579325075
0.4740739420480056,0.0,0.5259260579519943
0.47407394203884534,0.0,0.5259260579611547
0.4740739420342706,0.0,0.5259260579657293
0.47407394203173203,0.0,0.525926057968268
0.4740739420300976,0.0,0.5259260579699024
0.4740739420288647,0.0,0.5259260579711352
0.4740739420278101,0.0,0.5259260579721899
0.4740739420267781,0.0,0.5259260579732219
0.47407394202565517,0.0,0.5259260579743448
0.4740739420243698,0.0,0.5259260579756302
0.4740739420227436,0.0,0.5259260579772563
0.474073942020491,0.0,0.5259260579795089
0.47407394201874775,0.0,0.5259260579812522
0.47407394201314457,0.0,0.5259260579868554
0.47407394199912556,0.0,0.5259260580008746
0.4740739419334386,0.0,0.5259260580665613
0.47407394178940226,0.0,0.5259260582105978
