0.2,0.4,0.4
0.20094903740994297,0.3927865226599692,0.4062644399300879
0.20641300215695474,0.35397616352934214,0.4396108343137032
0.2075613928273622,0.3462531021472801,0.44618550502535775
0.21769673768842046,0.28199948195985375,0.5003037803517257
0.2428389887539716,0.1376462194920452,0.6195147917539832
0.2561031042421291,0.06555003338769104,0.6783468623701798
0.26214589687798356,0.03324103489252654,0.7046130682294899
0.2647877088142974,0.019201122531443075,0.7160111686542595
0.2649752659212583,0.018206165313178903,0.7168185687655628
0.26617495293239424,0.011847537367963032,0.7219775096996427
0.2674865722672736,0.004906297168721977,0.7276071305640044
0.26803403334193027,0.0020122738976559133,0.7299536927604139
0.26825929721316855,0.000822008595902775,0.7309186941909287
0.268351438656449,0.00033523494614408865,0.731313326397407
0.2683528972761399,0.00032752962916437654,0.7313195730946958
0.2683543223971884,0.00032000128498905513,0.7313256763178225
0.2683575689630261,0.0003028510233719403,0.731339580013602
0.2683780039517384,0.0001949029276501938,0.7314270931206115
0.26842199716744586,0.0,0.7315780028325541
0.2684179984392611,0.0,0.7315820015607388
0.2684162529832248,0.0,0.7315837470167752
0.2684154911201503,0.0,0.7315845088798496
0.26841530460938595,0.0,0.7315846953906141
