0.5,0.4,0.1
0.495231806889591,0.4044897553740318,0.10027843773637722
0.47415499369010017,0.4242702199036357,0.10157478640626418
0.46939081521816756,0.4287255054472151,0.10188367933461741
0.4316176331853222,0.46380889331963593,0.10457347349504194
0.27585903556617825,0.5999364410577946,0.12420452337602725
0.17360192813762929,0.6585854653285184,0.16781260653385233
0.14426477998705478,0.6387577614520765,0.2169774585608687
0.1357490733033917,0.5565086857224721,0.30774224097413616
0.14259441541531198,0.4562188081322385,0.40118677645244954
0.15909703236316977,0.31258597042287967,0.5283169972139506
0.17458471982358312,0.19591152449397595,0.6295037556824409
0.18739481671950386,0.10411999622844742,0.7084851870520488
0.1916884900193672,0.07392645637033418,0.7343850536102986
0.19767879911926103,0.03216174336832929,0.7701594575124097
0.20050337810959165,0.012594276135753951,0.7869023457546545
0.20144612800082703,0.0060794440722745325,0.7924744279268985
0.20190485465990038,0.002912231850576925,0.7951829134895227
0.202125441135704,0.00138986591386234,0.7964846929504337
0.20223090894567397,0.0006621314809505362,0.7971069595733755
0.20228119756114324,0.00031517006605461445,0.7974036323728022
0.20230514453022377,0.0001499577902206508,0.7975448976795556
0.20233097422776325,0.0,0.7976690257722368
0.20232882792056575,0.0,0.7976711720794343
0.20232780702854086,0.0,0.7976721929714592
0.20232732145490862,0.0,0.7976726785450913
0.20232709050144657,0.0,0.7976729094985534
0.20232698065366628,0.0,0.7976730193463337
0.20232692840714675,0.0,0.7976730715928533
0.20232690355727592,0.0,0.7976730964427241
0.20232689173793064,0.0,0.7976731082620694
0.2023268861162199,0.0,0.79767311388378
0.20232688344225333,0.0,0.7976731165577466
0.20232688217030442,0.0,0.7976731178296955
0.20232688156518866,0.0,0.7976731184348114
0.20232688127723464,0.0,0.7976731187227654
0.2023268811401303,0.0,0.7976731188598697
0.20232688107477373,0.0,0.7976731189252262
0.20232688104354202,0.0,0.797673118956458
0.20232688102854096,0.0,0.7976731189714591
0.20232688102125962,0.0,0.7976731189787405
0.20232688101764987,0.0,0.79767311898235
0.20232688101578647,0.0,0.7976731189842136
0.20232688101475366,0.0,0.7976731189852463
0.2023268810141159,0.0,0.7976731189858841
0.20232688101366605,0.0,0.797673118986334
0.20232688101330557,0.0,0.7976731189866945
0.2023268810129876,0.0,0.7976731189870123
0.20232688101266544,0.0,0.7976731189873345
0.20232688101231877,0.0,0.7976731189876812
0.20232688101193766,0.0,0.7976731189880624
0.20232688101138369,0.0,0.7976731189886164
0.20232688101058732,0.0,0.7976731189894126
0.20232688100931573,0.0,0.7976731189906843
0.2023268810067233,0.0,0.7976731189932768
0.20232688099812046,0.0,0.7976731190018795
0.2023268809475791,0.0,0.7976731190524209
0.20232688085224113,0.0,0.7976731191477588
