0.4,0.45,0.15
0.39663756830952196,0.4524196257139914,0.15094280597648663
0.3831693111859161,0.46180307645014257,0.15502761236394139
0.3799756704130763,0.46394737561924004,0.15607695396768367
0.35579563752116544,0.47889519234297884,0.1653091701358558
0.28058700384119356,0.47652318770188484,0.24288980845692146
0.27453425663737824,0.41671507303727434,0.30875067032534753
0.2785691253078276,0.3727704877197035,0.3486603869724689
0.29578492507768217,0.27018306562898886,0.4340320092933291
0.3212429490991149,0.1513147419245878,0.5274423089762973
0.33552007226197905,0.08974952740075863,0.5747304003372624
0.3436345514575902,0.055638216356275534,0.6007272321861342
0.35123472289674806,0.02412314965569455,0.6246421274475573
0.3551408887127781,0.00806420485869994,0.636794906428522
0.3558052321136494,0.005341456592472909,0.6388533112938777
0.35642335861291347,0.0028102549204613867,0.6407663864666252
0.35679985516956414,0.001269509943183393,0.6419306348872524
0.3569702955738324,0.0005722582033470338,0.6424574462228205
0.3570471986635037,0.0002577064701751587,0.6426950948663211
0.3570818455426312,0.00011600267866750788,0.6428021517787013
0.35711608812912343,0.0,0.6428839118708765
0.35711285486238487,0.0,0.6428871451376151
0.35711139990641566,0.0,0.6428886000935843
0.357110745200332,0.0,0.642889254799668
0.3571104505968971,0.0,0.642889549403103
0.357110318032345,0.0,0.642889681967655
0.3571102583814144,0.0,0.6428897416185856
0.3571102315397504,0.0,0.6428897684602496
0.3571102194613941,0.0,0.6428897805386059
0.35711021402613335,0.0,0.6428897859738667
0.3571102115800878,0.0,0.6428897884199123
0.35711021047910896,0.0,0.6428897895208912
0.3571102099833739,0.0,0.6428897900166262
0.35711020975998226,0.0,0.6428897902400177
0.3571102096591379,0.0,0.642889790340862
0.35711020961343654,0.0,0.6428897903865635
0.3571102095925481,0.0,0.642889790407452
0.35711020958282474,0.0,0.6428897904171753
0.3571102095781252,0.0,0.6428897904218747
0.3571102095756865,0.0,0.6428897904243135
0.3571102095742651,0.0,0.6428897904257349
0.35711020957330136,0.0,0.6428897904266986
0.35711020957254364,0.0,0.6428897904274564
0.3571102095718639,0.0,0.6428897904281361
0.3571102095711791,0.0,0.6428897904288209
0.3571102095704281,0.0,0.642889790429572
0.35711020956951556,0.0,0.6428897904304844
0.35711020956838563,0.0,0.6428897904316144
0.35711020956667694,0.0,0.6428897904333231
0.3571102095637053,0.0,0.6428897904362947
0.357110209556995,0.0,0.6428897904430051
0.35711020953003675,0.0,0.6428897904699633
0.3571102093458823,0.0,0.6428897906541178
