0.45,0.45,0.1
0.4451803042902148,0.4545070548669804,0.10031264084280482
0.42401419316247824,0.4742182017891595,0.10176760504836228
0.4192707020028386,0.47861585521997124,0.10211344277719016
0.3820898070909473,0.5127897061213389,0.10512048678771393
0.21842520156537237,0.6493044257425509,0.13227037269207673
0.15986154531539415,0.6764747180821643,0.16366373660244163
0.12649786818615188,0.644419098971843,0.22908303284200504
0.12211331105090376,0.5551394499698938,0.32274723897920243
0.13003757489462647,0.4464656913583398,0.4234967337470338
0.14637126299786302,0.2967849161779001,0.556843820824237
0.1614461687813087,0.17440943251268712,0.6641443987060042
0.16977005914068616,0.10942731879280357,0.7208026220665104
0.17569002964310718,0.06391470350176146,0.7603952668551314
0.18047352786594936,0.02747219484013265,0.792054277293918
0.18268837260762838,0.010685061389750786,0.8066265660026208
0.1831436812656016,0.007240330841769364,0.809615987892629
0.1836075219225442,0.003733160720478841,0.8126593173569769
0.183880193917652,0.0016724259987673583,0.8144473800835806
0.1840026300868751,0.0007473415256492285,0.8152500283874757
0.1840573982957944,0.000333579016312321,0.8156090226878933
0.18408185554020107,0.00014881889625897656,0.81576932556354
0.1841049892119632,0.0,0.8158950107880368
0.18410308691024949,0.0,0.8158969130897505
0.1841022385421928,0.0,0.8158977614578072
0.18410186020715627,0.0,0.8158981397928438
0.18410169148840766,0.0,0.8158983085115923
0.18410161624853041,0.0,0.8158983837514696
0.18410158269542137,0.0,0.8158984173045786
0.18410156773239675,0.0,0.8158984322676033
0.1841015610595483,0.0,0.8158984389404517
0.18410155808366915,0.0,0.8158984419163309
0.18410155675643736,0.0,0.8158984432435626
0.18410155616441257,0.0,0.8158984438355874
0.1841015559002501,0.0,0.81589844409975
0.1841015557822963,0.0,0.8158984442177037
0.18410155572954368,0.0,0.8158984442704563
0.1841015557058672,0.0,0.8158984442941328
0.18410155569515715,0.0,0.8158984443048428
0.18410155569022935,0.0,0.8158984443097707
0.18410155568788014,0.0,0.8158984443121199
0.18410155568668088,0.0,0.8158984443133191
0.18410155568599437,0.0,0.8158984443140056
0.1841015556855366,0.0,0.8158984443144635
0.18410155568518077,0.0,0.8158984443148192
0.18410155568486752,0.0,0.8158984443151325
0.18410155568455364,0.0,0.8158984443154464
0.18410155568421077,0.0,0.8158984443157892
0.18410155568380626,0.0,0.8158984443161937
0.18410155568329262,0.0,0.8158984443167074
0.18410155568259573,0.0,0.8158984443174043
0.18410155568138076,0.0,0.8158984443186192
0.18410155567872488,0.0,0.815898444321275
0.18410155566907344,0.0,0.8158984443309266
0.18410155560831687,0.0,0.8158984443916832
0.18410155553482244,0.0,0.8158984444651776
