0.5,0.45,0.05
0.49363649636000106,0.4563475583128524,0.05001594532714655
0.4633390498359555,0.48656576180913996,0.05009518835490455
0.45697026038325195,0.4929171581108482,0.05011258150589986
0.4064672736180345,0.5432721857978723,0.05026054058409333
0.23916763541892422,0.7099153907521286,0.05091697382894714
0.1185338446260289,0.8298696748346358,0.05159648053933539
0.05426179388135524,0.8937862021546179,0.05195200396402687
0.020999354083465052,0.927108045251354,0.05189260066518089
0.012195855124544488,0.9361119696496276,0.051692175225827884
0.006040151807991133,0.9426475714722979,0.05131227671971095
0.002696855020837968,0.9465535051412635,0.05074963983789855
0.0011986173411248002,0.9487308447715774,0.05007053788729775
0.0005306014599190661,0.9501880912929671,0.04928130724711384
0.00023394914994958173,0.9513861271967529,0.04837992365329753
0.00010271103484332796,0.9525363736431712,0.04736091532198554
0.0,0.953779914468714,0.04622008553128604
0.0,0.9550534170354421,0.0449465829645579
0.0,0.9564592855480856,0.04354071445191445
0.0,0.9579988500666011,0.04200114993339881
0.0,0.9596697814201017,0.04033021857989826
0.0,0.9611390875540604,0.038860912445939644
0.0,0.9626872928245371,0.03731270717546284
0.0,0.9634886066232522,0.03651139337674778
0.0,0.9651928814610595,0.03480711853894047
0.0,0.9670890100526578,0.032910989947342144
0.0,0.9690424943817064,0.03095750561829358
0.0,0.9710277675434189,0.028972232456581096
0.0,0.9730243606138816,0.02697563938611832
0.0,0.9750114181482967,0.024988581851703207
0.0,0.976968566519326,0.023031433480674015
0.0,0.9788767343563369,0.02112326564366313
0.0,0.9807188566763125,0.019281143323687404
0.0,0.9824804115176485,0.017519588482351453
0.0,0.9841497608276276,0.015850239172372372
0.0,0.985718291741539,0.014281708258460965
0.0,0.9871803736351424,0.01281962636485753
0.0,0.9885331661178974,0.011466833882102536
0.0,0.9892172516177624,0.010782748382237662
0.0,0.9901432984437647,0.009856701556235262
0.0,0.9912643980745746,0.008735601925425404
0.0,0.9924168800627248,0.007583119937275227
0.0,0.9936354200219149,0.006364579978085227
0.0,0.9949693152057203,0.005030684794279702
0.0,0.9964600388635969,0.0035399611364030814
0.0,0.9980968298849213,0.0019031701150787539
0.0,0.9992167469892687,0.0007832530107314307
0.0,0.9996813875144102,0.00031861248558988977
0.0,0.9998496790954988,0.00015032090450125342
0.0,1.0,0.0
