0.1,0.5,0.4
0.10058994897627267,0.49168688322950954,0.4077231677942178
0.10421936382923758,0.444826618021923,0.4509540181488394
0.10499534980380827,0.435465777313131,0.45953887288306067
0.11219012142175186,0.3546117363444592,0.533198142233789
0.1282075207173382,0.19238687903895657,0.6794056002437052
0.13685843884471088,0.1092512391750142,0.753890321980275
0.14123124835604126,0.0678935679603141,0.7908751836836446
0.14531114422361316,0.029614089990660314,0.8250747657857266
0.14729583284222592,0.011085720330145706,0.8416184468276284
0.14776358180548155,0.006727068639435717,0.8455093495550827
0.14811925085931998,0.0034148110638765067,0.8484659380768035
0.14832158611678145,0.001531269366301327,0.8501471445169172
0.1484125032167211,0.0006850983077663275,0.8509023984755126
0.14845321731631994,0.0003062051946291923,0.8512405774890509
0.148471421968703,0.00013679635085834358,0.8513917816804387
0.14848862913575772,0.0,0.8515113708642423
0.1484872419189685,0.0,0.8515127580810314
0.14848662238196494,0.0,0.8515133776180351
0.1484863457012697,0.0,0.8515136542987304
0.14848622213907817,0.0,0.8515137778609219
0.14848616695794778,0.0,0.8515138330420522
0.14848614231482526,0.0,0.8515138576851748
0.14848613130949587,0.0,0.8515138686905042
0.1484861263945808,0.0,0.8515138736054192
0.14848612419954288,0.0,0.8515138758004571
0.1484861232191562,0.0,0.8515138767808438
0.14848612278121218,0.0,0.8515138772187878
0.14848612258551389,0.0,0.8515138774144861
0.1484861224979984,0.0,0.8515138775020017
0.1484861224587955,0.0,0.8515138775412044
0.14848612244116824,0.0,0.8515138775588318
0.14848612243317624,0.0,0.8515138775668237
0.14848612242948722,0.0,0.8515138775705128
0.14848612242771983,0.0,0.8515138775722803
0.1484861224268106,0.0,0.8515138775731894
0.14848612242628462,0.0,0.8515138775737154
0.14848612242592976,0.0,0.8515138775740703
0.14848612242565137,0.0,0.8515138775743486
0.14848612242540365,0.0,0.8515138775745964
0.14848612242515397,0.0,0.851513877574846
0.1484861224248799,0.0,0.8515138775751201
0.1484861224245549,0.0,0.851513877575445
0.14848612242413758,0.0,0.8515138775758624
0.1484861224235458,0.0,0.8515138775764542
0.14848612242258147,0.0,0.8515138775774185
0.14848612242154444,0.0,0.8515138775784555
0.14848612241665943,0.0,0.8515138775833405
0.14848612238108405,0.0,0.851513877618916
0.1484861222950296,0.0,0.8515138777049703
