0.1,0.55,0.35
0.1003652902363203,0.5430364456490973,0.35659826411458245
0.10275523170002324,0.5047392697200169,0.39250549857995987
0.10332823676224302,0.4966379836321265,0.40003377960563047
0.1091727054903603,0.4240659855365976,0.46676130897304213
0.12631006935933003,0.24702576570912765,0.6266641649315423
0.13726512667070778,0.14311293689198756,0.7196219364373047
0.14610081445571643,0.06159534105402215,0.7923038444902615
0.14826915398657708,0.041807994981094346,0.8099228510323285
0.15120089074464163,0.015166023748292973,0.8336330855070654
0.1521280120081577,0.006765560000528678,0.8411064279913136
0.15254542599998056,0.0029871211783336128,0.8444674528216859
0.152730473828336,0.0013127794286769724,0.845956746742987
0.15281194433133355,0.0005757595101851718,0.8466122961584813
0.1528477037824277,0.000252289480211949,0.8469000067373603
0.15286337845010778,0.00011050589764199445,0.8470261156522503
0.1528776436283807,0.0,0.8471223563716193
0.15287649235173822,0.0,0.8471235076482618
0.1528759882145485,0.0,0.8471240117854515
0.15287576746052134,0.0,0.8471242325394787
0.1528756707965145,0.0,0.8471243292034855
0.1528756284692782,0.0,0.8471243715307217
0.15287560993498842,0.0,0.8471243900650115
0.1528756018191103,0.0,0.8471243981808897
0.15287559826522198,0.0,0.847124401734778
0.1528755967089261,0.0,0.8471244032910739
0.1528755960273307,0.0,0.8471244039726693
0.1528755957287468,0.0,0.8471244042712532
0.15287559559787495,0.0,0.8471244044021251
0.1528755955404404,0.0,0.8471244044595596
0.15287559551516233,0.0,0.8471244044848376
0.15287559550396493,0.0,0.8471244044960351
0.1528755954989331,0.0,0.847124404501067
0.15287559549660099,0.0,0.847124404503399
0.15287559549545107,0.0,0.8471244045045488
0.1528755954948188,0.0,0.8471244045051812
0.1528755954944132,0.0,0.8471244045055868
0.15287559549410687,0.0,0.8471244045058931
0.15287559549384397,0.0,0.847124404506156
0.15287559549358995,0.0,0.84712440450641
0.1528755954933156,0.0,0.8471244045066844
0.15287559549299545,0.0,0.8471244045070045
0.15287559549259208,0.0,0.8471244045074079
0.15287559549231353,0.0,0.8471244045076864
0.15287559549153376,0.0,0.8471244045084663
0.15287559549011737,0.0,0.8471244045098826
0.15287559548633384,0.0,0.8471244045136662
0.15287559546760204,0.0,0.847124404532398
0.15287559536046916,0.0,0.8471244046395309
