0.15,0.55,0.3
0.15008751263592185,0.5449499221965598,0.3049625651675184
0.15114204572249595,0.5185667049307823,0.3302912493467219
0.15149435798548705,0.512578828812157,0.33592681320235607
0.15600835120763543,0.45774883253266163,0.38624281625970297
0.17096376483179643,0.33236622255588405,0.4966700126123195
0.1906422265270934,0.1938279035171617,0.6155298699557449
0.2023676744589899,0.11607592276525688,0.6815564027757532
0.2092868618058862,0.0711228766992883,0.7195902614948255
0.2147219200586462,0.03617441834452308,0.7491036615968307
0.21824970831856005,0.013634200423381745,0.7681160912580581
0.21942132169900933,0.006171015324356224,0.7744076629766344
0.2198836567246042,0.003228902078899124,0.7768874411964967
0.2201629197695326,0.0014525814847861148,0.7783844987456813
0.22028946566491142,0.0006478514616404212,0.7790626828734482
0.2203459571974492,0.0002886500748292498,0.7793653927277215
0.22037113732894364,0.00012855001587851645,0.7795003126551778
0.22039496831977587,0.0,0.7796050316802241
0.2203929641550849,0.0,0.7796070358449151
0.2203920718833208,0.0,0.7796079281166791
0.220391674646372,0.0,0.779608325353628
0.220391497799527,0.0,0.779608502200473
0.2203914190689725,0.0,0.7796085809310275
0.220391384018847,0.0,0.7796086159811529
0.2203913684147636,0.0,0.7796086315852364
0.2203913614678292,0.0,0.7796086385321708
0.22039135837495322,0.0,0.7796086416250468
0.22039135699785709,0.0,0.7796086430021429
0.22039135638460508,0.0,0.779608643615395
0.22039135611140712,0.0,0.7796086438885929
0.22039135598959703,0.0,0.779608644010403
0.220391355935183,0.0,0.779608644064817
0.22039135591077286,0.0,0.7796086440892271
0.22039135589972006,0.0,0.7796086441002799
0.2203913558946138,0.0,0.7796086441053861
0.2203913558921549,0.0,0.779608644107845
0.22039135589087455,0.0,0.7796086441091254
0.22039135589011885,0.0,0.7796086441098812
0.2203913558895959,0.0,0.7796086441104041
0.22039135588916806,0.0,0.779608644110832
0.22039135588876974,0.0,0.7796086441112303
0.22039135588835915,0.0,0.7796086441116409
0.22039135588789685,0.0,0.7796086441121032
0.22039135588733003,0.0,0.77960864411267
0.22039135588656955,0.0,0.7796086441134304
0.22039135588542147,0.0,0.7796086441145786
0.22039135588331996,0.0,0.7796086441166801
0.22039135587790978,0.0,0.7796086441220902
0.22039135586577557,0.0,0.7796086441342244
0.22039135581024868,0.0,0.7796086441897514
0.22039135571346996,0.0,0.7796086442865301
