0.2,0.55,0.25
0.19943863950427332,0.5470555300079862,0.25350583048774056
0.19758140873321817,0.5322424738874925,0.2701761173792893
0.19731121530781684,0.5285470813008187,0.2741417033913645
0.19707672360572498,0.4932298637499213,0.30969341264435374
0.20587361003995402,0.39952196343485175,0.3946044265251942
0.2298715841697431,0.2461972280559889,0.5239311877742681
0.25110016295555604,0.12879671403715975,0.6201031230072842
0.26507881371141356,0.054859945286668724,0.6800612410019178
0.2716485476240995,0.02068505403025707,0.7076663983456434
0.2738150624026308,0.009480083676931234,0.7167048539204379
0.2745972388543354,0.005442040866503217,0.7199607202791615
0.2751442446919925,0.002620320092892887,0.7222354352151146
0.275408598421928,0.0012573059796556342,0.7233340955984163
0.2755356676777398,0.0006022835049053431,0.7238620488173548
0.2755965889062169,0.0002882782657534845,0.7241151328280295
0.27562576020918994,0.0001379289834128325,0.7242363108073973
0.27565790834878234,0.0,0.7243420916512177
0.27565509861190524,0.0,0.7243449013880947
0.27565375467236475,0.0,0.7243462453276353
0.27565311186419167,0.0,0.7243468881358084
0.27565280441226153,0.0,0.7243471955877384
0.27565265736040356,0.0,0.7243473426395963
0.27565258702676193,0.0,0.724347412973238
0.2756525533867281,0.0,0.7243474466132719
0.27565253729686573,0.0,0.7243474627031343
0.27565252960105907,0.0,0.724347470398941
0.27565252592003575,0.0,0.7243474740799642
0.2756525241592382,0.0,0.7243474758407619
0.2756525233168628,0.0,0.7243474766831371
0.27565252291375847,0.0,0.7243474770862416
0.2756525227207523,0.0,0.7243474772792476
0.27565252262823386,0.0,0.7243474773717661
0.27565252258377754,0.0,0.7243474774162224
0.27565252256230877,0.0,0.7243474774376912
0.2756525225518347,0.0,0.7243474774481653
0.27565252254661926,0.0,0.7243474774533808
0.27565252254391887,0.0,0.7243474774560812
0.27565252254242145,0.0,0.7243474774575785
0.27565252254149947,0.0,0.7243474774585005
0.2756525225408527,0.0,0.7243474774591473
0.2756525225403375,0.0,0.7243474774596625
0.27565252253987316,0.0,0.7243474774601268
0.27565252253941125,0.0,0.7243474774605887
0.2756525225389151,0.0,0.724347477461085
0.27565252253830486,0.0,0.7243474774616951
0.2756525225375402,0.0,0.7243474774624599
0.2756525225366112,0.0,0.7243474774633888
0.2756525225349696,0.0,0.7243474774650305
0.2756525225317132,0.0,0.7243474774682869
0.2756525225218805,0.0,0.7243474774781196
0.27565252246801697,0.0,0.7243474775319831
0.27565252233793575,0.0,0.7243474776620643
