0.30000000000000004,0.6000000000000001,0.10000000000000002
0.2957987245440076,0.6037968799782734,0.10040439547771901
0.2773800760362616,0.6203047520460129,0.10231517191772564
0.2734198472826018,0.6238217650849105,0.10275838763248779
0.24334515880824528,0.650068564493001,0.10658627669875366
0.1384847366954415,0.7268042599216463,0.13471100338291214
0.10256912729091355,0.7313938308577187,0.16603704185136767
0.08328832007971763,0.6949415061848241,0.2217701737354583
0.07980836180963848,0.5858531298883024,0.3343385083020591
0.08680569821937763,0.45961388489285754,0.45358041688776474
0.10053490599387609,0.2842992483112498,0.6151658456948741
0.11104622813714146,0.162731798785135,0.7262219730777235
0.11937446233725744,0.06953380982803725,0.8110917278347053
0.12245690503865958,0.035489574479330814,0.8420535204820097
0.12441442213431538,0.013970191241314718,0.8616153866243699
0.1250775854999619,0.006696101665207357,0.8682263128348308
0.12539811609364857,0.0031830818282128914,0.8714188020781386
0.12555991597618318,0.0014104366332543174,0.8730296473905625
0.12563174476176348,0.0006236415555010186,0.8737446136827355
0.12566353108225922,0.0002754904342689915,0.8740609784834719
0.12567757767223192,0.0001216456630834851,0.8742007766646847
0.12569053117752169,0.0,0.8743094688224783
0.12568949972159713,0.0,0.8743105002784028
0.12568904440305861,0.0,0.8743109555969414
0.1256888434150772,0.0,0.8743111565849229
0.12568875469524762,0.0,0.8743112453047525
0.12568871553278507,0.0,0.874311284467215
0.12568869824577564,0.0,0.8743113017542243
0.1256886906149306,0.0,0.8743113093850694
0.12568868724646087,0.0,0.8743113127535391
0.12568868575946632,0.0,0.8743113142405337
0.1256886851029824,0.0,0.8743113148970176
0.1256886848130979,0.0,0.8743113151869021
0.12568868468503577,0.0,0.8743113153149643
0.12568868462840435,0.0,0.8743113153715957
0.12568868460330349,0.0,0.8743113153966965
0.12568868459212065,0.0,0.8743113154078793
0.12568868458708146,0.0,0.8743113154129185
0.12568868458475416,0.0,0.8743113154152458
0.12568868458362392,0.0,0.8743113154163761
0.1256886845830221,0.0,0.8743113154169779
0.1256886845826535,0.0,0.8743113154173465
0.12568868458238788,0.0,0.8743113154176121
0.1256886845821677,0.0,0.8743113154178324
0.12568868458195698,0.0,0.874311315418043
0.12568868458174176,0.0,0.8743113154182582
0.1256886845814818,0.0,0.8743113154185181
0.12568868458115795,0.0,0.8743113154188421
0.12568868458071497,0.0,0.874311315419285
0.12568868458002797,0.0,0.8743113154199721
0.12568868457871304,0.0,0.8743113154212869
0.12568868457485338,0.0,0.8743113154251466
0.12568868455960025,0.0,0.8743113154403998
0.12568868449840365,0.0,0.8743113155015964
0.12568868447139345,0.0,0.8743113155286065
