0.35,0.6,0.05
0.34412469622452013,0.6058557026241549,0.050019601151324956
0.3166040787705251,0.6332804210892786,0.05011550014019643
0.31660407877052504,0.6332804210892785,0.05011550014019642
0.31102353681746286,0.6388406656919711,0.05013579749056607
0.26833078012665246,0.6813680275037607,0.05030119236958684
0.13447608030373603,0.8145864576355952,0.0509374620606688
0.06154382848099311,0.8871943680870845,0.051261803431922444
0.0275826381837753,0.9212357575691011,0.051181604247123536
0.01439627840491019,0.934707864245929,0.050895857349160765
0.006813588797054363,0.9427864011258468,0.05040001007709881
0.00315284928354211,0.9470962582122022,0.049750892504255635
0.0014517384325526475,0.9495673509092993,0.048980910658148025
0.0006655805434987164,0.9512363963862619,0.048098023070239415
0.0003038512267846962,0.952593691934909,0.047102456838306404
0.00013809187784450094,0.9538705481017852,0.04599136002037033
0.0,0.9552358112937747,0.04476418870622533
0.0,0.956588529037871,0.04341147096212902
0.0,0.9580618145492276,0.04193818545077237
0.0,0.9596537024246831,0.04034629757531689
0.0,0.9613587179852137,0.03864128201478625
0.0,0.9631677245786794,0.03683227542132065
0.0,0.9647331660759672,0.0352668339240329
0.0,0.9655365221845866,0.03446347781541338
0.0,0.9672880923716072,0.032711907628392815
0.0,0.9692195762907545,0.030780423709245476
0.0,0.971186926219357,0.028813073780643007
0.0,0.9731637442306259,0.02683625576937413
0.0,0.9751297933397082,0.02487020666029182
0.0,0.9770653569747456,0.022934643025254303
0.0,0.9789520145436694,0.021047985456330656
0.0,0.9807733038906501,0.01922669610934998
0.0,0.9825152239758046,0.017484776024195424
0.0,0.984166552461308,0.015833447538692015
0.0,0.9857189750988139,0.014281024901186054
0.0,0.9871670434131529,0.012832956586847164
0.0,0.9885079895447999,0.011492010455200033
0.0,0.9897414386722286,0.010258561327771438
0.0,0.9903184931249176,0.009681506875082398
0.0,0.991164813246706,0.008835186753293992
0.0,0.9921404385038838,0.007859561496116229
0.0,0.9931194733325774,0.00688052666742255
0.0,0.9941279471280475,0.005872052871952544
0.0,0.9952073194729214,0.004792680527078695
0.0,0.9963960726129744,0.0036039273870256826
0.0,0.9977146887601136,0.0022853112398863898
0.0,0.9990145899378743,0.0009854100621257036
0.0,0.9995806596470406,0.0004193403529594522
0.0,0.9998225594054017,0.00017744059459835792
0.0,1.0,0.0
