0.1,0.7,0.2
0.09922278628762841,0.6981507009810283,0.20262651273134338
0.09612836356892958,0.6885831569852545,0.21528847944581603
0.09612836356892955,0.6885831569852544,0.21528847944581597
0.0955219144994907,0.6861397879466179,0.21833829755389136
0.09178086874803731,0.6619405694560985,0.24627856179586433
0.09376750127678872,0.5191681774478993,0.387064321275312
0.10333043656422003,0.3934575489226912,0.5032120145130888
0.10894066272353405,0.3301596148659911,0.5608997224104749
0.1232990995976633,0.17948448408541037,0.6972164163169263
0.13213501756710877,0.09084004288137523,0.7770249395515161
0.1353051869092574,0.05948353917137335,0.8052112739193693
0.13884712749267505,0.02466756719564843,0.8364853053116765
0.1403720182169169,0.009741498404911307,0.8498864833781719
0.14077101771837394,0.00584176550407656,0.8533872167775496
0.14107182491099793,0.002903284536711088,0.856024890552291
0.14123572960426584,0.0013027065584907706,0.8574615638372434
0.14130940123176533,0.0005834069748822186,0.8581071917933525
0.1413424200955496,0.00026104953264080284,0.8583965303718096
0.14135719974624586,0.00011676341270785423,0.8585260368410463
0.14137119352538993,0.0,0.85862880647461
0.1413700695263296,0.0,0.8586299304736704
0.14136956691548824,0.0,0.8586304330845117
0.14136934217144578,0.0,0.8586306578285542
0.14136924167736944,0.0,0.8586307583226306
0.14136919674168028,0.0,0.8586308032583198
0.1413691766487702,0.0,0.8586308233512299
0.14136916766420796,0.0,0.8586308323357921
0.14136916364669191,0.0,0.8586308363533081
0.14136916185016635,0.0,0.8586308381498337
0.14136916104674552,0.0,0.8586308389532545
0.14136916068738645,0.0,0.8586308393126135
0.14136916052658732,0.0,0.8586308394734127
0.14136916045457326,0.0,0.8586308395454267
0.141369160422259,0.0,0.858630839577741
0.14136916040769631,0.0,0.8586308395923037
0.14136916040107114,0.0,0.8586308395989288
0.14136916039799519,0.0,0.8586308396020048
0.14136916039650624,0.0,0.8586308396034937
0.14136916039572692,0.0,0.8586308396042731
0.1413691603952649,0.0,0.8586308396047351
0.1413691603949448,0.0,0.8586308396050553
0.14136916039468814,0.0,0.8586308396053118
0.14136916039445407,0.0,0.858630839605546
0.1413691603942036,0.0,0.8586308396057963
0.14136916039393538,0.0,0.8586308396060646
0.14136916039361241,0.0,0.8586308396063876
0.1413691603931913,0.0,0.8586308396068086
0.14136916039260067,0.0,0.8586308396073993
0.14136916039151873,0.0,0.8586308396084813
0.14136916038888878,0.0,0.8586308396111112
0.14136916037742653,0.0,0.8586308396225736
0.1413691602931157,0.0,0.8586308397068843
0.14136916027020502,0.0,0.858630839729795
