0.15,0.7,0.15
0.1481746740690711,0.7004909781868173,0.15133434774411159
0.14053226888325537,0.7018393871025095,0.1576283440142352
0.1389088356703965,0.7019522586624849,0.15913890566711855
0.1272278854712575,0.7001768379795865,0.17259527654915607
0.10679059920571382,0.6670327997910347,0.22617660100325157
0.10367482382118114,0.5499108723275192,0.3464143038512997
0.11130547856714088,0.4434226537287731,0.44527186770408606
0.1247195942437844,0.3037731558777169,0.5715072498784987
0.139606177562145,0.16461966963057,0.6957741528072849
0.14629067817894928,0.10442791833297085,0.7492814034880798
0.15131258167722142,0.059790806352780626,0.7888966119699979
0.1554142088176179,0.023629189282540458,0.8209566018998418
0.15687721141127425,0.010786599661798287,0.8323361889269274
0.157410912648746,0.00610840444461232,0.8364806829066417
0.1577760990397932,0.0029093583889580224,0.8393145425712487
0.15795172909993282,0.0013714116212822478,0.8406768592787849
0.15803660571612155,0.0006283026376945246,0.8413350916461839
0.15807552357416368,0.0002875992580812151,0.8416368771677551
0.15809334459259858,0.0001315926015465999,0.8417750628058548
0.15811101836173086,0.0,0.8418889816382691
0.1581095852359294,0.0,0.8418904147640706
0.15810892969400098,0.0,0.8418910703059991
0.15810862984282034,0.0,0.8418913701571796
0.15810849268952545,0.0,0.8418915073104745
0.15810842995524935,0.0,0.8418915700447507
0.15810840126043038,0.0,0.8418915987395696
0.1581083881352948,0.0,0.8418916118647052
0.15810838213173725,0.0,0.8418916178682627
0.15810837938558933,0.0,0.8418916206144106
0.15810837812937995,0.0,0.8418916218706199
0.15810837755466814,0.0,0.8418916224453319
0.1581083772916731,0.0,0.8418916227083268
0.15810837717125723,0.0,0.8418916228287429
0.158108377116057,0.0,0.841891622883943
0.1581083770906864,0.0,0.8418916229093136
0.15810837707895986,0.0,0.8418916229210401
0.1581083770734741,0.0,0.8418916229265259
0.1581083770708429,0.0,0.8418916229291571
0.15810837706951741,0.0,0.8418916229304827
0.15810837706878908,0.0,0.8418916229312109
0.1581083770683339,0.0,0.8418916229316661
0.15810837706800368,0.0,0.8418916229319964
0.15810837706772413,0.0,0.8418916229322759
0.15810837706745687,0.0,0.8418916229325432
0.1581083770671861,0.0,0.8418916229328138
0.15810837706687686,0.0,0.8418916229331233
0.15810837706647976,0.0,0.8418916229335202
0.1581083770659462,0.0,0.8418916229340538
0.15810837706513767,0.0,0.8418916229348623
0.15810837706365205,0.0,0.841891622936348
0.15810837705963748,0.0,0.8418916229403626
0.15810837705125286,0.0,0.8418916229487472
0.15810837698418595,0.0,0.8418916230158141
0.15810837693222188,0.0,0.8418916230677781
