0.6,0.1,0.3
0.6000525415512735,0.09893235762087528,0.30101510082785116
0.6003376979416564,0.09458364478100958,0.3050786572773341
0.600424157028669,0.09351418549391029,0.30606165747742076
0.6013220495754151,0.08492605897222608,0.3137518914523589
0.607859531849184,0.048874028855526955,0.3432664392952891
0.6140986962725853,0.023696604926095922,0.3622046988013188
0.6177312062542868,0.010497071992602617,0.37177172175311063
0.6194666547298358,0.004437263668152733,0.3760960816020115
0.6199466496699105,0.0027848893142260484,0.37726846101586353
0.6203544052966227,0.0013887149004806513,0.3782568798028967
0.6205796484926078,0.0006203387961708745,0.3788000127112214
0.6206806421494786,0.0002764692777419604,0.3790428885727794
0.6207257275305993,0.0001230889683406379,0.37915118350106
0.6207798192422959,0.0,0.37922018075770414
0.6207698864064621,0.0,0.37923011359353787
0.6207654672231784,0.0,0.3792345327768216
0.6207635012359934,0.0,0.3792364987640065
0.62076262664263,0.0,0.37923737335736996
0.6207623075134155,0.0,0.37923769248658457
