0.8,0.1,0.1
0.7981586619587783,0.10177452410904214,0.10006681393217941
0.7892102873864306,0.11039385708476393,0.1003958555288055
0.78720385220095,0.1123255067778164,0.10047064102123368
0.770091633937952,0.1287843245590491,0.10112404150299893
0.6576332856035781,0.2360989327721675,0.10626778162425436
0.5082318891973971,0.3748756376890042,0.11689247311359863
0.35802761859994403,0.5027281906368225,0.1392441907632335
0.26809926182106847,0.5560120563596722,0.1758886818192593
0.2229249320253648,0.526870312809164,0.2502047551654713
0.221357541529508,0.4447362344164997,0.3339062240539923
0.23452440324556362,0.3426429346588776,0.42283266209555886
0.2516052327284786,0.24445697559412577,0.5039377916773956
0.27606324961464235,0.11888810262011304,0.6050486477652446
0.2911315343455678,0.04532969193882791,0.6635387737156042
0.2967027575399197,0.01857836685249399,0.6847188756075863
0.2990754441096475,0.007244809051864483,0.693679746838488
0.2998736181180449,0.003439614467395477,0.6966867674145596
0.3002591637073446,0.0016028760242641615,0.6981379602683911
0.3004448492725951,0.0007185673682509051,0.698836583359154
0.30052818439534845,0.0003217551924736509,0.699150060412178
0.3005655181937937,0.00014399754961465762,0.6992904842565917
0.3006015976925713,0.0,0.6993984023074288
0.3005983730575262,0.0,0.6994016269424739
0.30059693044457453,0.0,0.6994030695554254
0.30059628507956465,0.0,0.6994037149204353
0.30059599637406054,0.0,0.6994040036259395
0.3005958672216706,0.0,0.6994041327783294
0.3005958094453749,0.0,0.6994041905546251
0.3005957835990476,0.0,0.6994042164009524
0.30059577203650845,0.0,0.6994042279634914
0.3005957668637795,0.0,0.6994042331362206
0.30059576454951203,0.0,0.6994042354504879
0.3005957635139682,0.0,0.6994042364860319
0.30059576305045715,0.0,0.6994042369495428
0.3005957628428431,0.0,0.6994042371571568
0.30059576274970384,0.0,0.6994042372502961
0.3005957627077744,0.0,0.6994042372922256
0.3005957626887536,0.0,0.6994042373112465
0.3005957626855358,0.0,0.6994042373144642
