0.75,0.15,0.1
0.7473860028575293,0.15251270643758671,0.1001012907048841
0.7349365502071389,0.1644700663328913,0.10059338345996979
0.7321268256919882,0.1671664571847474,0.10070671712326444
0.708456792218434,0.18984650266127454,0.10169670512029144
0.5633494445681936,0.3270183318335877,0.10963222359821867
0.40203566781695516,0.4718065675093873,0.1261577646736575
0.29382113617059663,0.5537039774494799,0.1524748863799236
0.22590236682465678,0.5705352431255731,0.20356239004977006
0.20597621715443573,0.4813876678156987,0.3126361150298656
0.21694619001053764,0.3765866595214701,0.4064671504679923
0.23070159952946337,0.28951337891663986,0.4797850215538968
0.25362320532825156,0.16282594178525875,0.5835508528864897
0.26921135713428024,0.08193294317935504,0.6488556996863648
0.27516519446318627,0.051672649586324025,0.6731621559504897
0.2812317170766589,0.021114849013977612,0.6976534339093635
0.2836525234582204,0.008989219429389992,0.7073582571123895
0.2844964949166245,0.004770292502502412,0.7107332125808731
0.284998503440129,0.0022628109444536044,0.7127386856154174
0.2852403789025201,0.001055195584540299,0.7137044255129397
0.2853533448315795,0.0004913058406012902,0.7141553493278192
0.2854059803428965,0.0002285915861516023,0.7143654280709518
0.2854304784497498,0.00010632217542093012,0.7144631993748293
0.28545598904453023,0.0,0.7145440109554697
0.2854537382146694,0.0,0.7145462617853306
0.28545269157081826,0.0,0.7145473084291818
0.28545220488865813,0.0,0.7145477951113419
0.28545197858708443,0.0,0.7145480214129155
0.2854518733598657,0.0,0.7145481266401343
0.2854518244305996,0.0,0.7145481755694004
0.28545180167903933,0.0,0.7145481983209607
0.28545179109970187,0.0,0.7145482089002981
0.2854517861802531,0.0,0.7145482138197469
0.28545178389256104,0.0,0.714548216107439
0.28545178282859307,0.0,0.714548217171407
0.28545178233363677,0.0,0.7145482176663632
0.2854517821032618,0.0,0.7145482178967382
0.2854517819959127,0.0,0.7145482180040873
0.28545178194576876,0.0,0.7145482180542312
0.28545178192222415,0.0,0.7145482180777758
0.28545178191104786,0.0,0.7145482180889521
0.2854517819056226,0.0,0.7145482180943774
0.28545178190287157,0.0,0.7145482180971284
0.28545178190136394,0.0,0.7145482180986361
0.28545178190043446,0.0,0.7145482180995656
0.2854517818997738,0.0,0.7145482181002262
0.2854517818992281,0.0,0.7145482181007718
0.2854517818987377,0.0,0.7145482181012622
0.285451781898238,0.0,0.7145482181017621
0.28545178189767884,0.0,0.7145482181023212
0.2854517818969646,0.0,0.7145482181030355
0.2854517818959893,0.0,0.7145482181040108
0.2854517818945544,0.0,0.7145482181054456
0.2854517818920332,0.0,0.7145482181079669
0.2854517818858549,0.0,0.714548218114145
0.2854517818580284,0.0,0.7145482181419717
0.2854517816999642,0.0,0.7145482183000358
