0.4,0.3,0.3
0.40011394253460314,0.2969791279549429,0.30290692951045395
0.4010844242617755,0.2831098937374567,0.3158056820007678
0.40141003634125044,0.2797828926500523,0.31880707100869726
0.40531367827840176,0.25105214635725426,0.34363417536434404
0.42903948896996014,0.14369600235485558,0.42726450867518434
0.44634585508328417,0.0800261044891746,0.4736280404275412
0.44700539121049443,0.07769627387397998,0.4752983349155256
0.45182561428492546,0.060827796883696106,0.4873465888313785
0.46176792100932174,0.026786243383542796,0.5114458356071354
0.46706755783256904,0.008980009657712095,0.5239524325097188
0.4671095585042576,0.00883970801670505,0.5240507334790374
0.4671509240438249,0.008701539986836603,0.5241475359693385
0.467242078210868,0.00839711125254901,0.524360810536583
0.46786791571495134,0.0063085396217586,0.5258235446632901
0.4689191939008276,0.0028059903602329463,0.5282748157389395
0.46940865665286574,0.0011778385359189143,0.5294135048112153
0.4695339750968212,0.0007612312672336851,0.5297047936359451
0.469542137257004,0.0007341006303701352,0.5297237621126258
0.4695978074298499,0.0005490671962087919,0.5298531253739412
0.4696854080613613,0.00025794489095366194,0.5300566470476851
0.4697291082626424,0.00011273570328546831,0.5301581560340721
0.46977135306653184,0.0,0.5302286469334682
0.46976667083572615,0.0,0.5302333291642739
0.46976462522320483,0.0,0.5302353747767952
0.46976373154819084,0.0,0.5302362684518092
0.46976334113016033,0.0,0.5302366588698397
0.4697631705698028,0.0,0.5302368294301972
0.4697630960577005,0.0,0.5302369039422995
0.4697630635056098,0.0,0.5302369364943902
0.4697630492843,0.0,0.5302369507157
0.46976304307102595,0.0,0.5302369569289741
0.4697630403561634,0.0,0.5302369596438367
0.4697630391696258,0.0,0.5302369608303742
0.46976303865075614,0.0,0.5302369613492439
0.46976303842356554,0.0,0.5302369615764345
0.4697630383237986,0.0,0.5302369616762014
0.46976303827969834,0.0,0.5302369617203017
0.46976303825991667,0.0,0.5302369617400834
0.46976303825075894,0.0,0.5302369617492411
0.46976303824624227,0.0,0.5302369617537577
0.4697630382437534,0.0,0.5302369617562467
0.4697630382421501,0.0,0.5302369617578498
0.46976303824093385,0.0,0.5302369617590662
0.4697630382398539,0.0,0.5302369617601461
0.4697630382387769,0.0,0.5302369617612231
0.4697630382375986,0.0,0.5302369617624013
0.4697630382361945,0.0,0.5302369617638054
0.46976303823575205,0.0,0.530236961764248
