0.2,0.5,0.3
0.19906822944820185,0.5004320909450596,0.30049967960673857
0.1962132128544084,0.5017050593927034,0.3020817277528882
0.19531742448258324,0.5020873253912288,0.302595250126188
0.18850502912556688,0.5046695232097426,0.3068254476646905
0.16776288130204353,0.5048347164207834,0.3274024022771731
0.16727260949081715,0.5044983935267152,0.3282289969824676
0.16385084951745607,0.5008093679311725,0.33533978255137137
0.1613136988095372,0.460385405360073,0.3783008958303899
0.19375028151375437,0.3296477854797404,0.4766019330065052
0.22416787774614466,0.2363266498563403,0.539505472397515
0.2416022741199916,0.18761403800329776,0.5707836878767106
0.28180682324271794,0.09037731207240339,0.6278158646848787
0.3001727286043287,0.05623198167260771,0.6435952897230636
0.3184969440229536,0.031103040470263937,0.6504000155067825
0.3425581283303383,0.011909069465575753,0.645532802204086
0.3584590001680919,0.005768803166005518,0.6357721966659027
0.3732312705215124,0.0028189789735383252,0.6239497505049493
0.38716537784970156,0.0013985605539902593,0.6114360615963083
0.4004139582888947,0.0007063941009836229,0.5988796476101217
0.41305991648040696,0.0003635955999236755,0.5865764879196693
0.4251527629679941,0.00019075279306875282,0.5746564842389372
0.43733827278524573,0.0,0.5626617272147543
0.44926362118360996,0.0,0.5507363788163901
0.46098861531707513,0.0,0.5390113846829249
0.4725142201405843,0.0,0.5274857798594158
0.4838462328679437,0.0,0.5161537671320563
0.49500118550180955,0.0,0.5049988144981905
0.5060227102001531,0.0,0.49397728979984684
0.5174588003226515,0.0,0.4825411996773486
0.5284053306246492,0.0,0.47159466937535083
0.5349672966407103,0.0,0.4650327033592897
0.5431564747551224,0.0,0.45684352524487765
0.5534715436176816,0.0,0.44652845638231836
0.5638187680607969,0.0,0.4361812319392031
0.5735344442745323,0.0,0.42646555572546774
0.5830010707929355,0.0,0.4169989292070645
0.5922604166020472,0.0,0.40773958339795274
0.5990833551810202,0.0,0.40091664481897976
0.5997237317155335,0.0,0.40027626828446644
0.6047357124311148,0.0,0.39526428756888526
0.6387023239798316,0.0,0.36129767602016827
0.6949440076268273,0.0,0.30505599237317277
0.7114261242141718,0.0,0.28857387578582816
0.7116437246312997,0.0,0.2883562753687004
0.7133529377149425,0.0,0.28664706228505754
0.7252325166683767,0.0,0.27476748333162315
0.7476129913509674,0.0,0.2523870086490326
0.7477117526983236,0.0,0.2522882473016764
0.7484879882061719,0.0,0.2515120117938281
0.7539011641865644,0.0,0.24609883581343547
0.7624089674631986,0.0,0.23759103253680147
0.762459462514532,0.0,0.23754053748546808
0.7628559569433431,0.0,0.23714404305665693
0.7655983259402519,0.0,0.23440167405974807
0.772776371934639,0.0,0.227223628065361
0.7748290907405402,0.0,0.22517090925945982
0.7751520718250261,0.0,0.2248479281749739
0.7751631009375097,0.0,0.2248368990624903
0.7751632548176872,0.0,0.22483674518231275
0.7751644020511209,0.0,0.22483559794887903
0.7751698165400485,0.0,0.22483018345995157
0.7751728647227252,0.0,0.22482713527727483
