0.05,0.65,0.3
0.0496312008183418,0.6508877378208255,0.29948106136083275
0.04830486376281682,0.6541607247610278,0.29753441147615545
0.04793784819513307,0.655088983539405,0.296973168265462
0.04499145635006379,0.662908636766758,0.2920999068831781
0.03111254771425795,0.7097826077793128,0.2591048445064293
0.030776042927562326,0.7111541225967877,0.25806983447565
0.028101191780145616,0.7225177252358062,0.24938108298404824
0.012186783795211167,0.8132026708749239,0.17461054532986492
0.005931512610400336,0.8691416552643934,0.12492683212520642
0.002247550597161775,0.9194416056953207,0.07831084370751763
0.0006471731228262651,0.9568449634942536,0.04250786338292006
0.0002872596962104678,0.9712753984798095,0.028437341823979924
0.000142908563128138,0.9797523622534668,0.02010472918340505
0.0,0.98604668557654,0.013953314423459961
0.0,0.9908399257862369,0.009160074213763011
0.0,0.9940184730249224,0.00598152697507757
0.0,0.9961077706155981,0.003892229384401938
0.0,0.9974731290863466,0.0025268709136533752
0.0,0.998362000292374,0.0016379997076260298
0.0,0.9989392348786119,0.0010607651213880912
0.0,0.9993134873313974,0.0006865126686025686
0.0,0.9995558814266802,0.0004441185733197534
0.0,0.9997127675897842,0.00028723241021567654
0.0,0.9998142653372721,0.00018573466272784846
0.0,0.9998799107252712,0.00012008927472881169
0.0,1.0,0.0
