0.25,0.4,0.35
0.24856263805362644,0.399006943293432,0.35243041865294156
0.2429718445897273,0.3950380770111905,0.3619900783990822
0.24149188739367863,0.3939591746417508,0.36454893796457055
0.22924859815216994,0.38457909425144277,0.3861723075963873
0.15913704647694077,0.31485395007716604,0.5260090034458932
0.0903959188070905,0.2168340925791247,0.6927699886137848
0.05285061844445431,0.14690043520839147,0.8002489463471543
0.028482297423005353,0.0918231325129439,0.8796945700640508
0.012455918684530103,0.04808706470140908,0.9394570166140609
0.0084215214439924,0.0352672863220694,0.9563111922339382
0.004206859988435462,0.020281001360146836,0.9755121386514177
0.0017906889583909555,0.010230307287724678,0.9879790037538844
0.0007565155300079873,0.005119513357601662,0.9941239711123904
0.0003184700827215965,0.002552216577210685,0.9971293133400677
0.0001338406359522024,0.001270048958953282,0.9985961104050946
0.0,0.0006314997202169725,0.999368500279783
0.0,0.00031383985335753606,0.9996861601466425
0.0,0.00015594274928560907,0.9998440572507143
0.0,0.00012129198256087178,0.999878708017439
0.0,0.00012129198256087179,0.9998787080174392
0.0,0.00011919926979172333,0.9998808007302082
0.0,0.00010370627949589266,0.9998962937205041
0.0,0.0,1.0
