0.30000000000000004,0.6000000000000001,0.10000000000000002
0.299251282339008,0.6004086066016096,0.1003401110593826
0.29700105060830284,0.6016036854312039,0.10139526396049328
0.2962366257081209,0.6019984893316058,0.10176488496027328
0.28988447752561464,0.6050630437840391,0.10505247869034633
0.23423030087727637,0.6151526752020793,0.15061702392064444
0.15818035424617632,0.5666456129310605,0.2751740328227632
0.11305427480250221,0.48970317100486305,0.39724255419263477
0.08190306783335716,0.40906502215835244,0.5090319100082904
0.041691940000575925,0.261652428080836,0.696655631918588
0.017649240478497297,0.13865854183141596,0.8436922176900867
0.008512032114031582,0.0788692504064051,0.9126187174795634
0.002972508285196456,0.03432539868500383,0.9627020930297997
0.0012538103337365629,0.01722120352197046,0.981524986144293
0.0006147170607460715,0.009721678988851458,0.9896636039504024
0.00028521614422746523,0.005244418351805853,0.9944703655039667
0.00013036152273368303,0.002793296595943324,0.997076341881323
0.0,0.0014858952371135908,0.9985141047628864
0.0,0.0007898033170776493,0.9992101966829223
0.0,0.00041966240053354346,0.9995803375994665
0.0,0.00022294729913711257,0.9997770527008629
0.0,0.0001184302645389277,0.999881569735461
0.0,0.0,1.0
