0.25,0.65,0.1
0.2490614874913788,0.6502845783926149,0.10065393411600637
0.24568208424650545,0.6512413687966567,0.10307654695683784
0.24473169834728722,0.6514910162804265,0.10377728537228627
0.23697192684202817,0.6531991824336106,0.1098288907243612
0.1774130274297139,0.6419251878647774,0.18066178470550878
0.12590853711814706,0.5814999252137949,0.2925915376680579
0.0718614164103994,0.4390466402221591,0.48909194336744144
0.04074665452708285,0.3045050214426217,0.6547483240302955
0.017122505438024203,0.16215248829349657,0.8207250062684792
0.008514793845693196,0.09482095485400392,0.8966642513003029
0.0030485837443043097,0.0422209811858201,0.9547304350698756
0.0013869301432498423,0.02253143008920359,0.9760816397675466
0.0007640937461216735,0.013976779843278449,0.9852591264105999
0.00035013107934849376,0.007469158728945715,0.9921807101917058
0.00015863150656046285,0.003951445044156006,0.9958899234492836
0.0,0.0020866713941416547,0.9979133286058584
0.0,0.001100723598529778,0.9988992764014701
0.0,0.0005803502598868274,0.9994196497401132
0.0,0.0003059079790538976,0.9996940920209462
0.0,0.00016122525767250934,0.9998387747423275
0.0,0.0,1.0
