0.05,0.9,0.05
0.04961018210372838,0.8996451212649994,0.05074469663127229
0.04785603831488536,0.897844698665096,0.05429926302001871
0.0474791951354695,0.8974118392495044,0.05510896561502616
0.04454414927106638,0.8934112831253715,0.0620445676035621
0.02807460752542577,0.8348068997581696,0.13711849271640467
0.01875236285517867,0.7399831024842859,0.2412645346605354
0.011664671734229304,0.5960476406212954,0.3922876876444752
0.006430067031103992,0.417617124382495,0.575952808586401
0.003941955822658157,0.29875608454126595,0.6973019596360759
0.0019406751540167696,0.17731382017879396,0.8207455046671892
0.0007746995324002756,0.08729075016864304,0.9119345502989566
0.0002944814809846761,0.04063806050148909,0.9590674580175262
0.0001350978053336339,0.021816827691833927,0.9780480745028325
0.0,0.01160570760364175,0.9883942923963582
0.0,0.0061426752873721185,0.9938573247126279
0.0,0.003242701840305206,0.9967572981596947
0.0,0.0017094445751546488,0.9982905554248453
0.0,0.001005937905694725,0.9989940620943053
0.0,0.0006571967461464415,0.9993428032538535
0.0,0.00036319975788957003,0.9996368002421104
0.0,0.00019034057755996098,0.99980965942244
0.0,0.0,1.0
