0.4,0.3,0.3
0.40024117887392924,0.29984898141989613,0.2999098397061746
0.4006510156468401,0.2996051813308343,0.29974380302232556
0.40090906992630115,0.2994594236467338,0.299631506426965
0.4032922609892926,0.2983442942114376,0.29836344479926974
0.4114109296728638,0.29632735329872967,0.29226171702840653
0.41192088829626194,0.2962533796819924,0.29182573202174567
0.41658042648242655,0.29574136404537477,0.28767820947219874
0.44805031442561744,0.295306096557169,0.2566435890172135
0.5079098252536651,0.29482861790230425,0.19726155684403063
0.5629105893106023,0.29006911105229033,0.14702029963710733
0.6407469939892655,0.2736447251963616,0.08560828081437293
0.7112275272396624,0.24645683080991632,0.042315641950421284
0.7685379385859383,0.2132622479706593,0.018199813443402206
0.8084863171054164,0.18349215671388444,0.008021526180698981
0.8554737319579699,0.1423905682459758,0.0021356997960541037
0.8822515463921268,0.1169623433138109,0.0007861102940623782
0.8986513188601386,0.1009725535978703,0.0003761275419911082
0.9143063204597781,0.085528851408023,0.00016482813219895686
0.9282913222296206,0.0717086777703793,0.0
0.9402964855698059,0.0597035144301941,0.0
0.9505853024721966,0.04941469752780333,0.0
0.9593083176256524,0.04069168237434761,0.0
0.9666356468619902,0.03336435313800975,0.0
0.9715897630399338,0.028410236960066164,0.0
0.9758563139070758,0.02414368609292411,0.0
0.9795172541012843,0.020482745898715633,0.0
0.982648624176187,0.01735137582381289,0.0
0.9853197669209907,0.014680233079009298,0.0
0.9865025122162853,0.013497487783714748,0.0
0.9884438122353424,0.011556187764657621,0.0
0.9902142318784461,0.009785768121553916,0.0
0.9917252216218622,0.008274778378137797,0.0
0.9930071011394824,0.0069928988605176354,0.0
0.994093407334077,0.005906592665922981,0.0
0.9950131144445007,0.004986885555499234,0.0
0.9957911533033188,0.004208846696681132,0.0
0.9964489027424203,0.003551097257579737,0.0
0.9970046434443187,0.0029953565556813046,0.0
0.9974739695473573,0.0025260304526426823,0.0
0.997870156754617,0.002129843245382963,0.0
0.9982068033563326,0.001793196643667439,0.0
0.9984904424046368,0.0015095575953631912,0.0
0.9987404297152143,0.001259570284785722,0.0
0.9989694586484865,0.0010305413515134454,0.0
0.9991824765962636,0.000817523403736391,0.0
0.9992867512740257,0.0007132487259743995,0.0
0.9995146426448155,0.00048535735518455506,0.0
0.9997281101746298,0.00027188982537021026,0.0
0.9998720937923481,0.00012790620765193238,0.0
1.0,0.0,0.0
