0.30000000000000004,0.35000000000000003,0.35000000000000003
0.29873525707311693,0.34934443955598726,0.3519203033708959
0.2941735809286875,0.3469390908678549,0.3588873282034576
0.29284901436158317,0.3462286234468057,0.3609223621916111
0.28164673547219804,0.3400018065706117,0.3783514579571903
0.21520654290243005,0.29472458226926607,0.49006887482830397
0.12948306683886912,0.21327234181576435,0.6572445913453664
0.07852300796511903,0.1494852853958826,0.7719917066389983
0.03645396774884956,0.08374672494485659,0.8797993073062937
0.015343052208772696,0.04256034176972638,0.942096606021501
0.0056308899520628175,0.019174443380600228,0.975194666667337
0.0026446476879257376,0.010467782569264925,0.9868875697428094
0.0012334013097506015,0.005672861408925987,0.9930937372813233
0.0005580194142612427,0.00299744391740162,0.9964445366683371
0.0002519785567668125,0.0015805984242499987,0.9981674230189832
0.00011367494910519444,0.0008326305203867669,0.9990536945305081
0.0,0.0004384142019074207,0.9995615857980925
0.0,0.00023076564245270043,0.9997692343575473
0.0,0.00014451616034645538,0.9998554838396536
0.0,0.00014202279436460462,0.9998579772056353
0.0,0.0001235635906676063,0.9998764364093323
0.0,0.0,1.0
