0.25,0.5,0.25
0.24702144949163524,0.5020486844607557,0.25092986604760914
0.2345389025712815,0.510886204876695,0.2545748925520235
0.2316551563693208,0.5129956484403876,0.25534919519029164
0.20912663171768112,0.5306480091160376,0.26022535916628126
0.16156876762736772,0.5780780702084006,0.26035316216423177
0.10494123850671991,0.6597020406409737,0.23535672085230647
0.052744956285540684,0.7677546302404109,0.1795004134740485
0.022705332565141453,0.856815200634449,0.12047946680040933
0.008131151980852527,0.9204764944638297,0.07139235355531778
0.0032756042172142207,0.9524701365133007,0.044254259269485174
0.0016061969851077532,0.968123092953092,0.030270710061800266
0.0007102673178865364,0.9797535813995736,0.01953615128253991
0.0003106002781359622,0.9871818258053646,0.012507573916499416
0.00013486067636544634,0.9918982111269822,0.007966928196652333
0.0,0.9949414111467506,0.005058588853249427
0.0,0.996794913079353,0.003205086920647055
0.0,0.9979718631235232,0.0020281368764767833
0.0,0.9987176577783203,0.0012823422216796739
0.0,0.9991896204128984,0.0008103795871016
0.0,0.9994880441277849,0.0005119558722150316
0.0,0.9996766405931792,0.00032335940682083234
0.0,0.9997957864381258,0.00020421356187424938
0.0,0.9998710419675086,0.00012895803249140915
0.0,1.0,0.0
