0.9,0.05,0.05
0.8988186414084128,0.05116470092268337,0.050016657668903806
0.8924587149770374,0.05743426974059889,0.050107015282363665
0.8911114675138984,0.05876222790140247,0.05012630458469917
0.8792466088917682,0.07045493087771067,0.05029846023052118
0.768567098272073,0.1793399906258351,0.052092911102091924
0.6425752246165292,0.30322753495265325,0.05419724043081769
0.5579332281841338,0.38704967227082093,0.05501709954504518
0.395239992415409,0.5516691580456852,0.0530908495389058
0.2428083696290027,0.7117075589025624,0.04548407146843491
0.12453303959723386,0.8414819263029585,0.033985034099807715
0.05700879463598457,0.9199103353241703,0.023080870039845106
0.022166970747309098,0.9637440297403685,0.014088999512322358
0.00829575824423083,0.9833735523293659,0.008330689426403307
0.003706052157179311,0.9908988475565578,0.005395100286262933
0.0019015840557174528,0.9943379860915352,0.003760429852747318
0.0008646202107328149,0.9966819897196648,0.0024533900696023644
0.00039244092106494315,0.9980091354856854,0.0015984235932497203
0.00017793814798826914,0.9987814977577666,0.0010405640942452083
0.0,0.9993228657257287,0.0006771342742713748
0.0,0.9995595445671344,0.0004404554328656291
0.0,0.9997135407504334,0.00028645924956660157
0.0,0.9998137138838539,0.00018628611614615964
0.0,0.999878864914195,0.00012113508580497812
0.0,1.0,0.0
