0.85,0.1,0.05
0.8477420579987951,0.10222386993907942,0.05003407206212549
0.8358214808505063,0.11396218757975883,0.05021633156973491
0.8332832980642791,0.11646105428596201,0.05025564764975895
0.8111978713035372,0.138197235975448,0.050604892721014864
0.7053412295838083,0.24228355934667187,0.052375211069519804
0.5685393156408518,0.3774046817643898,0.05405600259475848
0.43885608115451025,0.5079220433093893,0.053221875536100575
0.27573611110251084,0.677441949061686,0.04682193983580307
0.14899560421210958,0.8147493237336751,0.03625507205421516
0.07280996361209346,0.9015468112080962,0.025643225179810412
0.02932971461381384,0.954642150124855,0.0160281352613312
0.01063240463720868,0.9800292607067036,0.009338334656087743
0.007272911898917249,0.9851127037489005,0.007614384352182264
0.0036947345728059735,0.9910211168899892,0.005284148537204896
0.0016593682417593162,0.9949139349701258,0.0034266967881148615
0.0007400402866042556,0.997047884217674,0.0022120754957217236
0.0003294956237844113,0.9982443617949972,0.001426142581218411
0.00014656297888952772,0.9989346698412072,0.0009187671799033905
0.0,0.9994083180118449,0.000591681988155055
0.0,0.9996190969618403,0.0003809030381597194
0.0,0.9997548226532058,0.00024517734679417716
0.0,0.9998421998523884,0.00015780014761167892
0.0,0.9998984431021815,0.00010155689781856102
0.0,1.0,0.0
