0.75,0.15,0.1
0.7474934880190482,0.15228896896522548,0.10021754301572633
0.7358806645001417,0.16287524829819733,0.10124408720166105
0.7332005958963659,0.16531409433648156,0.10148530976715256
0.7106294986265047,0.18579159888380314,0.10357890248969213
0.6006033538988919,0.28441448431426614,0.11498216178684192
0.47367572610386216,0.39869003773690415,0.12763423615923378
0.3571924616799731,0.5108644416992911,0.1319430966207359
0.20786871150672903,0.6754191799157752,0.11671210857749577
0.09997091404214939,0.8138777444771824,0.08615134148066816
0.050600186283924375,0.8874511406484353,0.061948673067640334
0.01947146607603429,0.9426488981720583,0.037879635751907406
0.008457266894725694,0.9671897057888318,0.02435302731644255
0.0042956128704573,0.9787611895941511,0.016943197535391558
0.001867797939117109,0.9873135164673464,0.010818685593536524
0.0008061085335749456,0.9923245781859853,0.006869313280439753
0.00034634256236224686,0.995306472088821,0.004347185348816862
0.00014839880134665843,0.9971060099227376,0.0027455912759158066
0.0,0.9982679358799647,0.001732064120035271
0.0,0.9989082439424504,0.0010917560575496338
0.0,0.9993121463384401,0.0006878536615598991
0.0,0.9995667427445962,0.0004332572554037915
0.0,0.999727152761975,0.00027284723802509323
0.0,0.9998281912257497,0.00017180877425036038
0.0,0.999891821509731,0.00010817849026901134
0.0,1.0,0.0
