0.8,0.15,0.05
0.7967623681040761,0.15318644522698252,0.05005118666894145
0.7799484625969518,0.16973154551824435,0.0503199918848039
0.7763538955460434,0.17326808741504998,0.05037801703890668
0.7453740084634057,0.2037431442055471,0.05088284733104708
0.615163339160241,0.33206928770317384,0.052767373136585194
0.41954630208614085,0.5286183253296772,0.05183537258418189
0.25960607647977363,0.6954613941169259,0.04493252940330054
0.13803333560486838,0.8276416372049985,0.03432502719013318
0.06668030212974765,0.9092678798503586,0.0240518180198937
0.026028827617754144,0.9592159782819979,0.014755194100247917
0.009607091517139267,0.9817228441068453,0.008670064376015457
0.004515448519026022,0.9897115399546658,0.0057730115263082945
0.0025413844894351316,0.9932273591242693,0.0042312563862956275
0.0011691688124436201,0.996052082830154,0.002778748357402341
0.0005251555812751646,0.9976744720894558,0.0018003723292690035
0.0002355853828794408,0.998599084565177,0.001165330051943555
0.00010560455456649738,0.9991405397524173,0.0007538556930161284
0.0,0.999512470427297,0.00048752957270301506
0.0,0.9996847954244519,0.0003152045755481571
0.0,0.9997962323698011,0.00020376763019889273
0.0,0.9998682816710633,0.000131718328936625
0.0,1.0,0.0
