0.55,0.3,0.15
0.5463823605074098,0.3028033784427637,0.15081426104982645
0.5310258105410267,0.31464053569351563,0.15433365376545766
0.5273277135437165,0.31747624625308535,0.15519604020319816
0.4972425625234408,0.3403445037592899,0.1624129337172694
0.364740042565357,0.4387163264894614,0.19654363094518157
0.23044913034056766,0.5544131500073691,0.21513771965206327
0.16923172801702444,0.6268436488676035,0.20392462311537204
0.10716585296489692,0.7180776384558907,0.17475650857921246
0.06039287188376151,0.8032562203716676,0.13635090774457093
0.027954998337153203,0.8782082157378881,0.09383678592495868
0.009674828941150262,0.9360077118258396,0.05431745923301007
0.006495775942994102,0.9494726487665602,0.0440315752904457
0.003353313390183355,0.965667575151686,0.030979111458130714
0.001412962962666112,0.9790955159104227,0.019491521126911184
0.0005876218587983847,0.9872654332930447,0.012146944848156925
0.00024242014467068922,0.9922316368337495,0.007525943021579858
0.0,0.9953531339125657,0.0046468660874343
0.0,0.9971374475909403,0.0028625524090597444
0.0,0.9982388769365929,0.001761123063407141
0.0,0.9989173641761746,0.0010826358238253731
0.0,0.9993347826933989,0.0006652173066010635
0.0,0.9995913847470814,0.00040861525291858536
0.0,0.9997490509440136,0.0002509490559864685
0.0,0.9998299583291265,0.0001700416708735514
0.0,0.9998849139044177,0.00011508609558234268
0.0,1.0,0.0
