0.3,0.55,0.15
0.2963436398241718,0.5534865436410632,0.15016981653476505
0.2807625210950778,0.5684378991996876,0.1507995797052345
0.2807625210950779,0.5684378991996877,0.15079957970523453
0.27721360512671117,0.5718660333408007,0.15092036153248808
0.249507160881613,0.5989602080168668,0.1515326311015201
0.11557309088939646,0.7448878860128992,0.13953902309770436
0.04062742289677454,0.8577297854222132,0.10164279168101215
0.01374916286710919,0.9219195590164148,0.06433127811647614
0.005189510100487513,0.9544720069134779,0.040338482986034624
0.0023028553359083137,0.9709431671860527,0.026753977478038954
0.0009911086340713806,0.9817454210237332,0.017263470342195417
0.0004178769194759281,0.988645839692777,0.010936283387747126
0.0001738499475179208,0.9929803906221032,0.006845759430378911
0.0,0.9957468680757143,0.004253131924285752
0.0,0.9970857947107238,0.0029142052892761686
0.0,0.9980071920831886,0.0019928079168114532
0.0,0.9986391332423327,0.0013608667576673866
0.0,0.99907155141625,0.0009284485837499958
0.0,0.9993669745948923,0.000633025405107757
0.0,0.9994773909542103,0.0005226090457897163
0.0,0.9996477807499722,0.00035221925002779927
0.0,0.9997743781949421,0.00022562180505798977
0.0,0.9998555035957241,0.0001444964042759963
0.0,1.0,0.0
