0.8,0.1,0.1
0.7982724443890644,0.10158829874762543,0.10013925686331018
0.790196909896909,0.10900514131344065,0.10079794878965026
0.7883384299720404,0.11071024599318278,0.10095132403477682
0.7726234687706076,0.12510224994947988,0.10227428127991248
0.6281166315440085,0.2558758945124799,0.11600747394351156
0.4271637611115567,0.43840751779941456,0.13442872108902884
0.2248865383269096,0.6353429554067156,0.1397705062663749
0.11147123801597184,0.765622540983697,0.12290622100033127
0.05452085682711082,0.8481996517100949,0.09727949146279433
0.017781587912732558,0.9217900400988961,0.06042837198837145
0.006272599519434274,0.9572123132844543,0.03651508719611143
0.002666529350563716,0.9737152718559575,0.02361819879347885
0.00109955391134995,0.9840353407531945,0.014865105335455531
0.0004445548580514054,0.990363309947886,0.009192135194062636
0.00017751872967057233,0.9942011121538609,0.005621369116468655
0.0,0.9965855429611501,0.003414457038849978
0.0,0.9979349290312242,0.002065070968775785
0.0,0.9987541738751147,0.0012458261248853252
0.0,0.9991807896474182,0.0008192103525817691
0.0,0.9994192642994346,0.0005807357005654201
0.0,0.999617612558107,0.00038238744189302736
0.0,0.9997509634263683,0.00024903657363171
0.0,0.9998380398740899,0.00016196012591001158
0.0,0.9998946846826601,0.00010531531733985314
0.0,1.0,0.0
