0.55,0.35,0.1
0.5452558074529704,0.35463656900927976,0.10010762353774998
0.5235805506114134,0.37589223573476466,0.10052721365382204
0.5186876316357324,0.3807073942745036,0.10060497408976386
0.47871359988974493,0.4202976680974879,0.1009887320127672
0.26550677103829906,0.641659683300543,0.092833545661158
0.148342414828946,0.775149053288158,0.07650853188289604
0.06252686636745777,0.8850039936175895,0.05246914001495268
0.02286491190183541,0.9453128012620573,0.03182228683610723
0.008922144714188103,0.9716654416414344,0.019412413644377558
0.004314824680179974,0.9825467230478903,0.013138452271929769
0.00192208846523411,0.9896131742564436,0.008464737278322363
0.0008450548739538761,0.9937582730820156,0.005396672044030496
0.00036916296129759846,0.9962092976276148,0.0034215394110875584
0.00016062868991870686,0.9976775821435372,0.002161789166544038
0.0,0.9986369908677825,0.001363009132217515
0.0,0.9991418713191821,0.0008581286808178504
0.0,0.9994601789503421,0.0005398210496579647
0.0,0.999660591301924,0.00033940869807606085
0.0,0.9997866685627895,0.00021333143721048346
0.0,0.9998659404210064,0.00013405957899362376
0.0,1.0,0.0
