0.45,0.4,0.15
0.44619166253959736,0.4034032582343702,0.15040507922603252
0.43032358600250953,0.41761503456003773,0.1520613794374528
0.4265118204894466,0.4210370251452077,0.1524511543653458
0.3960617491086672,0.44850289861257436,0.15543535227875827
0.1777069534492391,0.6605802319619702,0.16171281458879067
0.10109321122314797,0.7530670888969991,0.14583969987985307
0.04317201014613678,0.8463162688945455,0.11051172095931772
0.013114770888200188,0.921338931064606,0.06554629804719389
0.004525225736139987,0.9568959310857217,0.03857884317813835
0.0017633035933888447,0.9746881933902924,0.023548503016318802
0.0007877477171995768,0.9839231188777176,0.01528913340508288
0.00034613125486871956,0.989870079894046,0.00978378885108535
0.000150449651084045,0.9936476337364185,0.0062019166124974165
0.0,0.996092125091471,0.0039078749085289955
0.0,0.9975473222648771,0.002452677735122949
0.0,0.9984643328956392,0.0015356671043607814
0.0,0.9990399426584397,0.0009600573415602583
0.0,0.9994003669978534,0.0005996330021465878
0.0,0.9995935445132673,0.0004064554867326432
0.0,0.9997245631209286,0.00027543687907135997
0.0,0.9998133831232724,0.0001866168767275689
0.0,0.9998735772211798,0.00012642277882014512
0.0,0.9998959486374124,0.00010405136258761223
0.0,1.0,0.0
