0.3,0.55,0.15
0.2962691766828087,0.5537068499779536,0.15002397333923773
0.28021944909656826,0.569781579199747,0.14999897170368476
0.2765904467666526,0.5734467020774795,0.149962851155868
0.2481841304983226,0.6025723387509475,0.14924353075072985
0.12921192409645463,0.7376132435618996,0.13317483234164584
0.05067394914975834,0.8529722919826604,0.09635375886758124
0.015631274696962377,0.9279172095472994,0.05645151575573827
0.006093251088865357,0.9588145264128226,0.03509222249831211
0.002237515811762258,0.97706096246276,0.020701521725477845
0.0009650673246203215,0.9858710326504737,0.013163900024906004
0.00040973373412652337,0.9913338436876047,0.008256422578268849
0.00017222504599826303,0.9946943262361959,0.005133448717805902
0.0,0.9968254112769378,0.0031745887230622094
0.0,0.9978349976820705,0.0021650023179294858
0.0,0.9985256072930181,0.001474392706981907
0.0,0.9989968939234345,0.0010031060765655095
0.0,0.9993179861193293,0.0006820138806706987
0.0,0.9995365062875917,0.00046349371240832736
0.0,0.9996179536273209,0.0003820463726791088
0.0,0.9997444441795347,0.00025555582046530185
0.0,0.9998377314268555,0.00016226857314451812
0.0,0.9998969807516666,0.00010301924833341515
0.0,1.0,0.0
