0.05,0.7,0.25
0.049415050022748194,0.6999863197440179,0.250598630233234
0.0470882797056079,0.6997270106971881,0.25318470959720396
0.046545410690956315,0.6996135131071383,0.2538410762019054
0.042493136504380594,0.6979457897460243,0.2595610737495951
0.031067213904154272,0.6740927790860068,0.294840007009839
0.027361120377606775,0.6383277064573255,0.3343111731650678
0.02610486794442185,0.5614562330284928,0.41243889902708547
0.02798995526834728,0.43769532759150587,0.5343147171401469
0.03093165063277601,0.31868838118269416,0.6503799681845299
0.033362833374419254,0.23076235273494736,0.7358748138906335
0.03620296369550363,0.13265688421188016,0.8311401520926162
0.03809308784271731,0.06878961177406952,0.8931173003832131
0.03894114124435983,0.04034944241341566,0.9207094163422245
0.03969472484597962,0.015153690326113373,0.9451515848279071
0.03983608802013197,0.010432557042005297,0.9497313549378628
0.039982584318101956,0.005539528293966228,0.9544778873879318
0.040074813325992706,0.0024555875420167856,0.9574695991319905
0.0401156694299026,0.0010846512781614104,0.958799679291936
0.04013358762639202,0.00047834256354401645,0.959388069810064
0.04014134176348407,0.00021080693934194398,0.959647851297174
0.040148335950843356,0.0,0.9598516640491567
0.04014753573369467,0.0,0.9598524642663053
0.040147030449567654,0.0,0.9598529695504323
0.040146655084763914,0.0,0.959853344915236
0.040146336947377556,0.0,0.9598536630526224
0.04014604401770307,0.0,0.959853955982297
0.04014576219203535,0.0,0.9598542378079647
0.0401454852582198,0.0,0.9598545147417802
0.04014521048005415,0.0,0.9598547895199459
0.04014493665235617,0.0,0.9598550633476438
0.04014466324429453,0.0,0.9598553367557054
0.04014439002206093,0.0,0.9598556099779392
0.04014411688267291,0.0,0.9598558831173272
0.04014384378077119,0.0,0.9598561562192288
0.04014357069637697,0.0,0.959856429303623
0.04014329762069047,0.0,0.9598567023793095
0.04014302454983575,0.0,0.9598569754501642
0.040142751482105644,0.0,0.9598572485178943
0.040142478416748194,0.0,0.9598575215832518
0.04014220535343221,0.0,0.9598577946465678
0.0401419322920118,0.0,0.9598580677079882
0.040141659232422695,0.0,0.9598583407675774
0.04014138539973975,0.0,0.9598586146002602
0.04014110118592517,0.0,0.9598588988140748
0.04014079520836064,0.0,0.9598592047916394
0.0401404483399512,0.0,0.9598595516600489
0.04014002871822361,0.0,0.9598599712817765
0.04013948002557929,0.0,0.9598605199744207
0.04013868622761078,0.0,0.9598613137723893
0.04013734290082902,0.0,0.9598626570991711
0.040134400901154825,0.0,0.9598655990988453
0.04012860612447681,0.0,0.9598713938755232
0.04009410513165955,0.0,0.9599058948683404
0.03981911923284764,0.0,0.9601808807671524
0.03768345976033228,0.0,0.9623165402396677
0.0241541241214163,0.0,0.9758458758785837
0.01013122673106528,0.0,0.9898687732689347
0.00421478872739401,0.0,0.995785211272606
0.0017474177521169464,0.0,0.998252582247883
0.000723430279159768,0.0,0.9992765697208402
0.00029932236824776234,0.0,0.9997006776317523
0.00012381551856547655,0.0,0.9998761844814346
0.0,0.0,1.0
