0.7000000000000001,0.20000000000000004,0.10000000000000002
0.6968000465648511,0.2030058209954716,0.10019413243967731
0.6820025843035693,0.21691797049324166,0.10107944520318901
0.6786045429989501,0.22011585942955994,0.10127959757148994
0.6501663245281705,0.24693336444864844,0.1029003110231811
0.4468638710592231,0.4434814064456076,0.10965472249516926
0.27693497704738085,0.619132207744915,0.10393281520770421
0.1263216471541244,0.7926793726088253,0.08099898023705038
0.044874141735154915,0.9040149220182558,0.0511109362465893
0.028194726449620646,0.9311681550097941,0.04063711854058532
0.008863917605612582,0.9688359312591258,0.022300151135261573
0.0038220807648608134,0.9819665003495732,0.014211418885566015
0.0016165257358826345,0.989477987410812,0.008905486853305234
0.0006756313700248539,0.9938012194187019,0.005523149211273275
0.0002803388586570617,0.996315764433612,0.0034038967077308843
0.00011580921204067983,0.9977944113365323,0.002089779451426972
0.0,0.9986069709658673,0.0013930290341327917
0.0,0.999072472555913,0.0009275274440869455
0.0,0.9993828404316948,0.0006171595683052398
0.0,0.9995895400458845,0.0004104599541154368
0.0,0.9997270942864803,0.00027290571351970593
0.0,0.9998185876129446,0.00018141238705545913
0.0,0.9998794234040754,0.00012057659592462852
0.0,1.0,0.0
