0.65,0.2,0.15
0.6473911866795865,0.20185452148064018,0.15075429183977337
0.6367453794983077,0.2093204911463238,0.1539341293553686
0.6340882892897693,0.21115773053412462,0.15475398017610606
0.6126443225392216,0.22557951764459394,0.16177615981618435
0.5204549294584543,0.2780864825734653,0.2014585879680805
0.4702150280332627,0.30168007344316367,0.2281048985235735
0.42515541219511505,0.3264392855380096,0.2484053022668754
0.34105428653603,0.37992450675580425,0.2790212067081657
0.24724294629037552,0.44068546449333845,0.31207158921628597
0.15204873044529071,0.5039267302822706,0.34402453927243876
0.08341507255893829,0.5522275443457866,0.3643573830952751
0.03927657659781031,0.5871374901534507,0.37358593324873896
0.016004916369577384,0.6105740738878646,0.3734210097425581
0.007963153812304922,0.6224619424978756,0.3695749036898196
0.00373224975294169,0.6324621207922168,0.36380562945484163
0.0016557084292799277,0.641540607735827,0.3568036838348931
0.0007313059504739485,0.6498351501864262,0.34943354386309977
0.00032185103423774486,0.6577422888543081,0.3419358601114541
0.0001411913985097832,0.6654402514781759,0.3344185571233144
0.0,0.6730489694846582,0.3269510305153418
0.0,0.6804952538808787,0.3195047461191213
0.0,0.6878697440698703,0.3121302559301297
0.0,0.6951690644031756,0.30483093559682445
0.0,0.7023898985656352,0.2976101014343649
0.0,0.7095290401824924,0.29047095981750753
0.0,0.7165834182053691,0.28341658179463086
0.0,0.7235501107860309,0.2764498892139691
0.0,0.7304263537037398,0.2695736462962603
0.0,0.737209546018287,0.262790453981713
0.0,0.7438972541199319,0.25610274588006804
0.0,0.7504872146994186,0.24951278530058132
0.0,0.7569773368439179,0.24302266315608215
0.0,0.7601843525811508,0.23981564741884928
0.0,0.7648145932421113,0.23518540675788874
0.0,0.7706807435071235,0.2293192564928765
0.0,0.7764545428878801,0.22354545711211998
0.0,0.7821348651467728,0.21786513485322723
0.0,0.7877207165691114,0.21227928343088867
0.0,0.7932112346082761,0.20678876539172386
0.0,0.7986056861606983,0.2013943138393017
0.0,0.8039034654914851,0.1960965345085149
0.0,0.8091554345489663,0.19084456545103365
0.0,0.8145142547097968,0.18548574529020329
0.0,0.8201879627387285,0.17981203726127146
0.0,0.826513651632567,0.1734863483674331
0.0,0.8340218556984295,0.16597814430157057
0.0,0.8435993955965311,0.15640060440346884
0.0,0.8570046619818916,0.14299533801810835
0.0,0.8791747457635184,0.12082525423648159
0.0,0.8937582973967044,0.10624170260329563
0.0,0.9560415749832717,0.04395842501672832
0.0,0.9832300573985807,0.016769942601419296
0.0,0.9882802879266843,0.011719712073315715
0.0,0.9939408697697435,0.0060591302302565615
0.0,0.9971658650920657,0.0028341349079343495
0.0,0.9986772925286921,0.0013227074713080002
0.0,0.999383328174456,0.0006166718255439471
0.0,0.9997126356394231,0.00028736436057696094
0.0,0.9998661208096635,0.0001338791903365555
0.0,1.0,0.0
