0.0,0.6858600557217374,0.1478226981511011,0.16631724612716156
0.0,0.8200374692919059,0.04240262825889088,0.13755990244920321
0.0,0.620743774506731,0.3353274256507169,0.04392879984255209
0.0,0.5833295188242409,0.21437110456320138,0.20229937661255773
0.0,0.0,1.0,0.0
0.0,0.5239715454809851,0.22359475803603965,0.25243369648297537
0.0,0.0,1.0,0.0
0.0,0.6830874548121899,0.2935929010056054,0.023319644182204655
0.0,0.8573417777169013,0.01453523055372176,0.12812299172937688
0.0,0.538576790311783,0.3692419839794668,0.09218122570875027
0.0,0.6024006083148544,0.35849824137304775,0.03910115031209778
0.0,0.7619691030966493,0.22386762784054418,0.0141632690628066
0.0,0.6013443730707284,0.24117163823255944,0.1574839886967122
0.0,0.6568101955801453,0.22529868243678527,0.11789112198306953
0.0,0.6505289583086534,0.2361642584393835,0.11330678325196304
0.0,0.47354856046414207,0.11453986387004575,0.4119115756658122
0.0,0.4747126222261564,0.438833776752409,0.08645360102143462
0.0,0.8608083905727866,0.11366251150626903,0.025529097920944446
0.0,0.7830028584098289,0.05123875663041582,0.16575838495975542
0.0,0.0,1.0,0.0
0.0,0.5135159021520197,0.23558514635189434,0.25089895149608604
0.0,0.0,1.0,0.0
0.0,0.6866336563355872,0.30617136619641316,0.007194977467999749
0.0,0.5958528859017291,0.3317569865085732,0.07239012758969754
0.0,0.8719044083359401,0.09411224172267078,0.033983349941389206
0.0,0.7231012839920031,0.16774132708398076,0.10915738892401616
0.0,0.5083386729713616,0.32006705266557034,0.17159427436306807
0.0,0.0,1.0,0.0
0.0,0.6251105833787246,0.31667755102203193,0.058211865599243504
0.0,0.6326719204812659,0.31653572631185534,0.050792353206878894
0.0,0.0,1.0,0.0
0.0,0.6599566009901449,0.28685317323469023,0.05319022577516489
0.0,0.439041190716178,0.03352848395376972,0.5274303253300523
0.0,0.8665285950091063,0.007600906381568748,0.12587049860932498
0.0,0.6367990921515129,0.1662367399312455,0.19696416791724158
0.0,0.5994882184823198,0.07193450112497134,0.3285772803927089
0.0,0.7272349546838099,0.1442527529935142,0.1285122923226758
0.0,0.0,1.0,0.0
0.0,0.5112812457534186,0.2021527592958422,0.28656599495073926
0.0,0.6456624629370104,0.3011412692225619,0.053196267840427705
0.0,0.6037188751814714,0.37155836993896335,0.024722754879565267
0.0,0.6194541618466292,0.3364944848216072,0.044051353331763646
0.0,0.6739250194633211,0.14477043186997415,0.18130454866670487
0.0,0.5791689703826288,0.057011357870329,0.3638196717470422
0.0,0.0,1.0,0.0
0.0,0.704654613794815,0.18558572134538728,0.10975966485979775
0.0,0.7552820303752651,0.19099944714722059,0.05371852247751426
0.0,0.622432210242953,0.3055333277237238,0.07203446203332325
0.0,0.7023549882835421,0.02550945018509434,0.2721355615313636
0.0,0.3986660308573161,0.5996102534318376,0.0017237157108464054
0.0,0.47047128832369184,0.36359755873073674,0.1659311529455714
0.0,0.6951866407248992,0.006276670320329558,0.2985366889547713
0.0,0.7069882056658063,0.011145490713163184,0.2818663036210305
0.0,0.5031458538327861,0.03188402389483589,0.46497012227237805
0.0,0.47581009107460276,0.06771401153650992,0.4564758973888872
0.0,0.6407724243907738,0.037395228069449386,0.32183234753977685
0.0,0.39106607342292016,0.37233523088202636,0.23659869569505357
0.0,0.616114357994395,0.07219927726656533,0.31168636473903977
0.0,0.6672692186136919,0.21749438755904416,0.1152363938272639
0.0,0.0,1.0,0.0
0.0,0.5711782555523532,0.2105343317969435,0.2182874126507033
0.0,0.4994575912616929,0.20719668322645576,0.2933457255118514
0.0,0.7252654639527083,0.10486681027322639,0.1698677257740653
0.0,0.9811230508591225,0.004958134759918845,0.01391881438095864
0.0,0.0,1.0,0.0
0.0,0.6215103966634251,0.2988230044498406,0.07966659888673429
0.0,0.6003209124266198,0.05772162640382202,0.34195746116955816
0.0,0.7928321551813007,0.04051652411010619,0.16665132070859318
0.0,0.9820802000171274,0.011935810813255203,0.005983989169617405
0.0,0.0,1.0,0.0
0.0,0.6412847839199095,0.16443254800281784,0.19428266807727268
0.0,0.0,1.0,0.0
0.0,0.7072268655636401,0.02128897441586417,0.27148416002049575
0.0,0.5627209974773448,0.3995362038982497,0.03774279862440557
0.0,0.6058918933536975,0.18152192478010462,0.21258618186619788
0.0,0.5873686851644506,0.045356511792649434,0.36727480304289994
0.0,0.5826220583206709,0.26646451075373734,0.15091343092559176
0.0,0.7692444641748873,0.1641344948041078,0.06662104102100486
0.0,0.519263065367732,0.28648194411041505,0.19425499052185288
0.0,0.0,1.0,0.0
0.0,0.611478261829723,0.03794858595518738,0.35057315221508967
0.0,0.48048242879205877,0.21223747345369043,0.3072800977542508
0.0,0.0,1.0,0.0
0.0,0.0,1.0,0.0
0.0,0.5647752668740668,0.2714563345160553,0.16376839860987805
0.0,0.8517472431944487,0.08345590989195384,0.06479684691359754
0.0,0.7027696281674396,0.18812108359628163,0.10910928823627872
0.0,0.5219196331327172,0.44323208776318385,0.034848279104098955
0.0,0.8094688431009345,0.1656946542679628,0.02483650263110273
0.0,0.5948689654171074,0.3268255862772921,0.07830544830560052
0.0,0.8514449270113094,0.01863072195710719,0.12992435103158342
0.0,0.6408098656583978,0.06862599846319987,0.29056413587840235
0.0,0.6658903912823683,0.15658688286494915,0.17752272585268264
0.0,0.48008654164123554,0.4717193767640785,0.04819408159468599
0.0,0.5779379010254581,0.04316886655713805,0.37889323241740397
0.0,0.8637481419754627,0.032660127231410985,0.10359173079312634
0.0,0.6523088570486348,0.2572113293743336,0.09047981357703144
0.0,0.0,1.0,0.0
0.0,0.5426389735621574,0.27884667337504543,0.17851435306279714
0.0,0.5674449386679148,0.40387569929540246,0.028679362036682914
