0.35,0.4,0.25
0.34698555056615266,0.40201071336502614,0.2510037360688212
0.33503773538071663,0.41001529653228413,0.25494696808699924
0.3320718713276222,0.4120128906163387,0.25591523805603905
0.30869278347904455,0.42797259592758885,0.26333462059336665
0.1868215009681607,0.5302743928413779,0.2829041061904613
0.12817986263596767,0.6076170097039948,0.26420312766003756
0.07862212922673852,0.6994386029934625,0.22193926777979892
0.03416998855268708,0.8157656591180173,0.15006435232929563
0.01222823040174328,0.9006216312472543,0.08715013835100245
0.003840319075070959,0.9502921367332378,0.04586754419169128
0.0016508914760648232,0.969859099064696,0.028490009459239088
0.000694375379462223,0.981889299986089,0.01741632463444878
0.0002881627928091315,0.9891683984777552,0.010543438729435712
0.0001186155979479239,0.993536164690145,0.006345219711907082
0.0,0.9958360420749175,0.004163957925082573
0.0,0.9972719683168723,0.0027280316831276765
0.0,0.9982145188476689,0.0017854811523311633
0.0,0.9988321842632865,0.0011678157367135341
0.0,0.9992365061051913,0.0007634938948087114
0.0,0.9995009846998264,0.000499015300173643
0.0,0.9996739068025852,0.0003260931974147807
0.0,0.9997708885790586,0.00022911142094137325
0.0,0.9998082715481384,0.0001917284518615137
0.0,0.9998730963119028,0.00012690368809712552
0.0,1.0,0.0
