0.25,0.5,0.25
0.24700659568254282,0.5030287444597383,0.24996465985771887
0.23428110121060536,0.516274565679165,0.24944433311022968
0.23135066931722717,0.5194131489583621,0.24923618172441075
0.20818530527532755,0.5454795398446279,0.24633515488004457
0.12572425191650027,0.6599619245539083,0.21431382352959144
0.06367480486467658,0.7769365265629564,0.15938866857236705
0.026140984211464754,0.8727652420730204,0.1010937737155149
0.009396782131596516,0.9327696378132329,0.057833580055170475
0.003759548153279015,0.9616234926997099,0.034616959147011114
0.0018666948800682098,0.974843675395042,0.023289629724889835
0.0008237660488845122,0.9845558494315364,0.014620384519578936
0.00035985598432922107,0.9905297115602749,0.00911043245539598
0.00015621513682161447,0.9941926512029927,0.005651133660185584
0.0,0.9965042399212841,0.003495760078715902
0.0,0.9978414991383419,0.002158500861658081
0.0,0.9986685894399207,0.0013314105600794079
0.0,0.999179283704531,0.0008207162954689931
0.0,0.999494289391753,0.0005057106082469853
0.0,0.9996884663534421,0.0003115336465579206
0.0,0.9998081143727491,0.00019188562725093463
0.0,0.9998818211848354,0.00011817881516456953
0.0,1.0,0.0
