0.3,0.5,0.2
0.2961391840280474,0.5040939636025409,0.19976685236941175
0.279001522586934,0.5226453701666804,0.1983531072463856
0.27520305463437056,0.5268429933129761,0.19795395205265343
0.24510399445041423,0.5612588052163581,0.1936372003332276
0.13290552232172875,0.7103342194802874,0.15676025819798392
0.05714010321776408,0.8383057972879316,0.10455409949430444
0.02726696229419599,0.9021510851494808,0.07058195255632325
0.00938941593719341,0.9514873415170951,0.03912324254571159
0.004078379087942226,0.9714772700793859,0.024444350832672
0.0021554426474624786,0.9808284368699689,0.017016120482568516
0.0009450534864277166,0.988422470350545,0.010632476163027196
0.00041118258276931464,0.9929826617941513,0.006606155623079454
0.0001780628209791987,0.9957314670888843,0.004090470090136549
0.0,0.9974722963752549,0.0025277036247450964
0.0,0.9984401760508133,0.0015598239491867174
0.0,0.9990381662305855,0.0009618337694144938
0.0,0.9994071794789057,0.0005928205210943216
0.0,0.9996347230689429,0.0003652769310572042
0.0,0.999774967796597,0.00022503220340301913
0.0,0.9998613819167227,0.00013861808327733644
0.0,1.0,0.0
