0.1,0.6,0.3
0.09857966922876865,0.6025112486371517,0.29890908213407963
0.09235957353010651,0.6139632750014318,0.2936771514684618
0.09099869209104686,0.6165707471434675,0.29243056076548574
0.08042131531059354,0.6381708158706969,0.2814078688187096
0.03600152867063127,0.7625679619552481,0.20143050937412052
0.018044200994993816,0.8393569086293753,0.1425988903756309
0.007015668507103766,0.9070153841983428,0.08596894729455339
0.002112560352004434,0.953782326946653,0.04410511270134248
0.0013337294096281808,0.9646347646610733,0.034031505929298565
0.0006908100486607361,0.9758698430170933,0.023439346934245778
0.0002976462007592892,0.9851906357571689,0.0145117180420717
0.00012693374794580192,0.990954993101454,0.00891807315060019
0.0,0.99454416319007,0.005455836809930011
0.0,0.996671886392354,0.003328113607645978
0.0,0.9979732496609698,0.002026750339030297
0.0,0.9987670268740428,0.0012329731259572176
0.0,0.9992503933108162,0.0007496066891837378
0.0,0.9995444387085964,0.000455561291403544
0.0,0.9997232045614296,0.0002767954385703784
0.0,0.9998318451115253,0.00016815488847471752
0.0,0.9998978536937889,0.00010214630621106896
0.0,1.0,0.0
