0.85,0.1,0.05
0.8477026468956391,0.1022645951230024,0.05003275798135856
0.8354716126285104,0.1143229774038281,0.0502054099676614
0.8328747758498243,0.11688359089816748,0.050241633252008276
0.8101697215547212,0.13928021048419956,0.05055006796107926
0.6973312880764734,0.25099235095491623,0.0516763609686105
0.5513866481337637,0.39736155534157674,0.05125179652465957
0.3804632029458305,0.572793924870129,0.04674287218404046
0.22268034993973546,0.7397125448120744,0.037607105248190116
0.11258376434350809,0.8605738754194366,0.026842360237055322
0.05059734779596346,0.9319480046847589,0.01745464751927761
0.017895545483765186,0.9723446726295245,0.009759781886710318
0.012317602449951658,0.9797843038509014,0.00789809369914692
0.006353526081862699,0.9882285312478697,0.0054179426702676324
0.0028200843996985616,0.9937740959654208,0.0034058196348807066
0.0012465536474068647,0.996619696113401,0.0021337502391921698
0.0005497786894589793,0.9981158068520589,0.001334414458482178
0.00024217321544921515,0.9989241120296658,0.0008337147548849849
0.00010660026149154515,0.9993727926506135,0.0005206070878949504
0.0,0.9996749954564618,0.00032500454353820706
0.0,0.999797157396126,0.00020284260387407917
0.0,0.9998734128604119,0.0001265871395880847
0.0,1.0,0.0
