0.7,0.15,0.15
0.697923487764885,0.15161333076502534,0.1504631814700896
0.689281363265515,0.15830204337821868,0.1524165933562662
0.6871168833039208,0.15997076430924376,0.15291235238683545
0.6692174483450704,0.17366975884581373,0.1571127928091159
0.5189996372710322,0.2810292594316363,0.19997110329733164
0.4000655014822162,0.35289752853102563,0.24703696998675817
0.33816828976942614,0.3800487408999518,0.28178296933062214
0.28584879233265903,0.38187143978478005,0.332279767882561
0.26301272870046927,0.3431827657071679,0.3938045055923629
0.26029379069259806,0.276866643131654,0.4628395661757479
0.2711860201893877,0.17390153282343207,0.5549124469871802
0.2833022676893771,0.10139625636687195,0.615301475943751
0.29138678327661904,0.05920241424239566,0.6494108024809853
0.2968630738139952,0.03213906846460225,0.6709978577214026
0.30086342817093276,0.012870272685843273,0.6862662991432239
0.3017093209945225,0.008825817657624746,0.6894648613478527
0.30256400297881747,0.0047318084390336555,0.6927041885821489
0.30310964122561146,0.0020871301906951675,0.6948032285836934
0.30334253622858665,0.0009169278382222805,0.6957405359331911
0.3034361124014303,0.00040211721796105633,0.6961617703806087
0.3034682194099114,0.00017620855865477713,0.6963555720314338
0.3034967451093494,0.0,0.6965032548906507
0.3034768339335911,0.0,0.6965231660664088
0.303459133214467,0.0,0.6965408667855331
0.3034424008140854,0.0,0.6965575991859146
0.303426092727452,0.0,0.696573907272548
0.30340997072152043,0.0,0.6965900292784796
0.30339393047337226,0.0,0.6966060695266277
0.30337792630138405,0.0,0.696622073698616
0.30336193820280455,0.0,0.6966380617971955
0.3033459574192248,0.0,0.6966540425807751
0.30332998011579876,0.0,0.6966700198842013
0.30331400461350116,0.0,0.6966859953864989
0.30329803017722495,0.0,0.696701969822775
0.3032820564851429,0.0,0.696717943514857
0.3032660833963707,0.0,0.6967339166036293
0.3032501108492431,0.0,0.696749889150757
0.30323413881677697,0.0,0.6967658611832229
0.30321816728717255,0.0,0.6967818327128275
0.3032021962552767,0.0,0.6967978037447233
0.30318622571884635,0.0,0.6968137742811537
0.3031702556769121,0.0,0.696829744323088
0.3031542861290619,0.0,0.6968457138709381
0.3031382041597968,0.0,0.6968617958402031
0.3031213261693428,0.0,0.6968786738306573
0.3031028301039065,0.0,0.6968971698960935
0.3030813630890304,0.0,0.6969186369109697
0.30305466700317657,0.0,0.6969453329968235
0.30301853497059955,0.0,0.6969814650294005
0.3029636813677859,0.0,0.6970363186322142
0.30286695042438866,0.0,0.6971330495756113
0.30261899246141655,0.0,0.6973810075385835
0.30231614017200437,0.0,0.6976838598279956
0.3014270666343098,0.0,0.6985729333656902
0.29683794386785395,0.0,0.7031620561321461
0.26167872714989776,0.0,0.7383212728501023
0.13566086809487105,0.0,0.864339131905129
0.0653430176027252,0.0,0.9346569823972748
0.04159204190443588,0.0,0.9584079580955641
0.02593021594453711,0.0,0.9740697840554629
0.011701060441722786,0.0,0.9882989395582772
0.0050454356419960674,0.0,0.994954564358004
0.002167888290564561,0.0,0.9978321117094354
0.0009300652949870517,0.0,0.9990699347050129
0.0003987546174494509,0.0,0.9996012453825506
0.0001709133833397002,0.0,0.9998290866166603
0.0,0.0,1.0
