0.05,0.25,0.7
0.050265092200321125,0.23988562627680807,0.7098492815228709
0.05208204064192855,0.1782299692467513,0.7696879901113202
0.05238550872199948,0.16887998788971215,0.7787345033882884
0.054755035967895514,0.1017724697424776,0.8434724942896269
0.05713746669824854,0.04132601088563371,0.9015365224161177
0.05806712158602883,0.01890640924869769,0.9230264691652735
0.05847369224954686,0.009222190736026216,0.932304117014427
0.05867432104412328,0.004442583212879564,0.9368830957429971
0.05877545167540516,0.0020065878488696237,0.9392179604757253
0.05881984763782798,0.0009034550152093904,0.9402766973469626
0.0588384049177337,0.00040619699452440526,0.9407553980877419
0.05884391860091344,0.00023392898001876547,0.9409221524190678
0.05884445567038081,0.00021461798386408345,0.9409409263457551
0.05884671802872885,0.00010792078281628412,0.9410453611884548
0.058849379402129205,0.0,0.9411506205978708
0.05884615820055993,0.0,0.9411538417994401
0.05884318434990843,0.0,0.9411568156500916
0.058840317900075226,0.0,0.9411596820999248
0.05883749812319501,0.0,0.9411625018768051
0.05883469866843293,0.0,0.9411653013315671
0.058831908101837214,0.0,0.9411680918981628
0.058829768631273816,0.0,0.9411702313687262
0.05882773812577941,0.0,0.9411722618742207
0.058811496458019086,0.0,0.9411885035419809
0.0586817150879736,0.0,0.9413182849120264
0.05765313700594737,0.0,0.9423468629940527
0.05646217113560522,0.0,0.9435378288643949
0.05646021863914026,0.0,0.9435397813608597
0.05644460096272518,0.0,0.9435553990372748
0.056319806348816,0.0,0.943680193651184
0.05533079235136284,0.0,0.9446692076486372
0.04799053404750808,0.0,0.9520094659524919
0.019577354863025587,0.0,0.9804226451369745
0.007603399707255329,0.0,0.9923966002927446
0.002932745529959641,0.0,0.9970672544700404
0.001329786790629408,0.0,0.9986702132093705
0.0007765568486944635,0.0,0.9992234431513056
0.0007765288178738035,0.0,0.9992234711821263
0.0007763046077043905,0.0,0.9992236953922956
0.0007745132536442788,0.0,0.9992254867463558
0.0007603303288869506,0.0,0.9992396696711131
0.0006558226272030928,0.0,0.9993441773727969
0.00031601256701028135,0.0,0.9996839874329897
0.00013891516597173742,0.0,0.9998610848340282
0.0,0.0,1.0
