0.6,0.25,0.15
0.596587362852452,0.25289628730880626,0.1505163498387419
0.5817257175216943,0.2655356468084388,0.15273863566986684
0.5781708251995594,0.2685662636380572,0.15326291116238333
0.5487572552897118,0.29378221085261264,0.15746053385767564
0.3783590667537,0.450472984841615,0.171167948404685
0.2657966690891722,0.5718617681088571,0.16234156280197068
0.16409133890456984,0.6990383061872776,0.13687035490815253
0.07700801139243942,0.8272029231727194,0.09578906543484117
0.037618596704752844,0.8966888428521474,0.06569256044309972
0.013811718717704865,0.9483805949895572,0.037807686292738014
0.005992495837562782,0.9703830429404919,0.02362446122194534
0.003075276959172964,0.9807486769566467,0.016176046084180405
0.001338184138005267,0.9885973672891497,0.010064448572845058
0.0005778045643420188,0.9931962853981527,0.006225910037505263
0.00024832781751790646,0.9959134698094833,0.003838202372998904
0.00010642699663508242,0.9975322057293257,0.002361367274039328
0.0,0.9985489438665236,0.0014510561334764706
0.0,0.9991090539075909,0.0008909460924091738
0.0,0.9994531992871476,0.0005468007128524696
0.0,0.999664501801636,0.00033549819836396603
0.0,0.9997941837106015,0.0002058162893984717
0.0,0.9998737517515184,0.00012624824848161452
0.0,1.0,0.0
