0.5,0.35,0.15
0.4996639165829094,0.3501292739916987,0.1502068094253919
0.4989615236228488,0.3503988985382627,0.15063957783888848
0.49862512182171387,0.3505277679835981,0.15084711019468805
0.4959304953046847,0.3515538540648969,0.15251565063041836
0.47416962830540643,0.35943129622904657,0.166399075465547
0.2965493680680269,0.39164694823363144,0.31180368369834166
0.1477858084863703,0.3514576857977409,0.5007565057158887
0.059107616840331015,0.2592162624231606,0.6816761207365084
0.020113411338830958,0.16482897916739153,0.8150576094937775
0.008365045930384679,0.11016580470177026,0.881469149367845
0.003959410425318864,0.07713513922746268,0.9189054503472184
0.0018063221772271418,0.05265917141544381,0.945534506407329
0.0008150771675024952,0.03557504040187888,0.9636098824306185
0.0003651480110818824,0.023867404942319113,0.9757674470465989
0.00016280564222953734,0.015939481782083893,0.9838977125756865
0.0,0.01061351033479144,0.9893864896652086
0.0,0.007573341926196994,0.992426658073803
0.0,0.005398885441526563,0.9946011145584734
0.0,0.003846151629647927,0.9961538483703521
0.0,0.0027386641220140747,0.9972613358779858
0.0,0.0023106585475242644,0.9976893414524757
0.0,0.0016030435044229777,0.998396956495577
0.0,0.001059543539885904,0.9989404564601141
0.0,0.0007001741817357303,0.9992998258182643
0.0,0.0004626327632310649,0.999537367236769
0.0,0.000305653247752023,0.999694346752248
0.0,0.0002019280986698205,0.9997980719013302
0.0,0.00013339761158756615,0.9998666023884124
0.0,0.0,1.0
