0.6,0.35,0.05
0.599734286343121,0.3501909524174207,0.05007476123945847
0.5991693665534311,0.35059668558199303,0.050233947864575954
0.5989032981307771,0.35078766606286815,0.050309035806354804
0.5967708473290291,0.3523156789137283,0.05091347375724275
0.5794659340598437,0.36453940056111767,0.05599466537903867
0.4287716387473839,0.4552932633430858,0.11593509790953024
0.28472341484675195,0.5040592453956877,0.21121733975756032
0.16217253827806782,0.4901224068355799,0.34770505488635234
0.07752544090486578,0.41146311319999324,0.511011445895141
0.031892688076822204,0.3012141975904199,0.6668931143327579
0.008925460103528505,0.17552398234306527,0.8155505575534063
0.0052681262887760505,0.1379390102253673,0.8567928634858567
0.0027087783485207685,0.10089172109041482,0.8963995005610644
0.0011362992351012689,0.06638886077415718,0.9324748399907415
0.0004692009606331541,0.04302739733281692,0.9565034017065499
0.00019175984607188996,0.02761177235787439,0.9721964677960537
0.0,0.01760781890017907,0.9823921810998208
0.0,0.011181261676932328,0.9888187383230677
0.0,0.007082080686899298,0.9929179193131007
0.0,0.004478382020833672,0.9955216179791663
0.0,0.0028289870331295835,0.9971710129668704
0.0,0.0019606788019157616,0.9980393211980843
0.0,0.0013577324981275023,0.9986422675018726
0.0,0.0009400158252030194,0.999059984174797
0.0,0.0006507227927661612,0.9993492772072338
0.0,0.0004504175010685671,0.9995495824989314
0.0,0.00031174944014046287,0.9996882505598595
0.0,0.0002593539767317943,0.9997406460232682
0.0,0.00017960729138325872,0.9998203927086167
0.0,0.00011871753523850725,0.9998812824647615
0.0,0.0,1.0
