0.15,0.4,0.45
0.14977702988647826,0.3998635628338815,0.45035940727964024
0.14929664722176444,0.3995683702854499,0.4511349824927857
0.14907439646518755,0.39943122241162693,0.4514943811231856
0.14730409149782323,0.39832567892242216,0.4543702295797547
0.13363724964558565,0.38896509681410485,0.4773976535403095
0.05715040358322018,0.29618602459039767,0.6466635718263822
0.01950667909658683,0.19069705019767327,0.7897962707057399
0.008295068035134008,0.1295166702083371,0.862188261756529
0.0033993126142274925,0.08493329894472502,0.9116673884410474
0.0013603866897296101,0.054450335348380646,0.9441892779618898
0.0005363492281531496,0.03441154850252234,0.9650521022693246
0.0002095016782379524,0.02155342545673872,0.9782370728650234
0.0,0.013425889876273184,0.9865741101237269
0.0,0.009062907485618884,0.9909370925143811
0.0,0.006648256451669161,0.9933517435483309
0.0,0.004510681251203097,0.995489318748797
0.0,0.0030251718826213333,0.9969748281173786
0.0,0.0020261385717928655,0.9979738614282072
0.0,0.001356543252774348,0.9986434567472257
0.0,0.0009080182475531919,0.9990919817524468
0.0,0.0006076956797809532,0.999392304320219
0.0,0.0004066598435929502,0.9995933401564071
0.0,0.00027211053214484647,0.9997278894678552
0.0,0.00018207009372123986,0.9998179299062788
0.0,0.00012181982252247044,0.9998781801774775
0.0,0.0,1.0
