0.45,0.4,0.15
0.4496684781453483,0.40012890608863455,0.15020261576601715
0.44897668653021605,0.4003972933897655,0.15062602008001844
0.44864500152684583,0.40052568432686786,0.15082931414628628
0.4459898594859035,0.401546669824244,0.15246347068985253
0.42465815809445234,0.4093016580270333,0.16604018387851435
0.257471886968782,0.4358429054197222,0.3066852076114957
0.12591054480415811,0.3857129887197129,0.48837646647612887
0.05018803558384869,0.28417243672259196,0.6656395276935593
0.021383168139022884,0.20014677647238807,0.7784700553885889
0.008206710851047521,0.1300016600030538,0.8617916291458988
0.003838185986560619,0.0908321192707718,0.9053296947426677
0.0016742891964138208,0.060820196229053006,0.9375055145745332
0.0007203530593501211,0.04019015608347543,0.9590894908571745
0.0003071507684134926,0.026329121737239336,0.9733637274943471
0.00013020275769116607,0.01715180721097273,0.9827179900313362
0.0,0.011133288162424551,0.9888667118375755
0.0,0.007208995522799723,0.9927910044772003
0.0,0.0046609251879697645,0.9953390748120302
0.0,0.0030105481525781403,0.9969894518474218
0.0,0.0019433218625998926,0.9980566781374002
0.0,0.0012539107900040646,0.998746089209996
0.0,0.0008088613572292061,0.9991911386427709
0.0,0.0005620074230388579,0.9994379925769612
0.0,0.0003904584490939341,0.9996095415509061
0.0,0.0002630184260974963,0.9997369815739026
0.0,0.00017146252791681215,0.9998285374720832
0.0,0.00011177313641989933,0.9998882268635801
0.0,0.0,1.0
