0.5,0.4,0.1
0.49969150175659793,0.40016680100129576,0.10014169724210631
0.4990433523356132,0.4005167985738645,0.10043984909052223
0.49873460421767524,0.40068330716370726,0.10058208861861756
0.49626196646340415,0.40201181128930075,0.10172622224729515
0.4763219964855319,0.4123935926824386,0.11128441083202954
0.31351173564877327,0.47004886725671896,0.21643939709450777
0.16105695749797475,0.4523962834962794,0.38654675900574575
0.06544566290548338,0.35383323198130545,0.5807211051132112
0.02747050283258283,0.25450947615795566,0.7180200210094615
0.010378498531667078,0.1669255671916721,0.8226959342766609
0.0045906772268242725,0.11450741998159365,0.8809019027915821
0.0019746199816576254,0.07652790369483989,0.9214974763235025
0.0008343222779763956,0.05027729014156508,0.9488883875804586
0.0003484174843325806,0.03266168829537381,0.9669898942202937
0.00014440131332916646,0.02106360829556586,0.9787919903911049
0.0,0.013520964858146045,0.986479035141854
0.0,0.008652256638975222,0.9913477433610248
0.0,0.005526124989222114,0.9944738750107779
0.0,0.0035251675429763215,0.9964748324570236
0.0,0.0022469756683176022,0.9977530243316824
0.0,0.001560478091765433,0.9984395219082346
0.0,0.0011718158836785608,0.9988281841163215
0.0,0.0007988940363797124,0.9992011059636203
0.0,0.0005266669047455216,0.9994733330952544
0.0,0.00034716786874357925,0.9996528321312564
0.0,0.00022883077635259914,0.9997711692236474
0.0,0.00015082401631645465,0.9998491759836836
0.0,0.0,1.0
