0.1,0.45,0.45
0.0998446689061836,0.44981929023447725,0.45033604085933915
0.09950671373471813,0.44942473337480604,0.4510685528904758
0.09935196831910231,0.449243435197253,0.45140459648364467
0.09812031208703734,0.44778607841807333,0.4540936094948893
0.08866750849998468,0.4357010785550906,0.4756314129449247
0.03601752839142398,0.32246841608057464,0.6415140555280014
0.009979028717835443,0.18897138952484627,0.8010495817573183
0.004379449380272155,0.1297456224565541,0.8658749281631737
0.0018649330595333373,0.08655635417007505,0.9115787127703916
0.0007781778133532176,0.056628324009675185,0.9425934981769716
0.0003203824337179016,0.036573484966112624,0.9631061326001695
0.00013076077435958833,0.02342372526277362,0.9764455139628668
0.0,0.014921943127535461,0.9850780568724645
0.0,0.009472428658442092,0.9905275713415579
0.0,0.006000035026616386,0.9939999649733836
0.0,0.0037952975642510686,0.9962047024357489
0.0,0.00262831365768693,0.997371686342313
0.0,0.0019707429989991006,0.998029257001001
0.0,0.0013430388913397207,0.9986569611086603
0.0,0.0008852313082694188,0.9991147686917305
0.0,0.0005833805798973477,0.9994166194201026
0.0,0.0003844138820644106,0.9996155861179356
0.0,0.00025328790391590723,0.9997467120960841
0.0,0.00016688178728516362,0.9998331182127148
0.0,0.00010994859054078264,0.9998900514094592
0.0,0.0,1.0
