0.6,0.05,0.35
0.5995402996302462,0.05001341798732013,0.3504462823824335
0.5985941287104215,0.0500408797993522,0.3513649914902262
0.5981334990306953,0.05005417346598039,0.3518123275033243
0.594437979880767,0.05015903402466122,0.3554029860945718
0.5642376325170038,0.05089796589306789,0.38486440158992824
0.35401023005711185,0.050344433146215145,0.595645336796673
0.17574645648273643,0.040693016165779784,0.7835605273514838
0.08870038065467828,0.030591058653958707,0.8807085606913629
0.04165056906811836,0.021554611214857636,0.9367948197170239
0.01686442049481806,0.01389347151972894,0.9692421079854531
0.007961408212323,0.009576086615143527,0.9824625051725335
0.0035499450401667654,0.006393567253617674,0.9900564877062156
0.0015759531776779131,0.00425150014156823,0.9941725466807538
0.0006980629530317114,0.0028212595924621752,0.9964806774545061
0.0003088422103279943,0.0018701193334216767,0.9978210384562503
0.00013655301346437635,0.0012388969128707718,0.9986245500736648
0.0,0.0008205003506754889,0.9991794996493245
0.0,0.0005432426658950519,0.9994567573341049
0.0,0.0003596365446134863,0.9996403634553865
0.0,0.00023806971726308293,0.9997619302827369
0.0,0.0001575886832062127,0.9998424113167939
0.0,0.0001043117102690532,0.999895688289731
0.0,0.0,1.0
