0.2,0.5,0.3
0.19975000875252721,0.4999451531057724,0.30030483814170034
0.1992237381795728,0.49982853763776486,0.3009477241826623
0.1989742873283984,0.4997727140739303,0.3012529985976713
0.19698464591825035,0.4993147508723985,0.30370060320935116
0.19154961012926638,0.49794630282584074,0.3105040870448929
0.19130564581604123,0.49788076282413257,0.3108135913598262
0.1893600453622874,0.4973451780710872,0.3132947765666254
0.17419386973747927,0.49234535801343443,0.3334607722490863
0.12434482315041877,0.4632034694199482,0.41245170742963305
0.12416082906271202,0.46305107766412235,0.4127880932731657
0.1226955553035613,0.461823324917321,0.4154811197791178
0.11140034946727653,0.4514674786005576,0.4371321719321659
0.07530893263903338,0.4049248944863429,0.5197661728746238
0.07518387669921626,0.40471788435106587,0.5200982389497179
0.07418924366875236,0.4030574981434111,0.5227532581878366
0.06659864715443725,0.38951984309851595,0.5438815097470469
0.04282429488002432,0.33416807973192736,0.6230076253880484
0.04274678246879577,0.3339451257282135,0.6233080918029908
0.04213095393120429,0.33216128616901236,0.6257077598997833
0.03747062512354444,0.31789361480684947,0.6446357600696062
0.023080517089372962,0.26238885519839017,0.7145306277122369
0.02303602423788903,0.2621808224863665,0.7147831532757445
0.022682837998337514,0.26051906468825636,0.7167980973134062
0.020027858240806155,0.2473941156903257,0.7325780260688681
0.011914815608087402,0.1978598545917376,0.790225329800175
0.011890784413234715,0.1976838788018227,0.7904253367849426
0.011700149390582601,0.1962797542715024,0.792020096337915
0.010274351381760713,0.18528497455407567,0.8044406740641636
0.005950800237442298,0.14460396682867224,0.8494452329338855
0.00593840810479708,0.14446501044650212,0.8495965814487009
0.005840151369042065,0.14335712233062906,0.8508027263003289
0.005108002278241561,0.13473368451823647,0.860158313203522
0.0029003098981295735,0.10324960142232675,0.8938500886795436
0.0028941339490582405,0.1031450571842454,0.8939608088666964
0.002845182187120945,0.10231197984186383,0.8948428379710153
0.0024813964302808377,0.09585432768722622,0.901664275882493
0.0013888857677147662,0.0724907491803966,0.9261203650518887
0.0013858823012126717,0.07241470541383672,0.9261994122849506
0.0013620821086441119,0.07180896176865587,0.9268289561227
0.0011855428052400618,0.0671268389508044,0.9316876182439555
0.000549588587478725,0.046065937704537485,0.9533844737079837
0.00023103621614849478,0.029997653370687497,0.969771310413164
0.0,0.019409097580391804,0.9805909024196081
0.0,0.012503183042997924,0.9874968169570021
0.0,0.00803276606700447,0.9919672339329956
0.0,0.005151735128573968,0.9948482648714261
0.0,0.0033003207109095433,0.9966996792890905
0.0,0.0021127417811823614,0.9978872582188176
0.0,0.0015596581613412602,0.9984403418386587
0.0,0.0015575951562501109,0.9984424048437499
0.0,0.0015411888870731625,0.9984588111129269
0.0,0.0014160000756914925,0.9985839999243086
0.0,0.0007187653002733621,0.9992812346997267
0.0,0.0003180741750900667,0.99968192582491
0.0,0.00013793738939594575,0.999862062610604
0.0,0.0,1.0
