0.7,0.05,0.25
0.6996272862681567,0.05002256876599871,0.25035014496584457
0.6988498922829627,0.05006950357136261,0.2510806041456747
0.6984760358503432,0.050092008457859036,0.2514319556917977
0.6954723927297467,0.05027125532055534,0.254256351949698
0.6706298912655007,0.0516497324327623,0.27772037630173707
0.46830361493731043,0.056762209982846465,0.4749341750798431
0.2569362811956065,0.0508693549900807,0.6921943638143129
0.1511840798976183,0.04209942442145609,0.8067164956809256
0.07063950252663874,0.03030639468981714,0.8990541027835441
0.029688099008136105,0.020124258308034843,0.950187642683829
0.011186383011124184,0.012464192184712092,0.9763494248041636
0.007647031618825081,0.01031633609005174,0.9820366322911231
0.0038274655558507196,0.007298937583921806,0.9888735968602275
0.0017159050647207507,0.00487868853176012,0.9934054064035192
0.0007659150355893422,0.003250486970960081,0.9959835979934506
0.0003414340891543887,0.0021630720093870595,0.9974954939014585
0.00015209820520850444,0.0014384793542157892,0.9984094224405757
0.0,0.000956310430045238,0.9990436895699548
0.0,0.0006355491283172806,0.9993644508716827
0.0,0.0004223257875777913,0.9995776742124222
0.0,0.0002806157207698511,0.9997193842792301
0.0,0.00018644635398002378,0.99981355364602
0.0,0.00012387421256411068,0.9998761257874359
0.0,0.0,1.0
