0.3,0.55,0.15
0.29971879978767985,0.5500934050146474,0.15018779519767278
0.2991322173602042,0.550287496944397,0.15058028569539883
0.2988512731286131,0.5503800972867846,0.1507686295846023
0.29660673283447136,0.5511114777795995,0.15228178938592934
0.2788547311379966,0.5563458510582424,0.164799417803761
0.1549184632938861,0.5540094614549194,0.2910720752511946
0.06679444968550015,0.4633048049392563,0.46990074537524357
0.02377633815070714,0.3251106120798429,0.6511130497694501
0.0069041202869215765,0.19344061256391362,0.7996552671491648
0.0026776467041811046,0.125335817386239,0.8719865359095799
0.0012395456226867655,0.08691512855521424,0.911845325822099
0.0005559453028181822,0.05890049559020616,0.9405435591069756
0.00024650323218062295,0.039477310406252686,0.9602761863615666
0.00010845239008822208,0.02626155672421569,0.9736299908856961
0.0,0.017383161123671206,0.9826168388763288
0.0,0.011467012601990147,0.9885329873980099
0.0,0.007547709837571303,0.9924522901624288
0.0,0.00496075074652712,0.9950392492534729
0.0,0.0032573357477338628,0.9967426642522662
0.0,0.0023400567352052696,0.9976599432647947
0.0,0.0016806188489062782,0.9983193811510938
0.0,0.001424151794573696,0.9985758482054263
0.0,0.0009888145797434477,0.9990111854202566
0.0,0.0006537440709058283,0.9993462559290942
0.0,0.0004321630099591652,0.9995678369900409
0.0,0.0002856619038870853,0.9997143380961129
0.0,0.00018881385519802093,0.999811186144802
0.0,0.0001247958248679944,0.999875204175132
0.0,0.0,1.0
