0.75,0.05,0.2
0.7496828958078805,0.05002667607815248,0.20029042811396702
0.7490153439849055,0.05008270430129306,0.2009019517138014
0.7486971404846022,0.05010934998679442,0.2011935095286034
0.7461391745997088,0.050322114351479964,0.2035387110488113
0.7248802613731461,0.05199444924859501,0.2231252893782589
0.5538597991384442,0.06016333113570652,0.38597686972584927
0.34632128987103106,0.05925736223509245,0.5944213478938766
0.17225166986980797,0.04787745580045199,0.7798708743297401
0.0854744202564087,0.035731686265095486,0.8787938934784958
0.03599475023737797,0.02389925243552825,0.9401059973270938
0.015557131522632106,0.01588635563450597,0.9685565128428619
0.008125556171289239,0.011514857058634791,0.980359586770076
0.0035793008615930873,0.007644169813324797,0.9887765293250821
0.001569105965729056,0.0050521489625229565,0.993378745071748
0.0006861791079342142,0.003331432548491069,0.9959823883435747
0.00029967949069096547,0.0021941076700900245,0.997506212839219
0.0001307871910960289,0.001444083933478419,0.9984251288754256
0.0,0.0009501310828871451,0.9990498689171129
0.0,0.00062493640743263,0.9993750635925673
0.0,0.0004109933953943097,0.9995890066046057
0.0,0.0002702707811448485,0.9997297292188552
0.0,0.00017772183262388806,0.9998222781673761
0.0,0.00011686045097083205,0.9998831395490292
0.0,0.0,1.0
