0.3,0.1,0.6
0.29956517281437217,0.0999668055212886,0.6004680216643392
0.2986363885531822,0.09989551184467277,0.601468099602145
0.2982025240764275,0.09986202558303517,0.6019354503405373
0.29474115128785183,0.09959068495522794,0.6056681637569202
0.2677027918485322,0.09720665262202657,0.6350905555294413
0.12725043360738678,0.07512158476723692,0.7976279816253763
0.05236862262653211,0.05094646765304369,0.8966849097204243
0.019921095655285326,0.03217202226962544,0.9479068820750892
0.00973060104626142,0.022641499708491133,0.9676278992452475
0.004555342377743092,0.015532367948375342,0.9799122896738816
0.0020554809073089994,0.010432963018084235,0.9875115560746067
0.000924059039421128,0.006983548592034971,0.9920923923685439
0.0004145489911918181,0.004665386246668467,0.9949200647621397
0.00018574583611138961,0.003113106199795255,0.9967011479640933
0.0,0.0020760118502214722,0.9979239881497786
0.0,0.0013836267725088394,0.9986163732274911
0.0,0.0009219304868403862,0.9990780695131597
0.0,0.0006141925101049371,0.999385807489895
0.0,0.0004091310691900689,0.99959086893081
0.0,0.00027251363687224905,0.9997274863631278
0.0,0.0001815066851681887,0.9998184933148317
0.0,0.00012088788417636206,0.9998791121158237
0.0,0.0,1.0
