0.45,0.1,0.45
0.4495139760670501,0.10000081913767199,0.4504852047952779
0.44851083445458234,0.10000217259006135,0.4514869929553564
0.44802475191803254,0.10000266492909238,0.45197258315287514
0.44413488540822393,0.10000275543806302,0.4558623591537131
0.412995645273228,0.09975433831448043,0.48725001641229154
0.21739648284527932,0.0866971406533721,0.6959063765013486
0.09184002096640952,0.06202815994591149,0.846131819087679
0.044051568878461206,0.044465509029568535,0.9114829220919702
0.016826223653164916,0.028011748844002714,0.9551620275028324
0.006232848379901655,0.017156812312328882,0.9766103393077694
0.0027726556771086397,0.011450859800584844,0.9857764845223065
0.0014682090581198954,0.008325051620485602,0.9902067393213945
0.0006719790363407484,0.005620009007058782,0.9937080119566005
0.0003023655808148552,0.0037589497879756788,0.9959386846312095
0.00013592355879367632,0.002511904930121579,0.9973521715110848
0.0,0.0016777450586538685,0.9983222549413461
0.0,0.0011201005175842963,0.9988798994824156
0.0,0.000747652880933412,0.9992523471190665
0.0,0.0004989816060820873,0.9995010183939179
0.0,0.000332989197971031,0.999667010802029
0.0,0.00022220295841358017,0.9997777970415864
0.0,0.00014826964834719372,0.9998517303516529
0.0,0.0,1.0
