0.4,0.15,0.45
0.3995408070333175,0.14999284172286462,0.4504663512438179
0.39858843138083216,0.14997749834335627,0.45143407027581156
0.3981294431073467,0.1499698640635997,0.4519006928290536
0.3944592558023015,0.14990319740595304,0.45563754679174545
0.36525873159981154,0.14901054985683057,0.4857307185433579
0.1833824366601433,0.12616755259822,0.6904500107416367
0.07436761010683003,0.08830529814467877,0.8373270917484912
0.033279308455384425,0.06124284693301406,0.9054778446116014
0.01244015178580372,0.03817303900955448,0.9493868092046419
0.005434655929376317,0.025392366546194586,0.9691729775244291
0.0027234664282890964,0.01800814152151653,0.9792683920501942
0.001217682255978761,0.01203926590654673,0.9867430518374746
0.000542619476853518,0.008023454154124577,0.991433926369022
0.00024131773822745004,0.00533701213877011,0.9944216701230024
0.00010718905808999757,0.00354589917558264,0.9963469117663273
0.0,0.0023542640610752837,0.9976457359389247
0.0,0.0015622383251831552,0.9984377616748168
0.0,0.0010363671351821975,0.9989636328648178
0.0,0.0006873797234887403,0.9993126202765112
0.0,0.0004558528314025621,0.9995441471685975
0.0,0.00030228462616605466,0.999697715373834
0.0,0.0002004394724478285,0.9997995605275523
0.0,0.00013290288056292968,0.999867097119437
0.0,0.0,1.0
