0.5,0.15,0.35
0.4995509229864563,0.1500252736487385,0.35042380336480516
0.4986258335277583,0.15007689752558181,0.35129726894665986
0.4981763345459018,0.15010176789105778,0.35172189756304034
0.49457550817039636,0.15029595492604517,0.35512853690355856
0.48481720562650304,0.15077705935953858,0.3644057350139583
0.4843639002513973,0.1507978025487768,0.36483829719982597
0.48073342346108855,0.1509587801507783,0.3683077963881332
0.45147468704146737,0.1519197438836922,0.3966055690748404
0.3447524620951477,0.1501249414999813,0.505122596404871
0.34430939898832075,0.1500990304730061,0.5055915705386731
0.3407703386335691,0.14988620599578917,0.5093434553706419
0.3128536778784167,0.14783337748578915,0.5393129446357942
0.21844921785659796,0.13531668877011827,0.6462340933732837
0.21809838576569515,0.1352515756925977,0.6466500385417071
0.21530372846166015,0.13472725927981813,0.6499690122585217
0.19373163414056147,0.1303277966515235,0.675940569207915
0.12441640141919585,0.1110170283996488,0.7645665701811554
0.12418642685298058,0.11093646579471166,0.7648771073523077
0.12235855334456718,0.11029138405623082,0.767350062599202
0.10848843785916706,0.1051045389128774,0.7864070232279555
0.06531071170541675,0.08465544845354032,0.8500338398410429
0.06517956587105195,0.08458009541263507,0.850240338716313
0.06413875301566951,0.08397839387174749,0.851882853112583
0.05633003707959023,0.07924122580373981,0.86442873711667
0.032488586741974024,0.061476846295535126,0.9060345669624909
0.03242023239422211,0.06141598116993283,0.906163786435845
0.03187823735679471,0.06093067761784916,0.9071910850253562
0.02783926660430657,0.05715217329064859,0.9150085601050448
0.015646320137002623,0.043339578408536875,0.9410141014544605
0.015612540819064168,0.0432941663057907,0.9410932928751451
0.0153448334857346,0.04293235864914393,0.9417228078651215
0.013357431130506706,0.04013200925153554,0.9465105596179577
0.005990117479114245,0.027059271018868312,0.9669506115020174
0.0024592626237479147,0.01738043527867348,0.9801603020975787
0.0010028756860571734,0.011093240279997219,0.9879038840339457
0.0004074653135968454,0.0070555878193736005,0.9925369468670296
0.00016520234014769114,0.004478510462761261,0.9953562871970911
0.0,0.0028395346905044833,0.9971604653094954
0.0,0.0017988848192945276,0.9982011151807054
0.0,0.001139145692355546,0.9988608543076445
0.0,0.000918464082558116,0.9990815359174419
0.0,0.0009172485332306865,0.9990827514667693
0.0,0.0009075818179880278,0.999092418182012
0.0,0.0008338236358163574,0.9991661763641836
0.0,0.00042315936395725295,0.9995768406360428
0.0,0.00018746746740394752,0.999812532532596
0.0,0.0,1.0
