0.25,0.2,0.55
0.249634549959183,0.1999330007463807,0.5504324492944364
0.24885167928964042,0.1997887436521124,0.5513595770582472
0.24848716045002758,0.199721234277766,0.5517916052722065
0.2455805565803339,0.19917513900905603,0.5552443044106101
0.22296411926243212,0.19443452456065613,0.5826013561769118
0.10375999055518605,0.15014246727369407,0.7460975421711199
0.0419563923702641,0.10198672534566709,0.8560568822840688
0.015309688390129781,0.06363615751398338,0.9210541540958869
0.007398115579974392,0.04472791474204498,0.9478739696779807
0.003452779258432687,0.030732937046001055,0.9658142836955662
0.001550976455599782,0.020644837452554885,0.9778041860918454
0.0006930843941749391,0.013799984019645295,0.9855069315861797
0.0003087286041885785,0.009196438817560057,0.9904948325782513
0.00013724446402934703,0.006116808545531858,0.9937459469904388
0.0,0.004063704663163961,0.995936295336836
0.0,0.002697322363222257,0.9973026776367777
0.0,0.0017894799797538992,0.9982105200202461
0.0,0.0011867990182889664,0.998813200981711
0.0,0.0007869231016435354,0.9992130768983565
0.0,0.0005217041623375543,0.9994782958376625
0.0,0.0003458395746279915,0.999654160425372
0.0,0.00022924367107200907,0.999770756328928
0.0,0.00015195033022954866,0.9998480496697705
0.0,0.00010071490909314206,0.9998992850909069
0.0,0.0,1.0
