0.35,0.2,0.45
0.34957440079965035,0.19997904898964242,0.45044655021070723
0.34868651714407967,0.1999346888533493,0.451378794002571
0.34826134756819854,0.19991313405947647,0.451825518372325
0.34486422609191925,0.19973361333013537,0.4554021605779454
0.3180009942875599,0.1978458580424416,0.48415314766999856
0.1532945474201679,0.16352023553563708,0.683185217044195
0.06034406887402411,0.11263625200835035,0.8270196791176255
0.02574960946622427,0.07641591747714617,0.8978344730566297
0.009819722446926079,0.04813149177388667,0.9420487857791872
0.0036464997031063653,0.029573043714429294,0.9667804565824643
0.0015814667828425322,0.019517497424049256,0.9789010357931083
0.0008099973450011707,0.013966908609554051,0.9852230940454448
0.0003683730096569051,0.00940591701462559,0.9902257099757176
0.00016719932447059632,0.006322284902678926,0.9935105157728505
0.0,0.004244705070312771,0.9957552949296872
0.0,0.002847238225572711,0.9971527617744272
0.0,0.0019088981920321972,0.9980911018079678
0.0,0.0012793701062319696,0.9987206298937681
0.0,0.0008572592412116853,0.9991427407587883
0.0,0.0005743318321037896,0.9994256681678962
0.0,0.00038474225977613944,0.9996152577402239
0.0,0.0002577193309753997,0.9997422806690246
0.0,0.00017262531801474156,0.9998273746819852
0.0,0.00011562423092097576,0.9998843757690791
0.0,0.0,1.0
