0.4,0.2,0.4
0.39956366681456207,0.20000146766980936,0.4004348655156286
0.3986602280488392,0.2000038943224109,0.40133587762874995
0.39822401768959087,0.2000047701570139,0.4017712121533953
0.39473536003104714,0.20000482535927805,0.40525981460967486
0.36693573018686765,0.19955585305849752,0.4335084167546348
0.18769218303442864,0.17369874984653477,0.6386090671190365
0.07698272195717434,0.12422875782001182,0.7987885202228138
0.035561297243355265,0.08819563179033099,0.8762430709663137
0.013088098905770944,0.054944536596621414,0.9319673644976076
0.005651444488774088,0.03646114829841701,0.957887407212809
0.0028032235074274318,0.025773015643432564,0.97142376084914
0.001242642633564282,0.017180561698735247,0.9815767956677005
0.0005484205947486045,0.011404771678764471,0.988046807726487
0.00024138259093777221,0.007551174047060462,0.9922074433620018
0.00010606315061409943,0.004991599782558519,0.9949023370668274
0.0,0.0032963896169996513,0.9967036103830004
0.0,0.002175297233124565,0.9978247027668755
0.0,0.0014348913561747362,0.9985651086438253
0.0,0.0009462394279308214,0.9990537605720692
0.0,0.0006238857125066133,0.9993761142874934
0.0,0.00041129896913149423,0.9995887010308685
0.0,0.0002711292134136926,0.9997288707865863
0.0,0.00017871980123917468,0.9998212801987608
0.0,0.00011780244687111648,0.9998821975531289
0.0,0.0,1.0
