0.35,0.25,0.4
0.3495943324658372,0.24998775647517263,0.40041791105899016
0.34875034520881165,0.24996153238545382,0.4012881224057345
0.3483450169529074,0.2499485768393258,0.40170640620776676
0.345105823074847,0.24983658792334643,0.40505758900180655
0.31944932818844757,0.24840520020942114,0.4321454716021313
0.15594893478957822,0.21067117290849507,0.6333798923019268
0.0615468494986071,0.1476318151072585,0.7908213353941345
0.02626028582097314,0.10100048739559674,0.8727392267834302
0.009650541975540015,0.06284863073293578,0.9275008272915242
0.004157717227268744,0.04167820309792879,0.9541640796748024
0.002068863079935256,0.029519968092462674,0.9684111688276021
0.0009186664257632753,0.019703938546080626,0.9793773950281561
0.0004060601595833449,0.013094504450515305,0.9864994353899014
0.0001789647645033008,0.008678062113426227,0.9911429731220704
0.0,0.005741446848953439,0.9942585531510466
0.0,0.0037937608396117137,0.9962062391603883
0.0,0.002504993331443997,0.997495006668556
0.0,0.0016532451000820917,0.9983467548999179
0.0,0.001090767045157373,0.9989092329548427
0.0,0.0007195104646656998,0.9992804895353342
0.0,0.000474551208928881,0.9995254487910711
0.0,0.0003129608782277784,0.9996870391217721
0.0,0.0002063817541232846,0.9997936182458766
0.0,0.00013609293688359665,0.9998639070631163
0.0,0.0,1.0
