0.55,0.25,0.2
0.5496348945578474,0.2500918134601691,0.20027329198198351
0.5488742877936478,0.2502825715125959,0.20084314069375636
0.5485086346296,0.25037402973051465,0.20111733563988546
0.5455774008337908,0.2511014088030223,0.20332119036318697
0.5217596033501521,0.2566283870053219,0.22161200964452593
0.3323059887889165,0.2744124416531625,0.3932815695579211
0.16691666304243846,0.23947100445830588,0.5936123324992556
0.06734235512278001,0.17197281034600176,0.7606848345312183
0.02347799813442035,0.10810288789185313,0.8684191139737265
0.010388232705897966,0.07359855508004486,0.9160132122140572
0.0044855097664940335,0.04897338053819256,0.9465411096953135
0.0019088138951775756,0.03214210589197675,0.9659490802128456
0.0008052143902426947,0.02092034884207414,0.9782744367676832
0.0003979549766505495,0.014705689433880951,0.9848963555894685
0.00019621307501515217,0.010313738335364595,0.9894900485896203
0.0,0.007222959943163646,0.9927770400568364
0.0,0.00505229059089255,0.9949477094091075
0.0,0.0035314491579133828,0.9964685508420865
0.0,0.0024671861508512314,0.9975328138491487
0.0,0.0017230591078976087,0.9982769408921024
0.0,0.0012030763016149036,0.9987969236983851
0.0,0.001005218498883115,0.9989947815011169
0.0,0.0006965030937015784,0.9993034969062984
0.0,0.000460363503354973,0.999539636496645
0.0,0.0003042574997343594,0.9996957425002656
0.0,0.00020107448222978302,0.9997989255177702
0.0,0.0001328789772588655,0.9998671210227411
0.0,0.0,1.0
