0.4,0.3,0.3
0.3996097708335578,0.30003477684499497,0.3003554523214472
0.3988019358775934,0.30010602053308016,0.30109204358932645
0.39841172272313696,0.3001400712243708,0.30144820605249223
0.3952901691396227,0.30040393689300254,0.30430589396737473
0.3868251515142757,0.30104255876773056,0.3121322897179937
0.3864354132796208,0.30106923180095324,0.312495354919426
0.38331826856984164,0.30127384215826486,0.3154078892718935
0.3584613306763255,0.30233853020748297,0.33920013911619146
0.27076500353786304,0.2971542754134373,0.43208072104869966
0.27041206270025075,0.2971017548937264,0.4324861824060228
0.26759524164471316,0.29667246822853394,0.43573229012675285
0.2455155317485376,0.2926618921045237,0.46182257614693867
0.17198422258623378,0.26957625892194254,0.5584395184918237
0.17171347019206998,0.26945815965109554,0.5588283701568345
0.16955723631452846,0.2685074693453494,0.5619352943401221
0.15293984163694102,0.2605445584756884,0.5865155998873706
0.09978248468358653,0.22564031321816944,0.6745772020982441
0.09960395740826286,0.22549234574713453,0.6749036968446027
0.09818474936841094,0.22430704162335577,0.6775082090082334
0.08739909779165117,0.21474250368396233,0.6978583985243866
0.05378578744274368,0.17669641978543554,0.7695177927718208
0.053681264219970985,0.17655219948202575,0.7697665362980033
0.0528514464614936,0.17539988830136438,0.771748665237142
0.046608319514432395,0.16628373204543923,0.7871079484401283
0.027478917659129364,0.13172352467215792,0.8407975576687128
0.027422673702416137,0.13160159727408235,0.8409757290235016
0.02697654169580553,0.13062886057736314,0.8423945977268315
0.023642486110583404,0.12302106719614755,0.8533364466932691
0.013537122117301077,0.09493468259094148,0.8915281952917573
0.013537122117301079,0.0949346825909415,0.8915281952917574
0.013508507869030238,0.09484001045192611,0.8916514816790436
0.013281664541775644,0.09408538640890712,0.8926329490493172
0.011593609090933928,0.08822344942574456,0.9001829414833216
0.006511963722000583,0.06691132140462139,0.926576714873378
0.006497920692787569,0.06684151017788689,0.9266605691293256
0.006386631794332806,0.0662853478363704,0.9273280203692967
0.0055606756622977585,0.06198271319695192,0.9324566111407503
0.002541423066730559,0.042254524622244355,0.9552040523110251
0.0010560713011785329,0.0273548417939938,0.9715890869048277
0.00043566662663781035,0.017586627066354943,0.9819777063070073
0.00017892556542420943,0.011258230050379773,0.9885628443841961
0.0,0.007188373599357852,0.9928116264006421
0.0,0.004581579195083026,0.9954184208049169
0.0,0.002917115030608816,0.9970828849693912
0.0,0.0018561266180738187,0.9981438733819261
0.0,0.0014397354791080464,0.9985602645208919
0.0,0.0014397354791080466,0.998560264520892
0.0,0.0014378309027100042,0.99856216909729
0.0,0.001422684575541665,0.9985773154244584
0.0,0.0013071110258863659,0.9986928889741137
0.0,0.0006634660514894165,0.9993365339485106
0.0,0.0002936636301808831,0.9997063363698191
0.0,0.00012736479831521234,0.9998726352016848
0.0,0.0,1.0
