0.1,0.35,0.55
0.0998339978822932,0.34981955473865756,0.5503464473790493
0.0994670905947689,0.3494194751830013,0.5511134342222298
0.09930178717054775,0.3492386626398636,0.5514595501895887
0.0979867737731997,0.3477876817499106,0.5542255444768898
0.08793625458659093,0.33591500857890966,0.5761487368344994
0.03456171574998687,0.23658072643307412,0.7288575578169388
0.0102488274028632,0.13863083676730012,0.8511203358298366
0.003568974768746095,0.08430940833487524,0.9121216168963787
0.0016528851025543192,0.05805120930670101,0.9402959055907447
0.0007568652943003839,0.039539664589688515,0.9597034701160111
0.00034394349670160724,0.026734991734157953,0.9729210647691404
0.00015550387808749625,0.017988642025319062,0.9818558540965934
0.0,0.012064895180639156,0.9879351048193609
0.0,0.008073293879286306,0.9919267061207138
0.0,0.005394520116187444,0.9946054798838125
0.0,0.003877276628494394,0.9961227233715056
0.0,0.002785481239519927,0.9972145187604802
0.0,0.002000458187724659,0.9979995418122753
0.0,0.0016951305240507364,0.9983048694759493
0.0,0.001176904265146444,0.9988230957348535
0.0,0.000778056784214122,0.9992219432157858
0.0,0.0005143020402910975,0.9994856979597089
0.0,0.0003399252388163819,0.9996600747611837
0.0,0.0002246575147724648,0.9997753424852276
0.0,0.0001484705199932265,0.9998515294800068
0.0,0.0,1.0
