0.1,0.45,0.45
0.09914421764572887,0.45242553060807295,0.4484302517461982
0.09570783754616799,0.4624717276157691,0.44182043483806294
0.09484830758854004,0.4650619648066111,0.4400897276048489
0.08786564563964364,0.4872722815797561,0.4248620727806003
0.06141749966828205,0.5909860636639952,0.3475964366677228
0.033569140809912384,0.7365161118837906,0.22991474730629702
0.018817721474138262,0.8324135715942846,0.14876870693157704
0.00868768578066427,0.9102296692444086,0.08108264497492708
0.00355304552839488,0.9569258604874985,0.039521093984106664
0.0023894258650041973,0.9689618876049418,0.028648686530053924
0.00125749188176631,0.9817543730644414,0.016988135053792333
0.0005376577704672286,0.9909754389899528,0.00848690323958003
0.0002276908396091639,0.9955712969462491,0.004201012214141719
0.0,0.9979298346076889,0.0020701653923111407
0.0,0.9989823322007053,0.0010176677992946562
0.0,0.9995002672678355,0.0004997327321646041
0.0,0.9997547332240813,0.00024526677591868673
0.0,0.9998796555019983,0.00012034449800171284
0.0,1.0,0.0
