0.2,0.45,0.35
0.198016896124871,0.45379615039789145,0.3481869534772376
0.18932771059345688,0.4707468434230333,0.3399254459835099
0.18732210835763452,0.474732526580921,0.3379453650614445
0.17100604484532944,0.5081715430690248,0.3208224120856458
0.1067144023893525,0.6576109931322616,0.235674604478386
0.053447610389550065,0.8052591936603906,0.14129319595005937
0.029932367262872968,0.8801678631866974,0.08989976955042964
0.014525260807627269,0.935002473630601,0.05047226556177174
0.005196270794707507,0.972853749930622,0.02194997927467051
0.003577163979503091,0.9802295321613247,0.016193303859172156
0.0019089686857497413,0.9883936686003528,0.009697362713897423
0.0008518624566446239,0.994136366523094,0.0050117710202613516
0.0003780767507616045,0.997045192953275,0.0025767302959633395
0.00016733453391659206,0.9985113914595493,0.0013212740065341839
0.0,0.9993233452342002,0.0006766547657998276
0.0,0.9996537465973331,0.0003462534026669169
0.0,0.9998228748786886,0.0001771251213114455
0.0,1.0,0.0
