0.45,0.1,0.45
0.44997807038335724,0.09905223524851642,0.45096969436812634
0.4499807887288791,0.09526369442764498,0.4547555168434759
0.4500033894487978,0.09427129667427851,0.45572531387692367
0.45049620267811474,0.08589069633916838,0.46361310098271685
0.45743561647813163,0.04562807594403298,0.49693630757783536
0.46244640534752945,0.025695057126073124,0.5118585375263974
0.4663759910242091,0.011575750109630483,0.5220482588661604
0.4684151889613999,0.0045886406455272885,0.5269961703930728
0.46923788110406517,0.0018230807681465463,0.5289390381277883
0.46944638954784323,0.0011266384704159149,0.5294269719817409
0.4696143391629943,0.000566945954308545,0.5298187148826972
0.46970875496515463,0.0002527978142839037,0.5300384472205615
0.4697509771863852,0.00011242673808813764,0.5301365960755267
0.46979324105325787,0.0,0.5302067589467421
0.4697885523908959,0.0,0.5302114476091042
0.46978647068617985,0.0,0.5302135293138203
0.4697855466588665,0.0,0.5302144533411335
0.46978513654511955,0.0,0.5302148634548804
0.4697849545315008,0.0,0.5302150454684992
0.4697848737530013,0.0,0.5302151262469986
0.4697848379031809,0.0,0.5302151620968192
0.46978482199267557,0.0,0.5302151780073244
0.46978481493117075,0.0,0.5302151850688293
0.46978481179681186,0.0,0.5302151882031881
0.46978481040530035,0.0,0.5302151895946996
0.46978480978725523,0.0,0.5302151902127448
0.46978480951247037,0.0,0.5302151904875296
0.4697848093900224,0.0,0.5302151906099776
0.4697848093351808,0.0,0.5302151906648191
0.46978480931034255,0.0,0.5302151906896574
0.4697848092988196,0.0,0.5302151907011804
0.469784809293206,0.0,0.530215190706794
0.4697848092921464,0.0,0.5302151907078536
