0.7,0.1,0.2
0.6985566132867087,0.1014557710202805,0.19998761569301088
0.6919464806438722,0.10816352795997647,0.1998899913961514
0.6903796524849836,0.10976310849386768,0.19985723902114869
0.6768898380596756,0.12367952410659427,0.19943063783373016
0.5776406970742273,0.23239250277434345,0.1899668001514293
0.47784913939341567,0.3497722647094681,0.17237859589711627
0.3504429253358229,0.5080754220133548,0.14148165265082238
0.21687297941846373,0.6830422713588968,0.10008474922263938
0.14491368542282512,0.7815495978845699,0.07353671669260495
0.0847383543050906,0.8670538278006528,0.048207817894256655
0.03884785632556713,0.9353781846948774,0.025773958979555492
0.014930955328369445,0.9732165905514178,0.011852454120212694
0.0074360670099596895,0.9858552032601614,0.006708729729878852
0.003610565224361036,0.9926744302041283,0.003715004571510728
0.0016224808533707388,0.9964479953630542,0.0019295237835751553
0.0007269686114402294,0.9982736414751313,0.000999389913428451
0.00032525654021794796,0.9991578225859565,0.0005169208738255268
0.00014542104684451765,0.9995873899990942,0.0002671889540612762
0.0,0.9998619313807555,0.00013806861924450312
0.0,1.0,0.0
