0.35,0.2,0.45
0.34912800329406557,0.19996381251337975,0.4509081841925547
0.3468242904820805,0.19977590939569229,0.4533998001222272
0.34598527682513397,0.19967120630111287,0.45434351687375313
0.3396180403129476,0.19808252382248456,0.46229943586456773
0.3208183677839105,0.15136603785217217,0.5278155943639172
0.3249320864798811,0.1046479171600237,0.5704199963600952
0.32767254488897546,0.08744354667363506,0.5848839084373896
0.33201879393475886,0.06391579920640619,0.6040654068588349
0.33854604828895707,0.03270518334700058,0.6287487683640424
0.3429227535951818,0.013333832225385395,0.6437434141794328
0.34390995468638236,0.009086782025886402,0.6470032632877313
0.34543286835391834,0.0026105810002568946,0.6519565506458248
0.34578220835275636,0.0011372050887267574,0.653080586558517
0.34591117518752246,0.0005943828158506001,0.6534944419966269
0.34598622293495956,0.00027877829796353105,0.6537349987670769
0.3460215054769712,0.00013047051764414802,0.6538480240053847
0.3460591456764528,0.0,0.6539408543235472
0.3460556335801907,0.0,0.6539443664198094
0.3460539922759089,0.0,0.6539460077240912
0.34605322543582984,0.0,0.6539467745641702
0.34605286719866896,0.0,0.653947132801331
0.346052699853387,0.0,0.6539473001466131
0.346052621682285,0.0,0.653947378317715
0.34605258516691445,0.0,0.6539474148330855
0.3460525681097553,0.0,0.6539474318902447
0.3460525601418361,0.0,0.653947439858164
0.34605255641962945,0.0,0.6539474435803706
0.3460525546806517,0.0,0.6539474453193483
0.3460525538680658,0.0,0.6539474461319341
0.34605255348820946,0.0,0.6539474465117906
0.34605255331048645,0.0,0.6539474466895135
0.34605255322718254,0.0,0.6539474467728175
0.346052553187983,0.0,0.653947446812017
0.3460525531693851,0.0,0.6539474468306149
0.34605255316041056,0.0,0.6539474468395895
0.34605255315593114,0.0,0.6539474468440689
0.3460525531535515,0.0,0.6539474468464485
0.34605255315215266,0.0,0.6539474468478473
0.3460525531512121,0.0,0.653947446848788
0.3460525531504783,0.0,0.6539474468495217
0.3460525531498245,0.0,0.6539474468501755
0.34605255314918026,0.0,0.6539474468508197
0.3460525531484899,0.0,0.65394744685151
0.3460525531476914,0.0,0.6539474468523085
0.34605255314669464,0.0,0.6539474468533054
0.3460525531453395,0.0,0.6539474468546606
0.3460525531433527,0.0,0.6539474468566473
0.3460525531415517,0.0,0.6539474468584483
0.346052553133527,0.0,0.653947446866473
0.3460525530957957,0.0,0.6539474469042044
0.34605255292680503,0.0,0.653947447073195
