0.4,0.2,0.4
0.3987893238633384,0.2008194969124229,0.4003911792242388
0.3949455885631374,0.20344647018765252,0.4016079412492101
0.39372507172663684,0.20428887706998913,0.40198605120337405
0.3838362257040429,0.21127158981239055,0.4048921844835665
0.3246675971765931,0.26101603910006765,0.4143163637233392
0.2612857146972249,0.3370573926182369,0.40165689268453825
0.1773788681117842,0.4838208318484791,0.3388003000397367
0.1236691891837455,0.6054171867910723,0.27091362402518226
0.07371773510421203,0.738623863801224,0.1876584010945639
0.04760071547645338,0.8176480480120862,0.13475123651146032
0.026477475944683197,0.8883811116131173,0.08514141244219958
0.011417552415770393,0.9451711537605915,0.04341129382363817
0.004063907389065416,0.9771646537622137,0.018771438848720918
0.0017049011264810357,0.989057460911442,0.009237637962076994
0.0007067694331495166,0.9947988772292393,0.0044943533376111625
0.00029130025461802386,0.9975341761993316,0.002174523546050397
0.00011973111441841873,0.9988309466940832,0.0010493221914984205
0.0,0.9994942661020164,0.0005057338979836461
0.0,0.9997564223925387,0.00024357760746129188
0.0,0.9998827172775819,0.00011728272241815455
0.0,1.0,0.0
