0.4,0.25,0.35
0.3981350822255661,0.2521397708024809,0.34972514697195306
0.39076007230455306,0.26073585274378447,0.3485040749516625
0.3888255553149704,0.2630259715070448,0.34814847317798486
0.3726726658329912,0.282714521332109,0.3446128128348998
0.28525143565651273,0.40577576685329303,0.30897279749019435
0.2126849337120184,0.5268866989787477,0.2604283673092339
0.1378332644971356,0.6685775826280678,0.19358915287479675
0.06689349696687867,0.820751036045703,0.11235546698741843
0.03202528308199222,0.9051309447094148,0.06284377220859294
0.013573212525307264,0.954944387800802,0.03148239967389063
0.008912873886190296,0.9687111112115226,0.022376014902286998
0.004631050039680594,0.9822438159880422,0.013125133972277221
0.0019988557024439046,0.991395734669329,0.006605409628227133
0.0008554499927413373,0.9958471742207625,0.0032973757864961702
0.00036458052435731216,0.9979959604965274,0.0016394589791153813
0.0001550621420175497,0.9990313892928296,0.0008135485651528205
0.0,0.9995966513275039,0.00040334867249619327
0.0,0.9998001378952523,0.00019986210474763483
0.0,1.0,0.0
