0.7,0.15,0.15
0.6978567478606537,0.15197119620086283,0.1501720559384835
0.6884103395303222,0.1606819269407359,0.150907733528942
0.6861380018975446,0.16278284302231566,0.15107915508013986
0.6670470080041547,0.18051981426866553,0.15243317772717976
0.5100433838579751,0.332824756003728,0.15713186013829686
0.3674710377345953,0.48317976776614013,0.14934919449926465
0.2159347519381623,0.6603321907235821,0.12373305733825563
0.09929712807649536,0.8161730312451101,0.08452984067839459
0.06168883079371409,0.8732662654462315,0.06504490376005442
0.025858884185263067,0.9348699029417844,0.039271212872952634
0.008545950279121237,0.9712829299622319,0.020171119758646987
0.0039049694359394533,0.9835967829792462,0.012498247584814385
0.001757306118066875,0.9905949318271069,0.007647762054826295
0.0007836276867148088,0.9945715329233656,0.004644839389919577
0.00034754641755278354,0.9968439370878227,0.0028085164946244985
0.00015364376032524156,0.9981526486795075,0.0016937075601672785
0.0,0.9989801176287066,0.0010198823712933404
0.0,0.9993291225855857,0.0006708774144142557
0.0,0.9995254821693564,0.0004745178306436154
0.0,0.9997032386243945,0.00029676137560557506
0.0,0.9998177538415107,0.00018224615848927507
0.0,0.9998883503900674,0.00011164960993258568
0.0,1.0,0.0
