0.6,0.25,0.15
0.5966874363634831,0.2532346246990053,0.15007793893751153
0.5819784345356588,0.2676598707647425,0.15036169469959867
0.5785033260554842,0.27108294975554936,0.15041372418896662
0.5495975743514339,0.2997834049017602,0.150619020746806
0.3852591965423472,0.4715365146974507,0.14320428876020205
0.21010191587734636,0.6752202723470432,0.11467781177561044
0.10162869559694743,0.818588232836223,0.07978307156682962
0.06572317234871634,0.8715656295463435,0.06271119810494015
0.027423328708387977,0.9348356667156988,0.037741004575913235
0.009104883424374242,0.9714648078840102,0.01943030869161556
0.004165001592556757,0.9837897297579207,0.012045268649522586
0.0018770478900574953,0.990746641991771,0.007376310118171506
0.0008384381547161637,0.9946772400763654,0.004484321768918478
0.00037254168534890105,0.9969130249242956,0.0027144333903555747
0.00016501382077336996,0.998196090602719,0.0016388955765077326
0.0,0.9990119090424434,0.000988090957556561
0.0,0.999350448233416,0.0006495517665839602
0.0,0.9995411043173095,0.0004588956826906093
0.0,0.9997130502689806,0.00028694973101940044
0.0,0.9998237789174651,0.0001762210825349265
0.0,0.9998920398751601,0.00010796012483983299
0.0,1.0,0.0
