0.6000000000000001,0.30000000000000004,0.10000000000000002
0.5953233950892778,0.3048073403538007,0.09986926455692142
0.5729169770214312,0.3279206723503952,0.09916235062817358
0.5679811976689233,0.3330301599667496,0.0989886423643271
0.5269741840525104,0.3757343243601178,0.09729149158737178
0.3314837030979363,0.5860723345519486,0.082443962350115
0.16101694718469298,0.7812667871289689,0.057716265686338156
0.07616810863163005,0.8859342048955395,0.03789768647283045
0.031663665466693525,0.9458046002044094,0.022531734328897095
0.013211068393271403,0.9735333676228426,0.013255563983886071
0.006516039417408841,0.984890346305275,0.00859361427731608
0.0028526210721752814,0.991982615879389,0.005164763048435703
0.0012391143544398682,0.9956766849954982,0.003084200650061844
0.0005358948896698929,0.9976289255265228,0.001835179583807263
0.00023119378353727096,0.9986790314077612,0.0010897748087015822
0.0,0.9993535445499343,0.0006464554500656302
0.0,0.999616835084659,0.0003831649153409183
0.0,0.9997729711406287,0.0002270288593713433
0.0,0.9998655112374715,0.0001344887625285982
0.0,1.0,0.0
