0.35,0.4,0.25
0.3457355503180682,0.40079471954703527,0.25346973013489654
0.32548300921933115,0.4039811212572351,0.27053586952343367
0.3212024291999695,0.4045240186554846,0.274273552144546
0.2870208164300316,0.40704838193409776,0.3059308016358708
0.1623562803974569,0.37819077709479276,0.4594529425077504
0.08164042018017387,0.3010176566610032,0.617341923158823
0.039237769527498655,0.2161636635951587,0.7445985668773427
0.018702678330765336,0.14709648275409354,0.8342008389151412
0.008500202877723259,0.09471247559151708,0.8967873215307597
0.003907497688405671,0.060320910267551,0.9357715920440434
0.0018134512592072318,0.03826309381803467,0.9599234549227581
0.0008475068191995887,0.024239193732490064,0.9749132994483104
0.00039800189547233673,0.01535040905990994,0.9842515890446177
0.00018751279696966943,0.009721530643753312,0.990090956559277
0.0,0.006157996890337174,0.9938420031096628
0.0,0.003900656396845691,0.9960993436031543
0.0,0.0024710891101514345,0.9975289108898486
0.0,0.0015655776883783939,0.9984344223116216
0.0,0.0009919375932144205,0.9990080624067856
0.0,0.0006264852099466438,0.9993735147900534
0.0,0.00039280774638141073,0.9996071922536186
0.0,0.0002435144103021941,0.9997564855896979
0.0,0.00019173367910805693,0.9998082663208919
0.0,0.00013045656086054162,0.9998695434391395
0.0,0.0,1.0
