0.5,0.4,0.1
0.4967829081415503,0.4019026020617528,0.1013144897966969
0.48170945370982265,0.41070569514825145,0.10758485114192591
0.4781998912456056,0.4127264012301697,0.10907370752422471
0.4479657618230767,0.42960111396957834,0.12243312420734495
0.3076551077701693,0.4885691830046258,0.203775709225205
0.2097151090252922,0.4973859131492534,0.2928989778254544
0.11876491302631417,0.45344274899823417,0.4277923379754517
0.06345128912894293,0.3707184682266416,0.5658302426444154
0.028278033558339168,0.26090353217866874,0.7108184342629921
0.01473552127073236,0.18773331281290526,0.7975311659163624
0.007102219358696995,0.1261432998621658,0.8667544807791372
0.0034801971822366233,0.08397869205781607,0.9125411107599474
0.0017271685027061773,0.055715941279050024,0.9425568902182438
0.0008612472344157709,0.036828415773100684,0.9623103369924836
0.00042490628413487363,0.02408986914586799,0.9754852245699972
0.00021059442742721687,0.015759811099449857,0.984029594473123
0.00010467405929253435,0.010311113310690852,0.9895842126300165
0.0,0.006715618731266325,0.9932843812687336
0.0,0.004349776757265623,0.9956502232427344
0.0,0.0027448912465075294,0.9972551087534924
0.0,0.0017168719534459284,0.9982831280465541
0.0,0.0010661732200355697,0.9989338267799645
0.0,0.0006561772638663685,0.9993438227361336
0.0,0.0003985991092234269,0.9996014008907765
0.0,0.000307373858950819,0.9996926261410493
0.0,0.00020846151460807494,0.9997915384853919
0.0,0.00012765666217870174,0.9998723433378213
0.0,0.0,1.0
