0.1,0.45,0.45
0.09784528600618017,0.44722722169246293,0.45492749230135693
0.08735811635148764,0.43233459238710154,0.48030729126141086
0.0854542661307431,0.4293617583407473,0.48518397552850967
0.07156040188571272,0.40474152871263985,0.5236980694016475
0.027814743300269916,0.27216267825012114,0.7000225784496088
0.013284839961734591,0.18762802346080432,0.7990871365774611
0.0064684123351743585,0.12671124661808109,0.8668203410467447
0.0032028652667568467,0.08485928450121878,0.9119378502320243
0.0016038481664268757,0.056596922546566675,0.9417992292870064
0.0007736377138655068,0.03667949619340884,0.9625468660927256
0.00037584708154764224,0.023769042534821413,0.975855110383631
0.00018346633731690924,0.015405919278745819,0.9844106143839372
0.0,0.00997862893754062,0.9900213710624594
0.0,0.006407180331311323,0.9935928196686886
0.0,0.004069663092206032,0.995930336907794
0.0,0.00254870592596963,0.9974512940740303
0.0,0.0019958279771790676,0.9980041720228209
0.0,0.0013521001944286734,0.9986478998055713
0.0,0.0008286012418384218,0.9991713987581615
0.0,0.0005078058573765449,0.9994921941426235
0.0,0.00031121418771742497,0.9996887858122826
0.0,0.00019073349597289346,0.9998092665040271
0.0,0.00011689560562007949,0.9998831043943799
0.0,0.0,1.0
