0.4,0.45,0.15
0.3956675872943335,0.45197506547785143,0.15235734722781505
0.37450056973280166,0.4611437349878623,0.16435569527933602
0.370045884365569,0.4629656466241351,0.16698846901029596
0.3337891873866128,0.4762263235238263,0.18998448908956095
0.19008323730132756,0.48744346802900895,0.32247329466966346
0.10840263458293256,0.4358359513850114,0.455761414032056
0.058994071483061565,0.35390802374976366,0.5870979047671748
0.02683621347297055,0.2491578511474533,0.7240059353795761
0.012371347481422428,0.16725066382429027,0.8203779886942874
0.005813317160099403,0.11006476305199954,0.884121919787901
0.002776952642296782,0.07188119193426629,0.9253418554234369
0.001333409082802207,0.04663060295841489,0.952035987958783
0.0006458216441932782,0.030229006095180623,0.9691251722606261
0.00031214502832870944,0.019502344038299185,0.9801855109333721
0.00014897063902272745,0.012457968913865792,0.9873930604471115
0.0,0.00787529917075381,0.9921247008292462
0.0,0.004978815341779868,0.9950211846582202
0.0,0.003148155556304995,0.996851844443695
0.0,0.0019799448340391515,0.9980200551659608
0.0,0.001230777808105685,0.9987692221918943
0.0,0.0009704007709842294,0.9990295992290157
0.0,0.000660289168964423,0.9993397108310356
0.0,0.0004046998844324194,0.9995953001155676
0.0,0.00024805021599678343,0.9997519497840032
0.0,0.00015203754322936023,0.9998479624567707
0.0,0.0,1.0
