0.05,0.5,0.45
0.048820088090244,0.49622916638211195,0.4549507455276441
0.04301382763135503,0.47596049621724446,0.4810256761514005
0.04199847218461519,0.4720950913169018,0.48590643649848303
0.034706377681322176,0.4409798510237776,0.5243137712949002
0.01616865303027332,0.3201866376493827,0.6636447093203439
0.007613309634390437,0.22125003710702912,0.7711366532585805
0.003693407928929001,0.15013044197284006,0.846176150098231
0.0018336755603547254,0.1011538065822654,0.8970125178573799
0.0009028956637472,0.06701482379869146,0.9320822805375614
0.00044910717000894987,0.04432175470182927,0.9552291381281618
0.00021974849232228206,0.028886974186003198,0.9708932773216745
0.00010550723782010048,0.018554468650259632,0.9813400241119202
0.0,0.011757664940917017,0.988242335059083
0.0,0.00745254270924255,0.9925474572907574
0.0,0.00470727371620486,0.9952927262837952
0.0,0.003715288737907013,0.996284711262093
0.0,0.0024952806549883117,0.9975047193450117
0.0,0.0015284908400217973,0.9984715091599782
0.0,0.0009363426477735561,0.9990636573522265
0.0,0.0005736202149638033,0.9994263797850362
0.0,0.00035141881032287357,0.9996485811896771
0.0,0.00021529417498548288,0.9997847058250144
0.0,0.0001318996628342718,0.9998681003371658
0.0,0.0,1.0
