0.2,0.5,0.3
0.19628204277501382,0.499279334984572,0.3044386222404142
0.17803131809627212,0.4943924161673635,0.3275762657363644
0.17459362267140682,0.4932010425139345,0.3322053348146587
0.14876972941767888,0.48105306596601993,0.37017720461630116
0.07715167139699468,0.4030058070322687,0.5198425215707366
0.04743418146141814,0.3343226980513156,0.6182431204872663
0.04638643754585954,0.33118903051124876,0.6224245319428917
0.038798504582909996,0.3064738425837042,0.6547276528333859
0.017902511794199424,0.21100229374512416,0.7710951944606763
0.01217465707299962,0.17231878447275975,0.8155065584542407
0.01191379923263373,0.17032787614651898,0.8177583246208474
0.010024358562445412,0.15512947156695292,0.8348461698706016
0.005048237174917368,0.10576536820107299,0.8891863946240097
0.003306121701677598,0.08292072706215206,0.9137731512361704
0.003237712056478859,0.08192113864290924,0.914841149300612
0.0027400693654590475,0.07433994081722303,0.9229199898173178
0.00137074716427743,0.04944211853104948,0.9491871343046732
0.000936218728274249,0.03940014024320372,0.9596636410285221
0.0009172423597437703,0.0389210482410641,0.9601617093991922
0.0007788032354300436,0.03529204595576723,0.9639291508088028
0.0003841205810020534,0.02307381234451285,0.976542067074485
0.00027122621012520696,0.018699092158247773,0.981029681631627
0.000271226210125207,0.018699092158247776,0.9810296816316271
0.0002657873092901939,0.018471371333886315,0.9812628413568235
0.00022604750918518176,0.01674676972081835,0.9830271827699965
0.0001103719440804224,0.010841109889627361,0.9890485181662922
0.0,0.006645814979603574,0.9933541850203964
0.0,0.004074545734501204,0.9959254542654988
0.0,0.0024984965886723364,0.9975015034113276
0.0,0.001532224078639754,0.9984677759213603
0.0,0.0009397093327221099,0.9990602906672779
0.0,0.0005763444700527616,0.9994236555299473
0.0,0.00035349354487093485,0.999646506455129
0.0,0.00021681409173948695,0.9997831859082604
0.0,0.00013298346156152406,0.9998670165384386
0.0,0.0,1.0
