0.05,0.7,0.25
0.04874788752030143,0.696908645852813,0.2543434666268855
0.042386792770616105,0.678759031500051,0.27885417572933296
0.04131993940922315,0.6752604861954182,0.2834195743953587
0.03369748340544439,0.6454268723815147,0.3208756442130408
0.01458327984810348,0.5018546351776806,0.483562084974216
0.0065476601487644386,0.36291269807075915,0.6305396417804764
0.0034975134907188517,0.2697131056631567,0.7267893808461244
0.0018089573400027275,0.1917501781638684,0.8064408644961288
0.0009231229448456018,0.1325133358801832,0.8665635411749713
0.0004620938080013567,0.08924480604768868,0.91029310014431
0.00023256885427249346,0.05970762337060145,0.9400598077751261
0.00011833254113188896,0.039958094595085064,0.959923572863783
0.0,0.026629950238027056,0.9733700497619729
0.0,0.01744445587532785,0.9825555441246722
0.0,0.011176013661437596,0.9888239863385624
0.0,0.007104829219882524,0.9928951707801176
0.0,0.004423261360743248,0.9955767386392568
0.0,0.0027542681664255125,0.9972457318335745
0.0,0.0017152106996449672,0.998284789300355
0.0,0.0010682154075255306,0.9989317845924744
0.0,0.0006653024513878218,0.9993346975486123
0.0,0.00041437282534262127,0.9995856271746574
0.0,0.0002580897889065187,0.9997419102110935
0.0,0.0001607514898521564,0.9998392485101478
0.0,0.00010012489607444227,0.9998998751039255
0.0,0.0,1.0
