0.6,0.25,0.15
0.6009571378467213,0.24882200150893316,0.1502208606443455
0.6043775387639297,0.24488346659820992,0.15073899463786028
0.6055762456103683,0.24358436248531676,0.1508393919043149
0.6181011371620541,0.231556509954583,0.1503423528833629
0.6506234933150439,0.20603100459200901,0.14334550209294716
0.7209911597426097,0.15820510331036913,0.12080373694702123
0.7768385874659185,0.12223948800175893,0.10092192453232249
0.827927534143758,0.09063463479924994,0.08143783105699207
0.9001663805135603,0.049152507125868224,0.050681112360571434
0.9399120891069409,0.02834982752667729,0.031738083366381856
0.9674544084669761,0.014879743126539599,0.01766584840648438
0.9854924908279575,0.006495910579846605,0.008011598592195879
0.989841121318706,0.004526914762736095,0.0056319639185578975
0.994534365862569,0.002424037030288075,0.003041597107142951
0.9974956060051873,0.0011083137012069596,0.0013960802936056078
0.9988597329005957,0.0005045870452116423,0.0006356800541926846
0.9994823461444377,0.00022927839864101047,0.00028837545692118205
0.9997653107735165,0.00010408913551667687,0.0001306000909668964
1.0,0.0,0.0
