0.5,0.3,0.2
0.49756692523955887,0.30054048820267004,0.20189258655777112
0.48734897556111567,0.30281292713710034,0.209838097301784
0.48468914573932653,0.3034022778713995,0.21190857638927393
0.461493878173604,0.30840942203421107,0.23009669979218497
0.33205836750658674,0.32463815259161605,0.34330347990179727
0.2143459856977404,0.3085621679565425,0.47709184634571716
0.121903857219204,0.25873051055104623,0.6193656322297497
0.062415031424411765,0.19283812175301288,0.7447468468225753
0.027672369395968028,0.12660672453262975,0.8457209060714023
0.012167440044495456,0.07983462609794839,0.9079979338575561
0.005369090221112045,0.04952180457926217,0.9451091051996258
0.002382896306599826,0.030524950942997536,0.9670921527504026
0.0010628352287436445,0.018772209327210965,0.9801649554440454
0.00047579915137412564,0.011535856234568475,0.9879883446140574
0.00021353745532360063,0.007087711262357485,0.9926987512823189
0.0,0.004355199397106155,0.9956448006028938
0.0,0.0026759045793856807,0.9973240954206143
0.0,0.0016442625811825054,0.9983557374188174
0.0,0.0010104092743639756,0.9989895907256361
0.0,0.0006209265005903447,0.9993790734994096
0.0,0.00038158718197882336,0.9996184128180212
0.0,0.0002345060943813516,0.9997654939056186
0.0,0.00014411816948179133,0.9998558818305182
0.0,0.0,1.0
