0.65,0.3,0.05
0.6519528539282394,0.2980665140098218,0.049980632061938736
0.6597401714075466,0.2904969059069027,0.049762922685550846
0.6597401714075465,0.29049690590690264,0.04976292268555083
0.6621621694172467,0.28817963454099954,0.04965819604175373
0.6879338153229677,0.2641757602463402,0.04789042443069212
0.7584734420887115,0.20078047384048983,0.040746084070798765
0.8286238513162031,0.13913494390675268,0.032241204777044306
0.8635981229037696,0.10916913380582778,0.027232743290402595
0.9000369319647727,0.07870314869729235,0.02125991933793495
0.9509209982557997,0.03767895355894031,0.01140004818525996
0.9786935591613202,0.01612076999264546,0.0051856708460344125
0.9913215363316988,0.006524324157744975,0.0021541395105561674
0.9954619738042977,0.003405511292514111,0.0011325149031882033
0.997705611223106,0.00172067802301986,0.0005737107538741885
0.9988822502517922,0.0008382664718747918,0.00027948327633295887
0.9994566435827651,0.0004076455343678804,0.00013571088286700003
0.9998019261099078,0.0001980738900921464,0.0
1.0,0.0,0.0
