0.25,0.1,0.65
0.24958205180790055,0.10005380604828659,0.6503641421438129
0.2486588609538918,0.10017264099210269,0.6511684980540056
0.24824230283045326,0.10022625424239043,0.6515314429271564
0.24492459128927552,0.10065310590684948,0.654422302803875
0.23548188191471545,0.10186643164110555,0.662651686444179
0.23507948738983192,0.10191808383823012,0.663002428771938
0.23187555603418347,0.10232918817744205,0.6657952557883745
0.2072387192421707,0.10548026481133567,0.6872810159464937
0.12881795062927676,0.11534364458498131,0.7558384047857419
0.12856349623841803,0.11537505809492946,0.7560614456666525
0.12654253234195947,0.11562436949150083,0.7578330981665398
0.11129616952368039,0.11749359306908129,0.7712102374072383
0.06506145857078377,0.12297414118159991,0.8119644002476164
0.06492288922392625,0.12298991566992305,0.8120871951061508
0.06382397921667576,0.12311481396566094,0.8130612068176634
0.05562710960093416,0.12403408523633798,0.820338805162728
0.03137816506995129,0.1265541865083167,0.8420676484217321
0.031308814516101846,0.12656071143802788,0.8421304740458704
0.030759274963819968,0.1266122092793613,0.8426285157568189
0.0266844868235682,0.12698137390643713,0.8463341392699948
0.011539163305643618,0.1279931094342962,0.8604677272600603
0.004647793571029169,0.12784980593613254,0.8675024004928383
0.0018620221073031842,0.12717450437720723,0.8709634735154896
0.0007443533627998946,0.1262890714155257,0.8729665752216744
0.00029729865273331676,0.1253241124310293,0.8743785889162374
0.00011870042841854618,0.12433183641086837,0.8755494631607131
0.0,0.12333882404417548,0.8766611759558245
0.0,0.12233806114325362,0.8776619388567464
0.0,0.12201658131537453,0.8779834186846254
0.0,0.12201658131537454,0.8779834186846255
0.0,0.1220102202509486,0.8779897797490515
0.0,0.12195934201416152,0.8780406579858385
0.0,0.12155297350207021,0.8784470264979298
0.0,0.1183438665482133,0.8816561334517867
0.0,0.11386354396351518,0.8861364560364848
0.0,0.11385756223591528,0.8861424377640847
0.0,0.11380971827368502,0.886190281726315
0.0,0.1134275970588939,0.8865724029411061
0.0,0.11041073917315908,0.8895892608268409
0.0,0.0887181555547715,0.9112818444452285
0.0,0.055416673566229695,0.9445833264337703
0.0,0.0554136057033138,0.9445863942966862
0.0,0.055389068554816366,0.9446109314451837
0.0,0.055193139270917145,0.9448068607290829
0.0,0.05364904435111124,0.9463509556488888
0.0,0.04268791675642395,0.9573120832435761
0.0,0.026088210742645227,0.9739117892573548
0.0,0.02608673033513901,0.973913269664861
0.0,0.026074890017996045,0.973925109982004
0.0,0.025980355588274565,0.9740196444117255
0.0,0.025235997663146416,0.9747640023368537
0.0,0.019984934789161062,0.980015065210839
0.0,0.008947601532022151,0.9910523984679779
0.0,0.0037479176913591834,0.9962520823086408
0.0,0.0015651259922070887,0.998434874007793
0.0,0.0006527608450658467,0.9993472391549342
0.0,0.0002720992304763944,0.9997279007695237
0.0,0.00011339762105016333,0.9998866023789499
0.0,0.0,1.0
