0.2,0.45,0.35
0.19801690154451826,0.4537962071280265,0.3481868913274553
0.18932770996182408,0.4707472261963219,0.339925063841854
0.1873221108701792,0.47473298029760164,0.33794490883221917
0.17100604951142023,0.5081726829991623,0.3208212674894176
0.10671746916202682,0.6576078323227679,0.2356746985152054
0.05345159481580958,0.8052539339058057,0.1412944712783848
0.02993560159682854,0.8801631010634454,0.08990129733972602
0.0145279090505056,0.9349967741166979,0.050475316832796505
0.005197629501795127,0.9728499245712439,0.021952445926961016
0.003578103370806601,0.9802267992758152,0.016195097353378263
0.0019094750736535135,0.9883920955105984,0.009698429415748168
0.0008520836877239853,0.9941356276085772,0.005012288703698888
0.00037817256302955725,0.9970448471631007,0.0025769802738697853
0.0001673758316056524,0.9985112299284831,0.0013213942399113116
0.0,0.9993232876148946,0.0006767123851054168
0.0,0.9996537191164947,0.00034628088350521725
0.0,0.9998228618365529,0.00017713816344715582
0.0,1.0,0.0
