0.05,0.65,0.3
0.049215103618066414,0.6539772644920133,0.2968076318899203
0.045479202105086367,0.6733273906113063,0.2811934072836074
0.04472660085292815,0.6773107308999369,0.2779626682471351
0.0388752298044827,0.7092919154498347,0.2518328547456827
0.01999739464567208,0.826537069462533,0.15346553589179496
0.012417170343054779,0.8817046239575314,0.10587820569941396
0.01211774682892431,0.8840212340828192,0.1038610190882566
0.009930522872190137,0.9013427783188767,0.08872669880893326
0.00396224436247077,0.9535869408613141,0.0424508147762151
0.0021451790946682143,0.9720457931885276,0.02580902771680432
0.002086476013082006,0.9726803301097422,0.02523319387717591
0.0016694237495322177,0.9772855314137842,0.021045044836683475
0.0007331545148332528,0.9885146460297282,0.01075219945543869
0.0003164956310918686,0.9942749477137519,0.005408556655156345
0.00030758075060942667,0.9944088896788041,0.005283529570586343
0.00024467867799726723,0.9953742985710545,0.004381022750948142
0.00011672974016937622,0.9974938205019783,0.002389449757852195
0.0,0.9987718332726248,0.0012281667273752487
0.0,0.9993695208113809,0.0006304791886191748
0.0,0.9996765334229941,0.00032346657700585164
0.0,0.9998340958649742,0.00016590413502587847
0.0,1.0,0.0
