0.9,0.05,0.05
0.8987436516673653,0.051273677442933575,0.04998267088970117
0.8917244447816952,0.058395837436870476,0.049879717781434275
0.8902624814581337,0.059880512195983046,0.049857006345883276
0.8771992097331018,0.07316486971734032,0.04963592054955786
0.7892833863334543,0.16323023412596424,0.04748637954058142
0.6601488482414805,0.2969409016997194,0.042910250058800135
0.5564427197004098,0.4051854067592477,0.03837187354034252
0.3737102185409547,0.5974704737306417,0.028819307728403576
0.18522771096437418,0.7980143183069203,0.016757970728705572
0.10445838727243323,0.8849306778818745,0.010610934845692288
0.05000850346155244,0.9441434029765622,0.005848093561885461
0.016984682107981482,0.980591013295777,0.0024243045962415895
0.007188875400593681,0.9916114218712471,0.0011997027281592753
0.003533592674938679,0.9957958694655251,0.0006705378595362592
0.0017327883004739492,0.9978932662773283,0.00037394542219779825
0.0008035668700668051,0.9989972507948787,0.00019918233505460936
0.0003723971699953775,0.9995215752218091,0.00010602760819560185
0.0001725340917895527,0.9998274659082105,0.0
0.0,1.0,0.0
