0.25,0.1,0.65
0.2503423522906765,0.09763043814626285,0.6520272095630607
0.25214272000543536,0.08557713665740993,0.6622801433371548
0.25249366986702165,0.08329682362850084,0.6642095065044775
0.2553259341346923,0.06554079540984835,0.6791332704554595
0.2616824086765138,0.02862141214041991,0.7096961791830663
0.2651856977417118,0.009426234459124272,0.725388067799164
0.26613447538720125,0.004334284770321004,0.7295312398424777
0.26617639355134587,0.004110269633354472,0.7297133368152996
0.26644503808297987,0.0026764732490619785,0.7308784886679582
0.26674245876778513,0.001092829028142267,0.7321647122040725
0.2668650590542532,0.0004411587525186894,0.7326937821932281
0.26691474372938734,0.00017725032239980488,0.7329080059482128
0.26695377484218824,0.0,0.7330462251578118
