0.8,0.1,0.1
0.7979164800703915,0.1021622955630515,0.09992122436655707
0.7869646356973198,0.11355607588878319,0.09947928841389703
0.784609926847361,0.11601169869515665,0.09937837445748243
0.7639443946818049,0.1376458926753048,0.09840971264289035
0.6720392646284726,0.23533288208604125,0.09262785328548614
0.5455491964552445,0.3726867333045637,0.08176407024019186
0.3917630659766374,0.5431558022065827,0.06508113181677992
0.22785246045282093,0.7288336824072077,0.04331385713997138
0.11366426871575598,0.8612866636935617,0.02504906759068238
0.05132555555201329,0.9354689399013495,0.01320550454663731
0.019503451798483097,0.9744876137015109,0.0060089345000059495
0.008952538089244797,0.9878674480217325,0.003180013889022708
0.004694530280157761,0.9934307200362061,0.0018747496836361303
0.0021553345973716912,0.9968538684398356,0.000990796962792689
0.0009873114167295873,0.9984901746332983,0.0005225139499721319
0.00045176811185407577,0.9992729617053646,0.0002752701827812337
0.00020660646535451257,0.9996484496634005,0.00014494387124500363
0.0,1.0,0.0
