0.85,0.1,0.05
0.8475614122258008,0.10249429270608969,0.04994429506810953
0.8340790978849206,0.11629983317653327,0.04962106893854608
0.8312745121979568,0.11917477406997021,0.04955071373207304
0.8064986216934852,0.14461521008283448,0.04888616822368046
0.6962856462996717,0.25854481836610954,0.045169535334218844
0.5095710949951229,0.4536252714939054,0.03680363351097168
0.34274710401619396,0.629721190469918,0.027531705513888106
0.2366124099512208,0.7426805814845573,0.020707008564221873
0.14154459367120625,0.8446553041774898,0.013800102151303974
0.06967026638326061,0.9225268478849564,0.007802885731782783
0.029063500252988775,0.9671032979314419,0.003833201815569391
0.01443939428718404,0.9833957574356356,0.0021648482771804436
0.0070286191607899645,0.9917703599647155,0.0012010208744945353
0.0031840953734579795,0.9961880560067393,0.0006278486198027225
0.0014385694973633456,0.9982340453695608,0.00032738513307585873
0.0006491233711131973,0.9991803676484399,0.00017050898044692258
0.00029275560273951575,0.9997072443972604,0.0
0.0001319791763557588,0.9998680208236442,0.0
0.0,1.0,0.0
