0.7000000000000001,0.20000000000000004,0.10000000000000002
0.6961258439892473,0.20414643764015447,0.09972771837059838
0.6760323518216743,0.2257123832040032,0.09825526497432255
0.6717540385582935,0.2303168038724177,0.09792915756928888
0.6350345514830467,0.27000483692869787,0.09496061158825549
0.45975758298907266,0.4629888389499336,0.07725357806099378
0.2984030268245318,0.6451350442509797,0.05646192892448852
0.20462080113803988,0.7530868860530221,0.042292312808938116
0.12048907850815632,0.8516491444960055,0.027861776995838302
0.05842808951960867,0.925995618343843,0.015576292136548315
0.023915643256717748,0.96854631541478,0.007538041328502312
0.009428017919877237,0.9870479470730499,0.003524035007072899
0.004625294554644044,0.9934072949820366,0.0019674104633194333
0.0022601978485127963,0.9966455071747529,0.001094294976734317
0.001102222699525797,0.9982902881842936,0.0006074891161806802
0.0005369524122779812,0.9991261399344367,0.0003369076532852637
0.0002614364926311259,0.9995518138805244,0.00018674962684450146
0.00012725481251793118,0.9997692565781847,0.00010348860929727024
0.0,1.0,0.0
