0.4,0.3,0.3
0.39740382125637513,0.3033552692849842,0.2992409094586407
0.38608807996817684,0.31816777089058096,0.2957441491412422
0.3833730951683691,0.3217665846862473,0.2948603201453836
0.36067398522382743,0.352512853067274,0.28681316170889865
0.2702983697771953,0.4856438972400935,0.24405773298271122
0.21128186076671637,0.5811036038330651,0.20761453540021857
0.2080446747459554,0.5865301108121764,0.20542521444186826
0.18248811341723736,0.6300812154730424,0.1874306711097202
0.09809534090922128,0.7837469949650777,0.11815766412570097
0.059998047345791644,0.8594457957023349,0.08055615695187343
0.05855798988274502,0.8624152649499742,0.07902674516728085
0.048017674160684753,0.8844517848539535,0.06753054098536172
0.02032777674727321,0.9458034280474434,0.03386879520528336
0.01034958788542892,0.9700665831288474,0.019583828985723653
0.010065813616287193,0.970788487749311,0.019145698634401756
0.008050377359173438,0.9759892953018507,0.015960327338975795
0.003534785793016977,0.988314970876282,0.008150243330701022
0.001521624191725723,0.9943889815299541,0.00408939427832012
0.0014787288153115933,0.9945265081528364,0.003994763031851966
0.001176118377256471,0.9955120775686589,0.0033118040540846107
0.0005618160327481904,0.9976301542989763,0.0018080296682755183
0.0002497278042539965,0.9988199931939972,0.0009302790017487861
0.00011088545926683396,0.9994109515759723,0.0004781629647609241
0.0,0.9997543391660689,0.0002456608339310284
0.0,0.9998738318822892,0.0001261681177108428
0.0,1.0,0.0
