0.15,0.35,0.5
0.14918168244130872,0.35095617474607366,0.4998621428126177
0.1464525675326132,0.3542373345979071,0.4993100978694796
0.1456375021575918,0.35524587451396744,0.4991166233284408
0.13909248519214865,0.3638640616242184,0.49704345318363297
0.10055294092333496,0.44060704943062623,0.4588400096460388
0.0752601701785574,0.5237215993076804,0.40101823051376223
0.043885887188018266,0.6699638034158524,0.2861503093961294
0.025890519239496243,0.77863001592625,0.19547946483425377
0.012860731264085764,0.8730119180770866,0.11412735065882772
0.006596223398998133,0.9262268689603143,0.06717690764068762
0.002594039153197489,0.96577495972207,0.03163100112473255
0.00105023481358188,0.9837995804642595,0.015150184722158618
0.0005489672160458166,0.9905332001463379,0.008917832637616262
0.0002575232164645088,0.9949420806423317,0.004800396141203849
0.00011674619968273886,0.9973720973030611,0.002511156497256229
0.0,0.9986893145997747,0.0013106854002251994
0.0,0.9993167671826415,0.0006832328173584096
0.0,0.9996440607738358,0.00035593922616414107
0.0,0.9998146273121461,0.00018537268785388748
0.0,1.0,0.0
