0.30000000000000004,0.35000000000000003,0.35000000000000003
0.29781832481548404,0.35319563731369275,0.34898603787082316
0.28863183749345483,0.36688275606867754,0.34448540643786757
0.2863844337260632,0.37028764375431833,0.34332792251961836
0.2677808474126715,0.39931064779301173,0.33290850479431683
0.19524790314448126,0.5261193804639799,0.27863271639153886
0.11369559536160125,0.693936065961041,0.19236833867735786
0.05221876673291746,0.8411838940970149,0.10659733917006775
0.0255787507624822,0.913838533231924,0.06058271600559392
0.0105345645805625,0.9598405041839895,0.029624931235448133
0.00695718333333709,0.9718954211981887,0.02114739546847426
0.003740071492626045,0.9835094344854993,0.01275049402187467
0.0016239236605263621,0.9919286380649406,0.006447438274533114
0.0006995533252097183,0.9960647913692501,0.00323565530554026
0.0003001725713654747,0.9980821026546298,0.0016177247740047863
0.00012855255982887232,0.9990641348898085,0.0008073125503625073
0.0,0.9995974625427281,0.00040253745727196916
0.0,0.9997993966048879,0.00020060339511203523
0.0,1.0,0.0
