0.55,0.4,0.05
0.5423261023952632,0.40682124253924057,0.05085265506549619
0.5011676769825768,0.44340651089386995,0.05542581212355335
0.4933718657566334,0.45033612114630106,0.056292013097065656
0.43143651109113834,0.5053897722017258,0.06317371670713588
0.25728756769348643,0.6601888435143065,0.0825235887922071
0.12934509288301607,0.7739155019878712,0.09673940512911276
0.05989533657966875,0.8356486335924882,0.10445602982784308
0.022468124620451058,0.8689172839428551,0.10861459143669387
0.013611465041333275,0.8767898787443014,0.10959865621436536
0.006897911474392707,0.8827574931639025,0.11034459536170481
0.003098057283464168,0.8861351543145464,0.11076678840198949
0.001388504669142477,0.8876547694919841,0.11095672583887345
0.0006217197713840751,0.8883363688518447,0.11104191137677126
0.00027826461823212925,0.8886416750687688,0.11108006031299905
0.0001245199383017313,0.8887783497351136,0.11109713032658466
0.0,0.8888890468526345,0.11111095314736551
0.0,0.8888890595624656,0.11111094043753442
0.0,0.8888890722722954,0.1111109277277046
0.0,0.8888890849821239,0.11111091501787601
0.0,0.8888890976919513,0.11111090230804872
0.0,0.8888891104017773,0.11111088959822268
0.0,0.8888891231116021,0.11111087688839792
0.0,0.8888891358214256,0.11111086417857444
0.0,0.8888891485312478,0.11111085146875221
0.0,0.8888891612410688,0.11111083875893127
0.0,0.8888891739508884,0.11111082604911159
0.0,0.8888891866607068,0.11111081333929318
0.0,0.888889199370524,0.11111080062947606
0.0,0.8888892120803398,0.11111078791966021
0.0,0.8888892247901543,0.11111077520984564
0.0,0.8888892374999677,0.11111076250003232
0.0,0.8888892502097797,0.11111074979022029
0.0,0.8888892629195905,0.11111073708040951
0.0,0.8888892756294,0.11111072437060002
0.0,0.8888892883392082,0.1111107116607918
0.0,0.8888893010490151,0.11111069895098483
0.0,0.8888893137588209,0.11111068624117916
0.0,0.8888893264686253,0.11111067353137476
0.0,0.8888893394398215,0.11111066056017849
0.0,0.8888893534531437,0.11111064654685626
0.0,0.8888893693862765,0.11111063061372352
0.0,0.8888893886332356,0.11111061136676434
0.0,0.8888894136136196,0.11111058638638041
0.0,0.888889449443731,0.11111055055626896
0.0,0.8888895082247289,0.11111049177527113
0.0,0.8888896345622241,0.1111103654377759
0.0,0.8888900775851873,0.11110992241481267
0.0,0.888891660060137,0.11110833993986306
0.0,0.8888919892327356,0.11110801076726441
