0.55,0.1,0.35
0.5423261032743982,0.10170531077532535,0.3559685859502765
0.5011676822096682,0.1108516288794655,0.3879806889108663
0.49337187187541487,0.11258403165514205,0.3940440964694431
0.4314365241035689,0.12634744658288685,0.4422160293135443
0.25728757042520334,0.16504723246764255,0.5776651971071542
0.1293450972487279,0.19347891801932005,0.6771759847319521
0.05989534014034173,0.2089122234351824,0.7311924364244758
0.022468126369424878,0.21722941267199153,0.7603024609585836
0.013611463116990394,0.21919757495201247,0.7671909619309971
0.006897910075304056,0.2206894953136941,0.7724125946110019
0.0030980566342276696,0.22153392990614484,0.7753680134596275
0.001388504369377239,0.22191385290327126,0.7766976427273515
0.0006217196333436533,0.2220842718834473,0.7772940084832091
0.0002782645547650186,0.22216061754233055,0.7775611179029044
0.00012451990915242976,0.22219480529427818,0.7776806747965694
0.0,0.22222249865910787,0.7777775013408921
0.0,0.22222252090136416,0.7777774790986358
0.0,0.22222254314362205,0.7777774568563779
0.0,0.22222256538588156,0.7777774346141184
0.0,0.22222258762814268,0.7777774123718573
0.0,0.2222226098704054,0.7777773901295946
0.0,0.22222263211266968,0.7777773678873303
0.0,0.22222265435493557,0.7777773456450644
0.0,0.22222267659720302,0.7777773234027969
0.0,0.2222226988394721,0.7777773011605279
0.0,0.22222272108174276,0.7777772789182573
0.0,0.222222743324015,0.7777772566759851
0.0,0.22222276556628884,0.7777772344337112
0.0,0.22222278780856425,0.7777772121914358
0.0,0.22222281005084127,0.7777771899491588
0.0,0.22222283229311987,0.7777771677068801
0.0,0.22222285453540006,0.7777771454646
0.0,0.22222287677768185,0.7777771232223182
0.0,0.22222289901996523,0.7777771009800348
0.0,0.22222292126225016,0.7777770787377498
0.0,0.2222229435045367,0.7777770564954632
0.0,0.22222296574682485,0.7777770342531751
0.0,0.22222298798911455,0.7777770120108854
0.0,0.2222230106888467,0.7777769893111532
0.0,0.22222303521231487,0.7777769647876852
0.0,0.22222306309548054,0.7777769369045194
0.0,0.22222309677788854,0.7777769032221115
0.0,0.22222314049387132,0.7777768595061287
0.0,0.22222320319703803,0.777776796802962
0.0,0.22222330606463597,0.7777766939353641
0.0,0.22222352715739396,0.7777764728426061
0.0,0.22222430245846259,0.7777756975415374
0.0,0.22222707186331261,0.7777729281366874
0.0,0.22222764793749938,0.7777723520625006
