0.65,0.1,0.25
0.6430515985812256,0.10198525790261798,0.25496314351615645
0.6042102947269485,0.11308277546825857,0.28270692980479295
0.59685256743695,0.1151849837162581,0.28796244884679195
0.536683026746654,0.132376285213913,0.33094068803943294
0.2976708510078699,0.20066550497021673,0.5016636440219133
0.17155599646376427,0.2366983460036912,0.5917456575325446
0.08564693376211738,0.2612438223236423,0.6531092439142403
0.03111640883234163,0.27682401148594277,0.6920595796817156
0.021396374728994482,0.27960117766034714,0.6990024476106583
0.01135204674628208,0.28247100790278257,0.7061769453509353
0.005033498443743672,0.28427633509715455,0.7106901664591018
0.0022237707644038878,0.2850791416837794,0.7126970875518167
0.000980901396404744,0.2854342742316409,0.7135848243719545
0.00043237254095403226,0.285591023652833,0.7139766038062131
0.00019052737045010615,0.2856601491014398,0.7141493235281102
0.0,0.2857146123176406,0.7142853876823594
0.0,0.2857146390851551,0.714285360914845
0.0,0.285714665852669,0.714285334147331
0.0,0.2857146926201835,0.7142853073798164
0.0,0.285714719387699,0.714285280612301
0.0,0.28571474615521575,0.7142852538447843
0.0,0.2857147729227339,0.7142852270772662
0.0,0.2857147996902535,0.7142852003097466
0.0,0.2857148264577745,0.7142851735422255
0.0,0.28571485322529705,0.7142851467747029
0.0,0.28571487999282114,0.7142851200071789
0.0,0.2857149067603467,0.7142850932396533
0.0,0.2857149335278738,0.7142850664721262
0.0,0.2857149602954024,0.7142850397045977
0.0,0.2857149870629324,0.7142850129370676
0.0,0.285715013830464,0.7142849861695361
0.0,0.28571504059799707,0.714284959402003
0.0,0.2857150673655317,0.7142849326344684
0.0,0.2857150941330678,0.7142849058669323
0.0,0.28571512090060536,0.7142848790993946
0.0,0.28571514766814443,0.7142848523318556
0.0,0.28571517443568506,0.7142848255643149
0.0,0.2857152013700938,0.7142847986299062
0.0,0.2857152294244975,0.7142847705755025
0.0,0.2857152597881045,0.7142847402118955
0.0,0.2857152944548291,0.7142847055451709
0.0,0.2857153367526348,0.7142846632473653
0.0,0.2857153926271974,0.7142846073728026
0.0,0.28571547464798985,0.7142845253520101
0.0,0.28571561716683497,0.7142843828331651
0.0,0.2857159452214111,0.7142840547785889
0.0,0.2857173048750383,0.7142826951249617
0.0,0.2857206920672202,0.7142793079327797
