0.75,0.15,0.1
0.7443731038249449,0.15337613799744904,0.102250758177606
0.7114860470727373,0.1731083739278763,0.11540557899938636
0.7052828372467665,0.17683030021000384,0.11788686254322972
0.6530213700265071,0.2081871841967415,0.13879144577675154
0.4562531517636898,0.3262481355452542,0.217498712691056
0.24916275899234686,0.4505024080852091,0.3003348329224442
0.1362634942875117,0.5182420011165079,0.34549450459598047
0.06213357632019043,0.5627199915292529,0.3751464321505567
0.026244461923449793,0.5842534990541125,0.3895020390224378
0.014916819727384695,0.5910501082304536,0.3940330720421618
0.007357700442593218,0.5955856085674963,0.3970566909899104
0.003426664048758801,0.5979442607051766,0.39862907524606456
0.0015925144485638325,0.599044780391507,0.3993627051599293
0.00073938011911844,0.5995566907106453,0.39970392917023617
0.00034312587574452817,0.5997944728692498,0.3998624012550058
0.00015920141345992543,0.5999048571023183,0.3999359414842217
0.0,0.6000004075068696,0.3999995924931305
0.0,0.6000004370031655,0.3999995629968344
0.0,0.6000004664994615,0.39999953350053846
0.0,0.6000004959957571,0.39999950400424283
0.0,0.6000005254920522,0.3999994745079478
0.0,0.6000005549883466,0.39999944501165335
0.0,0.6000005844846404,0.39999941551535967
0.0,0.6000006139809333,0.3999993860190666
0.0,0.6000006434772257,0.3999993565227743
0.0,0.6000006729735172,0.39999932702648267
0.0,0.6000007024698081,0.3999992975301918
0.0,0.6000007319660983,0.39999926803390173
0.0,0.6000007614623878,0.3999992385376123
0.0,0.6000007909586764,0.3999992090413236
0.0,0.6000008204549644,0.39999917954503555
0.0,0.6000008499512517,0.3999991500487483
0.0,0.6000008794475382,0.39999912055246184
0.0,0.600000908943824,0.399999091056176
0.0,0.600000938440109,0.39999906155989096
0.0,0.6000009679363935,0.39999903206360654
0.0,0.6000009974326771,0.3999990025673229
0.0,0.60000102692896,0.39999897307104004
0.0,0.6000010564252422,0.39999894357475785
0.0,0.6000010859215236,0.39999891407847643
0.0,0.6000011156314736,0.3999988843685264
0.0,0.6000011472110844,0.3999988527889156
0.0,0.6000011852622983,0.3999988147377017
0.0,0.6000012325423405,0.3999987674576595
0.0,0.600001293317339,0.39999870668266113
0.0,0.6000013796245093,0.39999862037549067
0.0,0.6000015217245513,0.3999984782754487
0.0,0.6000018275117206,0.3999981724882794
0.0,0.6000029524163291,0.399997047583671
0.0,0.6000075338672954,0.3999924661327046
