0.15,0.4,0.45
0.14905738401385132,0.40093163202385285,0.45001098396229583
0.14583257913957162,0.40418944005995133,0.4499779808004771
0.14490159712654826,0.4051512807142634,0.44994712215918836
0.13751091176516078,0.4131655045224068,0.4493235837124325
0.09573581179781157,0.47883394664067347,0.4254302415615149
0.06672038389517496,0.5605618351101135,0.37271778099471153
0.04848687036766239,0.6353017173933935,0.3162114122389441
0.029137245036065497,0.7402904956394084,0.2305722593245261
0.012168292810395264,0.8632083697604289,0.1246233374291759
0.005450991129702487,0.9262495069534535,0.06829950191684402
0.002067783454001225,0.9654971642488017,0.0324350522971971
0.0009017367692227872,0.9820812482154477,0.017017015015329484
0.0004909515978029456,0.9889232676960014,0.010585780706195721
0.00021895180688916334,0.9941546375517885,0.005626410641322384
0.0,0.9970256381042436,0.0029743618957563853
0.0,0.9984324472354429,0.0015675527645571475
0.0,0.9991751131825735,0.0008248868174265287
0.0,0.9995662691272194,0.0004337308727807088
0.0,0.999772037194901,0.0002279628050989894
0.0,0.9998802124325231,0.00011978756747694792
0.0,1.0,0.0
