0.15,0.45,0.4
0.14875103732619507,0.4521523227736783,0.39909663990012667
0.1438805791764821,0.46078666853250255,0.3953327522910154
0.1426335934485533,0.46306036067770917,0.3943060458737375
0.1325720821296624,0.48238836271787344,0.3850395551524641
0.09514415418349133,0.5714780429399265,0.33337780287658214
0.05966144902189666,0.6855702838877533,0.25476826709035
0.030943609002111974,0.8055032922996803,0.1635530986982077
0.012088693027909318,0.9059328117300723,0.08197849524201839
0.005546313355303162,0.9491861198411656,0.04526756680353125
0.0018975580470786358,0.9783793809366192,0.019723061016302158
0.0008612989775793095,0.9884901354635024,0.010648565558918278
0.0003867231037752116,0.9939232002439276,0.005690076652297303
0.00017216840726030208,0.9968105267427869,0.003017304849952763
0.0,0.9984046381227372,0.0015953618772627737
0.0,0.9991578991423975,0.0008421008576025805
0.0,0.9995558604638972,0.0004441395361028466
0.0,0.9997658522006547,0.00023414779934532914
0.0,0.9998765863291831,0.00012341367081694142
0.0,1.0,0.0
