0.1,0.05,0.85
0.10018656687171015,0.04743871491001173,0.8523747182182781
0.10124198000434118,0.03306768006746283,0.865690339928196
0.10138060076468176,0.031194329224931514,0.8674250700103867
0.10228844275246196,0.019001344842730916,0.8787102124048072
0.10320557470370884,0.00680888860335878,0.8899855366929323
0.10349833635014344,0.002941782731988378,0.8935598809178682
0.10358365178176586,0.001817036037275554,0.8945993121809586
0.10365355234374689,0.0008962363413490437,0.8954502113149041
0.1036898722736033,0.00041805154314703,0.8958920761832497
0.10370685255183015,0.00019455041428925735,0.8960985970338806
0.10371148277809196,0.00013361213403744309,0.8961549050878705
0.10371219113724486,0.00012428963715136945,0.8961635192256038
0.10372356796363436,0.0,0.8962764320363656
0.10372250486048697,0.0,0.8962774951395129
0.10372201347846025,0.0,0.8962779865215398
0.10372179974079923,0.0,0.8962782002592007
0.10372170674995211,0.0,0.8962782932500479
0.1037216662639873,0.0,0.8962783337360127
0.10372164860752167,0.0,0.8962783513924782
0.10372164607700901,0.0,0.896278353922991
