0.25,0.1,0.65
0.25045361035793384,0.09715623083105686,0.6523901588110093
0.25290785824698614,0.082137961086675,0.6649541806663388
0.25334790022754977,0.07950351608141121,0.667148583691039
0.2567518038298707,0.05961556680351142,0.683632629366618
0.2621637372569655,0.029397912156798087,0.7084383505862364
0.26533139922934845,0.012315964339615758,0.7223526364310358
0.26677307914179316,0.0046627187165659365,0.7285642021416409
0.2671856702111881,0.002485251435071935,0.73032907835374
0.2672116951595506,0.0023480889778691684,0.7304402158625802
0.2673750819557124,0.0014874687816261046,0.7311374492626616
0.2675341089625129,0.0006506342163897613,0.7318152568210973
0.26760396761989336,0.00028327669615485425,0.7321127556839517
0.2676344399939434,0.00012308291449049177,0.7322424770915661
0.2676619923995298,0.0,0.7323380076004702
0.2676602820765553,0.0,0.7323397179234448
