0.5,0.15,0.35
0.4990296415446727,0.15014443137382605,0.35082592708150123
0.4964545737538469,0.15046383754893825,0.35308158869721484
0.4955070479032477,0.15055623682196714,0.35393671527478515
0.4882361726118249,0.1507185541381842,0.36104527324999086
0.4688371137648889,0.1409012448592051,0.3902616413759061
0.4684112146925718,0.14026226107599973,0.39132652423142855
0.4655102238529645,0.1342930944570936,0.400196681689942
0.4627410138281432,0.10694498696099934,0.4303139992108575
0.4679940154979594,0.0702967124815235,0.4617092720205171
0.4768000362666104,0.034357182266652644,0.48884278146673704
0.4820496070372515,0.01604511412266982,0.5019052788400786
0.4843960055887891,0.00825921373561862,0.5073447806755923
0.48610503513085423,0.0027087506232197005,0.5111862142459261
0.48659215555901125,0.0011438448923473943,0.5122639995486414
0.48676398276170235,0.0005935371680763255,0.5126424800702214
0.486863016999576,0.0002767577740418917,0.5128602252263821
0.48691072679861125,0.00012425110063632227,0.5129650221007525
0.48695930660372566,0.0,0.5130406933962742
0.48695395710403183,0.0,0.5130460428959682
0.48695155870480894,0.0,0.5130484412951911
0.48695048346203124,0.0,0.5130495165379687
0.4869500012850218,0.0,0.5130499987149781
0.4869497848950185,0.0,0.5130502151049814
0.4869496876120447,0.0,0.5130503123879554
0.4869496437029579,0.0,0.5130503562970421
0.48694962371131706,0.0,0.5130503762886829
0.4869496144372954,0.0,0.5130503855627047
0.48694960996592146,0.0,0.5130503900340786
0.48694960764664846,0.0,0.5130503923533515
0.486949606291747,0.0,0.513050393708253
0.4869496053689872,0.0,0.5130503946310129
0.4869496046398727,0.0,0.5130503953601273
0.4869496039975321,0.0,0.5130503960024679
0.48694960339407556,0.0,0.5130503966059244
0.4869496029822235,0.0,0.5130503970177765
