0.7,0.15,0.15
0.6975119524885212,0.15259782269058939,0.1498902248208894
0.6854067409046705,0.1652949508559628,0.1492983082393667
0.6826802375434822,0.16816766821554002,0.14915209424097792
0.6591936719729897,0.19309963428091925,0.14770669374609105
0.556481937869563,0.30550544237076466,0.13801261975967227
0.4263417777888982,0.45433733179141833,0.11932089041968352
0.2828935848559687,0.6256523033047848,0.09145411183924648
0.14055307128617994,0.8040871416442248,0.055359787069595295
0.07287258139632681,0.8933740900903256,0.03375332851334761
0.032070061876021856,0.9499830524328949,0.017946885691083256
0.013662057712658745,0.9770980577394169,0.00923988454792438
0.007266735639242375,0.9870918953927772,0.005641368967980419
0.003280439024783494,0.9936937674535898,0.0030257935216267276
0.0014611265209109607,0.9969342573688026,0.0016046161102863607
0.0006490966870023044,0.9985020416864839,0.0008488616265137973
0.00028798249949535767,0.9992635085685212,0.00044850893198346406
0.00012768511435033776,0.9996354834834076,0.00023683140224207405
0.0,0.9998749745835696,0.00012502541643044315
0.0,1.0,0.0
