0.45,0.2,0.35
0.4486484313639293,0.2008043174576622,0.35054725117840857
0.44435070993211034,0.20336157353569673,0.35228771653219304
0.4429932793944365,0.20416915354751278,0.3528375670580508
0.43209491335702244,0.21064955243418362,0.357255534208794
0.34478180536260655,0.261547310172398,0.39367088446499543
0.2917603572178849,0.28877138151677556,0.41946826126533954
0.2408861621732335,0.2992576044920428,0.4598562333347237
0.2204855685873146,0.2730470272726191,0.5064674041400663
0.21775843102225728,0.2084334673039837,0.573808101673759
0.22378063790797814,0.14703405475213216,0.6291853073398898
0.2304839293132037,0.09871639015990191,0.6707996805268944
0.23947445862933536,0.042247887827081304,0.7182776535435833
0.24347649310446778,0.018698709627970614,0.7378247972675616
0.24507992332104273,0.009456636535455143,0.7454634401435022
0.24605269878788755,0.0038972193808596827,0.7500500818312528
0.2464642459147994,0.0015555191041622626,0.7519802349810384
0.24661133847609326,0.0007200130017079695,0.7526686485221987
0.24667972408987604,0.0003318295955628379,0.7529884463145612
0.24671201740263418,0.00014857601120494445,0.7531394065861609
0.24674288847421855,0.0,0.7532571115257815
0.24674029829266833,0.0,0.7532597017073317
0.2467391400251187,0.0,0.7532608599748813
0.24673862211638464,0.0,0.7532613778836154
0.2467383904895579,0.0,0.7532616095104422
0.24673828683138813,0.0,0.7532617131686119
0.24673824037191616,0.0,0.7532617596280838
0.24673821947807542,0.0,0.7532617805219246
0.24673821001095161,0.0,0.7532617899890485
0.24673820565104093,0.0,0.753261794348959
0.24673820357381235,0.0,0.7532617964261876
0.2467382025168332,0.0,0.7532617974831668
0.2467382019158565,0.0,0.7532617980841435
0.24673820172231567,0.0,0.7532617982776844
