0.5,0.2,0.3
0.4982603848645611,0.20156995971201103,0.3001696554234279
0.491678226045362,0.2075755219285974,0.3007462520260406
0.4898824438328991,0.20923206580729806,0.3008854903598029
0.47498673288518073,0.22327591704142163,0.3017373500733977
0.3561087334614871,0.3554982115779916,0.2883930549605213
0.2770592225998373,0.4632912585096664,0.2596495188904962
0.1889955851345971,0.6017302390037752,0.20927417586162766
0.10740614938911569,0.7489422336771496,0.14365161693373477
0.05422095085761255,0.8582612556417031,0.08751779350068424
0.028365512119376924,0.9179308651109763,0.05370362276964685
0.011507010888399363,0.9616676358725773,0.02682535323902336
0.004988621470178144,0.9810076454019473,0.014003733127874644
0.0024826512860798232,0.9893991412821569,0.00811820743176331
0.0011939202697559858,0.9942299752949696,0.00457610443527445
0.0005716469737527093,0.9968596204034647,0.0025687326227826625
0.00027303920686477595,0.9982883651107026,0.0014385956824326943
0.00013023884512913242,0.9990651142447267,0.0008046469101442859
0.0,0.9995502264411096,0.0004497735588903604
0.0,0.9997487111609501,0.00025128883904986784
0.0,0.9998596323630716,0.0001403676369283136
0.0,1.0,0.0
