0.7000000000000001,0.20000000000000004,0.10000000000000002
0.6962080564835227,0.2040088576504133,0.09978308586606409
0.6767839140769364,0.22460527287698487,0.09861081304607873
0.6726111985192414,0.22904278230319722,0.0983460191775613
0.6368497340518972,0.2672511892108562,0.09589907673724674
0.45826891367701716,0.4621739854322802,0.07955710089070261
0.2959951473881256,0.6446601999276704,0.05934465268420406
0.1851670646726372,0.7725444694201724,0.04228846590719041
0.10193201029142021,0.871053037302419,0.0270149524061608
0.04700430197993618,0.9380874140424218,0.014908283977642042
0.01756169773555939,0.9755060078463696,0.006932294418070948
0.007440111349392294,0.9890185280250631,0.003541360625544678
0.0036153568189957884,0.9943730650127125,0.0020115781682917546
0.0016382056507016711,0.9972807310750198,0.0010810632742785252
0.000740741488514011,0.9986794212859946,0.0005798372254913803
0.00033458813279265554,0.9993547159121349,0.00031069595507249184
0.0001510526961671813,0.9996825472721933,0.0001664000316394887
0.0,1.0,0.0
