0.4,0.25,0.35
0.3983428165894754,0.25140946800070374,0.3502477154098209
0.39251267048149496,0.25642877479311776,0.35105855472538733
0.3908314167272758,0.25789415644005925,0.35127442683266497
0.37711057017487815,0.2701694432416103,0.35271998658351156
0.2854651484802702,0.3699937935479311,0.34454105797179857
0.21118962372533245,0.4792719219034881,0.3095384543711795
0.1459573068989741,0.5994164965390315,0.2546261965619945
0.08532670501865117,0.7343192584465082,0.18035403653484067
0.049105158280461074,0.8289093869993649,0.12198545472017414
0.023835753067397256,0.9048920865781666,0.07127216035443608
0.009780351188811532,0.9541627362802955,0.036056912530893145
0.0034067536970380976,0.9806926660584546,0.015900580244507228
0.0023268806463773235,0.9858644341147293,0.011808685238893446
0.001198268398247611,0.9917743770234292,0.00702735457832305
0.0005385658419480076,0.9957059085706986,0.003755525587353455
0.00024108754679839933,0.9977595755137622,0.0019993369394393514
0.00010769302572907663,0.9988300668479151,0.0010622401263557372
0.0,0.9994362097023898,0.0005637902976102574
0.0,0.9997009549703741,0.00029904502962593913
0.0,0.999841425317901,0.00015857468209900667
0.0,1.0,0.0
