0.05,0.3,0.65
0.05004014942126242,0.29643968918765884,0.6535201613910787
0.0502774292748614,0.2804548115329023,0.6692677591922362
0.050347366098023726,0.27658169086742285,0.6730709430345534
0.051124137627110496,0.2425626152031731,0.7063132471697164
0.05352904478718581,0.1670468181477497,0.7794241370650645
0.05679633461200082,0.0831708911766312,0.860032774211368
0.05836933367033627,0.04585541565027932,0.8957752506793845
0.059427910190180656,0.021439264649574803,0.9191328251602445
0.05997934049764286,0.008904632298865392,0.9311160272034917
0.060189448350688075,0.004158980482316947,0.9356515711669949
0.06027035839896799,0.002335788466202939,0.937393853134829
0.06032449132538276,0.0011172955848807492,0.9385582130897365
0.060350944727874625,0.0005222300644124157,0.939126825207713
0.0603635938123455,0.00023777827156415377,0.9393986279160903
0.06036936057366213,0.00010811399068778781,0.9395225254356501
0.060374950175349,0.0,0.939625049824651
0.060374523949462355,0.0,0.9396254760505376
0.06037433029511988,0.0,0.93962566970488
0.0603742423065858,0.0,0.9396257576934142
0.06037420231560719,0.0,0.9396257976843928
0.060374184124874004,0.0,0.939625815875126
0.06037417583526254,0.0,0.9396258241647374
0.060374172042400344,0.0,0.9396258279575996
0.06037417029178845,0.0,0.9396258297082116
0.06037416946868417,0.0,0.9396258305313159
0.06037416906681557,0.0,0.9396258309331845
0.06037416885625468,0.0,0.9396258311437453
0.060374168732577733,0.0,0.9396258312674223
0.060374168648359844,0.0,0.9396258313516402
0.0603741685820626,0.0,0.9396258314179374
0.06037416852390417,0.0,0.9396258314760959
0.06037416846944203,0.0,0.939625831530558
0.060374168416658595,0.0,0.9396258315833413
0.06037416836463756,0.0,0.9396258316353624
0.0603741683129628,0.0,0.9396258316870373
0.06037416826144529,0.0,0.9396258317385547
0.06037416820999917,0.0,0.9396258317900008
0.0603741681585855,0.0,0.9396258318414146
0.06037416810536752,0.0,0.9396258318946326
0.06037416804791861,0.0,0.9396258319520815
0.06037416798501239,0.0,0.9396258320149876
0.06037416790577443,0.0,0.9396258320942256
0.06037416780362631,0.0,0.9396258321963737
0.06037416765862673,0.0,0.9396258323413733
0.0603741674207679,0.0,0.9396258325792322
0.06037416691219833,0.0,0.9396258330878017
0.06037416608210991,0.0,0.9396258339178901
