0.35000000000000003,0.30000000000000004,0.35000000000000003
0.34812609587865984,0.3019508487489328,0.34992305537240737
0.34112181719742685,0.3093617075327544,0.34951647526981877
0.3392141605877451,0.31141311689912843,0.3493727225131264
0.32356790549655534,0.3287889821226168,0.34764311238082785
0.22153200555660543,0.46891071120947103,0.3095572832339235
0.15329984592702206,0.591191991812812,0.25550816226016604
0.10390713033560069,0.6958676274904856,0.2002252421739137
0.04580963558695125,0.8416465396669854,0.1125438247460633
0.016225519743709813,0.9321995229415507,0.051574957314739524
0.006310394271234997,0.9687977704621988,0.024891835266566048
0.0027779894494449208,0.9840820459592957,0.013139964591259264
0.0012036499725718607,0.9919638985498642,0.006832451477564056
0.0005172180240291306,0.9959579199392399,0.003524862036730874
0.00022131884864724538,0.9979675026950711,0.0018111784562815838
0.0,0.9990711835037969,0.0009288164962031687
0.0,0.999524247246137,0.0004757527538630212
0.0,0.9997564341305932,0.0002435658694066859
0.0,0.9998753361174771,0.00012466388252285545
0.0,1.0,0.0
