0.45,0.3,0.25
0.44702664493102745,0.30348431923579533,0.2494890358331773
0.4339761106228486,0.31894256650769964,0.24708132286945175
0.43086840585533404,0.3226628373831532,0.24646875676151275
0.4049496775653667,0.3542657522050825,0.24078457022955074
0.2993951099043627,0.49305120964468707,0.20755368045095018
0.177853654360891,0.6724688683645006,0.1496774772746084
0.08368405222366807,0.8287916449930028,0.08752430278332912
0.040058267384450084,0.9096120414343927,0.050329691181157314
0.016588585538185537,0.9578599517671806,0.025551462694633875
0.010924507252697493,0.9705992972786744,0.01847619546862807
0.005708801550169369,0.983150316519177,0.011140881930653693
0.0024473565454424056,0.9918086906362316,0.005743952818326092
0.0010405816955558714,0.9960209823895129,0.0029384359149313053
0.0004406307232967178,0.9980619827377305,0.0014973865389727534
0.0001862052348907123,0.9990522158638067,0.0007615789013026392
0.0,0.9996129962236959,0.0003870037763040684
0.0,0.9998034578975942,0.00019654210240579304
0.0,1.0,0.0
