0.15,0.35,0.5
0.14941323801295034,0.349362834574505,0.5012239274125446
0.14764972430279336,0.3471526148214738,0.5051976608757329
0.1471062030600488,0.34636977346283665,0.5065240234771147
0.1431402000907282,0.3386345901002203,0.5182252098090516
0.13650902118105102,0.24646329470649347,0.6170276841124556
0.14125931210481132,0.1735376604290888,0.6852030274660998
0.14584381067558447,0.12321986909861218,0.7309363202258033
0.1522998277004705,0.06085811046983137,0.7868420618296981
0.15632864426104107,0.024519367044580943,0.819151988694378
0.15729393656131985,0.016015133155922356,0.8266909302827579
0.1584464268147628,0.005949310967801564,0.8356042622174357
0.15885731199743927,0.0023827219186439447,0.8387599660839168
0.15897243171165468,0.0013854519665460728,0.8396421163217992
0.15905402850572073,0.0006791113314139891,0.8402668601628652
0.1590973730216565,0.0003040755728069012,0.8405985514055366
0.15911681545582249,0.00013588997704707203,0.8407472945671304
0.15913516680225995,0.0,0.84086483319774
0.15913370474806843,0.0,0.8408662952519316
0.15913305207630732,0.0,0.8408669479236927
0.159132760730594,0.0,0.840867239269406
0.15913263064401184,0.0,0.8408673693559882
0.15913257251816385,0.0,0.8408674274818362
0.15913254650250436,0.0,0.8408674534974957
0.1591325348146417,0.0,0.8408674651853583
0.1591325295198746,0.0,0.8408674704801254
0.1591325270777073,0.0,0.8408674729222927
0.1591325259083675,0.0,0.8408674740916325
0.1591325253069616,0.0,0.8408674746930385
0.1591325249589669,0.0,0.8408674750410331
0.15913252472404402,0.0,0.840867475275956
0.15913252453957344,0.0,0.8408674754604265
0.15913252437761463,0.0,0.8408674756223854
0.15913252422570057,0.0,0.8408674757742994
0.15913252407826844,0.0,0.8408674759217315
0.15913252393283617,0.0,0.8408674760671638
0.15913252378829615,0.0,0.8408674762117038
0.15913252364415434,0.0,0.8408674763558457
0.15913252350019017,0.0,0.8408674764998099
0.1591325233563053,0.0,0.8408674766436948
0.15913252321009344,0.0,0.8408674767899066
0.15913252304508432,0.0,0.8408674769549156
0.1591325228647096,0.0,0.8408674771352904
0.15913252263651295,0.0,0.8408674773634871
0.15913252234928008,0.0,0.8408674776507199
0.15913252193742186,0.0,0.8408674780625781
0.15913252125250715,0.0,0.8408674787474928
0.15913251975619325,0.0,0.8408674802438068
0.1591325140397947,0.0,0.8408674859602053
0.15913249180889788,0.0,0.8408675081911021
0.159132434581515,0.0,0.840867565418485
