0.2,0.35,0.45
0.19898218526349915,0.350511187736155,0.4505066270003458
0.19574977124622506,0.35210768243856544,0.4521425463152095
0.19475144975151668,0.3525918972850819,0.4526566529634014
0.18694061745353951,0.3562111291958208,0.45684825335063967
0.15180935844219048,0.3645814380733909,0.48360920348441877
0.1331971211715843,0.34878874130710236,0.5180141375213133
0.1250029965624293,0.2878452751526863,0.5871517282848844
0.1268288341268288,0.22515922004919614,0.648011945823975
0.1321241459266539,0.15194051630732916,0.715935337766017
0.13770208477747192,0.09070268424916393,0.7715952309733642
0.14214698678995852,0.046084271248140435,0.8117687419619011
0.14508198302719524,0.01783533808210976,0.837082678890695
0.14572654699814652,0.011733169382490116,0.8425402836193634
0.14653281718616448,0.0041464273158643055,0.8493207554979713
0.14677913562034128,0.0018385416897508926,0.8513823226899078
0.14688953721848572,0.0008055978836557882,0.8523048648978585
0.14693814407718267,0.0003511052455145336,0.8527107506773028
0.14695937291259364,0.00015266139445317735,0.8528879656929532
0.14697835760652725,0.0,0.8530216423934728
0.14697685725722615,0.0,0.8530231427427739
0.14697620576889237,0.0,0.8530237942311076
0.146975922894062,0.0,0.853024077105938
0.14697580003816751,0.0,0.8530241999618325
0.1469757466388044,0.0,0.8530242533611956
0.14697572338542364,0.0,0.8530242766145765
0.1469757132158695,0.0,0.8530242867841306
0.14697570872483778,0.0,0.8530242912751622
0.14697570669833449,0.0,0.8530242933016655
0.14697570574145588,0.0,0.8530242942585441
0.1469757052488024,0.0,0.8530242947511976
0.146975704957626,0.0,0.853024295042374
0.14697570475389213,0.0,0.8530242952461079
0.1469757045881089,0.0,0.8530242954118912
0.1469757044387965,0.0,0.8530242955612035
0.14697570429663265,0.0,0.8530242957033674
0.14697570415757125,0.0,0.8530242958424287
0.1469757040198564,0.0,0.8530242959801436
0.14697570388272588,0.0,0.8530242961172742
0.146975703745849,0.0,0.853024296254151
0.14697570360908221,0.0,0.8530242963909178
0.14697570347236316,0.0,0.8530242965276369
0.1469757033330458,0.0,0.8530242966669542
0.14697570317848896,0.0,0.8530242968215109
0.14697570299677476,0.0,0.8530242970032252
0.14697570276885313,0.0,0.8530242972311468
0.14697570245916777,0.0,0.8530242975408322
0.1469757020062991,0.0,0.8530242979937008
0.1469757015928722,0.0,0.8530242984071278
0.14697569980021694,0.0,0.853024300199783
0.146975691600504,0.0,0.853024308399496
0.1469756284307025,0.0,0.8530243715692976
0.14697562191430905,0.0,0.853024378085691
