0.25,0.35,0.4
0.2485262813596496,0.35152512361711014,0.39994859502324026
0.24329682172362352,0.3570444800735867,0.3996586982027897
0.24182001260788688,0.35863446864709003,0.39954551874502314
0.22989162813801498,0.3720178492705807,0.3980905225914043
0.1410525974531236,0.5125908413944573,0.34635656115241914
0.08503174982784763,0.6509857047368601,0.26398254543529226
0.060525776032427064,0.7271455791784127,0.21232864478916014
0.02425228972173509,0.8647236458504136,0.11102406442785136
0.010306082155382857,0.9313864663514467,0.058307451493170404
0.004019624701246048,0.9677460830534753,0.02823429224527867
0.0014499614222952836,0.9857859505838247,0.01276408799388006
0.0006752383290061272,0.9923032787177165,0.007021482953277271
0.0003123575200683452,0.9958496894496897,0.003837953030242071
0.00014396514030540902,0.9977655096894481,0.002090525170246472
0.0,0.9988633768753066,0.0011366231246933952
0.0,0.9993827128264287,0.0006172871735713649
0.0,0.9996649379979101,0.00033506200208987814
0.0,0.9998181821363887,0.00018181786361123084
0.0,1.0,0.0
