0.18,0.16,0.06,0.03,0.06,0.23,0.13,0.15000000000000002
0.08,0.12,0.07,0.24,0.06,0.12,0.01,0.29999999999999993
0.08,0.02,0.04,0.07,0.39,0.15,0.11,0.1399999999999999
0.13,0.18,0.03,0.01,0.05,0.02,0.41,0.17000000000000004
0.041,0.024,0.17,0.352,0.089,0.212,0.109,0.0030000000000001137
0.08,0.16,0.08,0.02,0.14,0.05,0.42,0.050000000000000044
0.24,0.1,0.11,0.16,0.01,0.05,0.08,0.25
0.13,0.04,0.05,0.27,0.11,0.08,0.03,0.2899999999999999
0.06,0.31,0.11,0.12,0.25,0.02,0.1,0.030000000000000027
0.05,0.23,0.04,0.16,0.06,0.07,0.1,0.2899999999999999
0.06,0.191,0.116,0.087,0.09,0.036,0.154,0.266
0.02,0.24,0.03,0.34,0.13,0.14,0.06,0.039999999999999813
0.11,0.18,0.1,0.14,0.17,0.01,0.03,0.2599999999999999
0.38,0.07,0.01,0.13,0.23,0.09,0.01,0.07999999999999996
0.07,0.09,0.13,0.07,0.14,0.37,0.06,0.07000000000000006
0.283,0.157,0.105,0.199,0.021,0.102,0.036,0.09699999999999998
0.06,0.01,0.11,0.29,0.01,0.05,0.21,0.26
0.026,0.085,0.187,0.32,0.09,0.138,0.062,0.09200000000000008
0.14,0.04,0.07,0.46,0.13,0.06,0.02,0.08000000000000007
0.02,0.17,0.23,0.19,0.03,0.15,0.02,0.18999999999999984
0.19,0.16,0.1,0.08,0.01,0.18,0.08,0.20000000000000007
0.14,0.1,0.16,0.01,0.03,0.02,0.39,0.1499999999999999
0.05,0.08,0.03,0.03,0.17,0.28,0.07,0.29000000000000004
0.09,0.49,0.21,0.01,0.1,0.05,0.01,0.040000000000000036
0.07,0.53,0.08,0.06,0.16,0.03,0.02,0.04999999999999993
0.07,0.09,0.19,0.3,0.08,0.07,0.19,0.010000000000000231
0.1,0.04,0.02,0.39,0.32,0.06,0.02,0.04999999999999982
0.06,0.11,0.11,0.15,0.04,0.09,0.06,0.3800000000000001
0.198,0.172,0.034,0.134,0.02,0.089,0.327,0.026000000000000023
0.026,0.129,0.098,0.097,0.151,0.311,0.097,0.09099999999999997
0.08,0.09,0.08,0.07,0.01,0.34,0.04,0.2899999999999999
0.21,0.03,0.03,0.38,0.03,0.22,0.08,0.020000000000000018
0.16,0.3,0.05,0.04,0.08,0.18,0.08,0.10999999999999999
0.13,0.32,0.14,0.09,0.04,0.17,0.06,0.04999999999999982
0.035,0.045,0.068,0.011,0.018,0.515,0.13,0.17799999999999994
0.403,0.034,0.045,0.05,0.029,0.15,0.13,0.15899999999999992
0.25,0.03,0.13,0.01,0.08,0.16,0.07,0.27
0.258,0.01,0.126,0.025,0.067,0.06,0.092,0.362
0.02,0.19,0.22,0.03,0.2,0.29,0.04,0.010000000000000009
0.25,0.08,0.1,0.01,0.17,0.09,0.13,0.16999999999999993
0.09,0.03,0.43,0.05,0.05,0.09,0.16,0.09999999999999987
0.117,0.176,0.03,0.357,0.013,0.156,0.086,0.06500000000000006
0.08,0.32,0.06,0.29,0.01,0.01,0.01,0.21999999999999997
0.02,0.12,0.02,0.02,0.04,0.11,0.53,0.14
0.197,0.098,0.009,0.09,0.182,0.18,0.06,0.18399999999999994
0.03,0.11,0.29,0.13,0.14,0.03,0.15,0.11999999999999988
0.054,0.053,0.181,0.104,0.205,0.004,0.217,0.18200000000000005
0.39,0.01,0.02,0.01,0.19,0.16,0.11,0.10999999999999988
0.07,0.01,0.15,0.23,0.07,0.27,0.19,0.010000000000000009
0.09,0.17,0.06,0.06,0.09,0.19,0.06,0.28
0.14,0.15,0.13,0.02,0.11,0.04,0.38,0.029999999999999916
0.18,0.06,0.02,0.16,0.29,0.22,0.01,0.06000000000000005
0.05,0.04,0.13,0.25,0.12,0.16,0.01,0.24
0.03,0.06,0.03,0.22,0.21,0.11,0.23,0.1100000000000001
0.15,0.27,0.15,0.07,0.23,0.11,0.01,0.009999999999999898
0.13,0.14,0.14,0.02,0.47,0.01,0.08,0.010000000000000009
0.057,0.021,0.201,0.362,0.031,0.161,0.14,0.026999999999999913
0.05,0.28,0.05,0.09,0.08,0.09,0.08,0.28000000000000014
0.169,0.072,0.135,0.004,0.047,0.105,0.395,0.07299999999999995
0.22,0.01,0.2,0.36,0.04,0.02,0.1,0.04999999999999993
0.06,0.18,0.03,0.05,0.27,0.38,0.02,0.009999999999999898
0.14,0.04,0.18,0.14,0.13,0.29,0.02,0.06000000000000005
0.248,0.105,0.055,0.156,0.348,0.028,0.004,0.05600000000000005
0.175,0.277,0.023,0.048,0.154,0.049,0.009,0.2649999999999999
0.08,0.14,0.05,0.07,0.12,0.38,0.15,0.009999999999999898
0.07,0.21,0.17,0.13,0.16,0.09,0.12,0.04999999999999993
0.31,0.04,0.07,0.01,0.05,0.13,0.24,0.15000000000000002
0.05,0.11,0.06,0.33,0.06,0.33,0.05,0.009999999999999787
0.09,0.37,0.37,0.01,0.07,0.06,0.02,0.010000000000000009
0.13,0.05,0.09,0.03,0.26,0.05,0.26,0.1299999999999999
0.01,0.53,0.07,0.26,0.01,0.02,0.06,0.039999999999999813
0.06,0.02,0.03,0.26,0.25,0.09,0.03,0.26
0.173,0.083,0.218,0.253,0.038,0.078,0.093,0.06400000000000006
0.06,0.03,0.02,0.14,0.01,0.42,0.17,0.15000000000000002
0.516,0.023,0.014,0.054,0.016,0.202,0.105,0.06999999999999984
0.07,0.05,0.06,0.05,0.15,0.31,0.06,0.25
0.02,0.21,0.04,0.4,0.03,0.12,0.09,0.09000000000000008
0.03,0.22,0.38,0.07,0.09,0.08,0.06,0.07000000000000006
0.21,0.35,0.04,0.01,0.01,0.14,0.16,0.07999999999999996
0.33,0.01,0.09,0.06,0.19,0.12,0.08,0.12
0.2,0.07,0.17,0.04,0.08,0.37,0.06,0.010000000000000009
0.05,0.07,0.01,0.04,0.42,0.11,0.03,0.27
0.03,0.02,0.06,0.31,0.02,0.16,0.04,0.36
0.13,0.39,0.08,0.03,0.29,0.03,0.03,0.020000000000000018
0.03,0.39,0.01,0.32,0.12,0.08,0.01,0.040000000000000036
0.005,0.027,0.037,0.083,0.358,0.243,0.101,0.14600000000000002
0.02,0.08,0.03,0.27,0.08,0.22,0.02,0.2799999999999999
0.163,0.12,0.068,0.03,0.316,0.138,0.124,0.040999999999999925
0.18,0.1,0.34,0.19,0.03,0.08,0.01,0.06999999999999995
0.183,0.037,0.074,0.011,0.302,0.174,0.01,0.20900000000000007
0.1,0.2,0.01,0.06,0.27,0.06,0.16,0.1399999999999998
0.21,0.09,0.22,0.16,0.02,0.15,0.13,0.019999999999999907
0.02,0.06,0.17,0.3,0.15,0.22,0.05,0.029999999999999916
0.019,0.064,0.094,0.155,0.195,0.212,0.202,0.05900000000000016
0.11,0.31,0.01,0.01,0.14,0.13,0.2,0.08999999999999986
0.011,0.048,0.083,0.318,0.321,0.035,0.081,0.10299999999999998
0.08,0.1,0.16,0.03,0.09,0.09,0.34,0.1100000000000001
0.004,0.137,0.208,0.102,0.073,0.075,0.055,0.3460000000000001
0.42,0.03,0.01,0.05,0.09,0.13,0.21,0.06000000000000005
0.012,0.147,0.005,0.002,0.591,0.025,0.069,0.14900000000000002
0.06,0.14,0.07,0.14,0.29,0.15,0.13,0.020000000000000018
0.02,0.04,0.17,0.13,0.06,0.04,0.38,0.16000000000000003
0.278,0.094,0.109,0.227,0.08,0.013,0.054,0.14500000000000002
0.11,0.13,0.22,0.08,0.07,0.18,0.2,0.010000000000000231
0.006,0.217,0.007,0.294,0.111,0.012,0.199,0.15399999999999991
0.12,0.01,0.32,0.01,0.18,0.12,0.14,0.09999999999999998
0.03,0.05,0.05,0.53,0.04,0.01,0.04,0.2499999999999999
0.14,0.14,0.11,0.01,0.37,0.07,0.05,0.10999999999999988
0.21,0.08,0.17,0.19,0.03,0.14,0.06,0.1200000000000001
0.565,0.157,0.124,0.017,0.019,0.026,0.023,0.06899999999999995
0.06,0.09,0.26,0.02,0.06,0.32,0.16,0.029999999999999916
0.02,0.31,0.11,0.07,0.17,0.02,0.1,0.19999999999999996
0.42,0.3,0.02,0.02,0.02,0.07,0.07,0.07999999999999985
0.12,0.205,0.034,0.207,0.056,0.123,0.104,0.15100000000000002
0.05,0.27,0.15,0.04,0.04,0.16,0.08,0.20999999999999996
0.276,0.045,0.035,0.003,0.094,0.13,0.192,0.2250000000000001
0.03,0.26,0.21,0.14,0.13,0.13,0.03,0.06999999999999995
0.044,0.09,0.263,0.268,0.108,0.071,0.001,0.15500000000000003
0.07,0.06,0.02,0.44,0.11,0.08,0.1,0.1200000000000001
0.12,0.01,0.02,0.02,0.55,0.05,0.03,0.19999999999999996
0.19,0.05,0.07,0.15,0.03,0.22,0.14,0.15000000000000002
0.082,0.084,0.006,0.059,0.013,0.329,0.019,0.4079999999999999
0.09,0.17,0.15,0.05,0.29,0.08,0.02,0.15000000000000002
0.07,0.14,0.11,0.02,0.1,0.43,0.04,0.08999999999999986
0.04,0.16,0.07,0.14,0.4,0.09,0.07,0.030000000000000027
0.05,0.12,0.09,0.29,0.03,0.28,0.04,0.09999999999999987
0.04,0.06,0.2,0.03,0.1,0.21,0.15,0.20999999999999996
0.06,0.1,0.041,0.132,0.125,0.209,0.226,0.10699999999999998
0.132,0.15,0.098,0.31,0.044,0.021,0.173,0.07200000000000006
0.17,0.11,0.25,0.02,0.16,0.14,0.13,0.019999999999999907
0.17,0.14,0.05,0.09,0.03,0.01,0.12,0.3899999999999999
0.09,0.22,0.1,0.08,0.17,0.12,0.05,0.16999999999999993
0.01,0.25,0.26,0.1,0.15,0.1,0.02,0.10999999999999999
0.03,0.1,0.02,0.1,0.27,0.23,0.18,0.07000000000000006
0.119,0.039,0.201,0.176,0.038,0.208,0.102,0.1170000000000001
0.347,0.085,0.044,0.012,0.116,0.272,0.033,0.09099999999999997
0.09,0.08,0.15,0.07,0.02,0.25,0.04,0.30000000000000004
0.05,0.11,0.42,0.02,0.05,0.05,0.29,0.010000000000000009
0.31,0.08,0.01,0.03,0.26,0.05,0.04,0.21999999999999986
0.022,0.263,0.096,0.048,0.239,0.037,0.269,0.026000000000000023
0.22,0.09,0.24,0.07,0.23,0.01,0.05,0.08999999999999986
0.06,0.01,0.09,0.14,0.05,0.19,0.45,0.010000000000000009
0.02,0.02,0.11,0.2,0.04,0.2,0.29,0.1200000000000001
0.054,0.092,0.386,0.057,0.034,0.176,0.01,0.19099999999999984
0.124,0.04,0.216,0.035,0.085,0.301,0.008,0.19100000000000006
0.12,0.05,0.08,0.11,0.36,0.12,0.03,0.13
0.02,0.04,0.08,0.28,0.03,0.11,0.17,0.2699999999999999
0.068,0.06,0.077,0.083,0.3,0.239,0.001,0.17199999999999993
0.042,0.124,0.065,0.143,0.026,0.419,0.166,0.015000000000000013
0.046,0.083,0.013,0.127,0.25,0.251,0.147,0.08299999999999996
0.34,0.02,0.15,0.07,0.1,0.05,0.19,0.07999999999999985
0.1,0.1,0.274,0.036,0.239,0.08,0.012,0.15900000000000003
0.05,0.21,0.09,0.25,0.01,0.05,0.11,0.22999999999999998
0.07,0.09,0.08,0.1,0.14,0.01,0.1,0.41000000000000003
0.07,0.14,0.09,0.35,0.15,0.06,0.1,0.039999999999999925
0.37,0.06,0.04,0.01,0.04,0.15,0.17,0.15999999999999992
0.13,0.03,0.19,0.01,0.04,0.18,0.25,0.17000000000000004
0.03,0.02,0.06,0.1,0.05,0.03,0.46,0.25
0.26,0.039,0.206,0.004,0.009,0.308,0.019,0.15499999999999992
0.04,0.176,0.077,0.273,0.102,0.035,0.073,0.22399999999999998
0.196,0.093,0.101,0.283,0.122,0.049,0.113,0.04299999999999993
0.26,0.11,0.13,0.17,0.05,0.23,0.02,0.029999999999999916
0.06,0.31,0.09,0.1,0.01,0.07,0.07,0.29000000000000004
0.03,0.15,0.14,0.04,0.06,0.08,0.13,0.37
0.04,0.19,0.09,0.13,0.06,0.25,0.17,0.06999999999999995
0.18,0.04,0.36,0.03,0.19,0.09,0.02,0.08999999999999997
0.135,0.144,0.141,0.111,0.007,0.164,0.147,0.1509999999999999
0.05,0.01,0.15,0.09,0.45,0.12,0.05,0.07999999999999996
0.014,0.004,0.181,0.321,0.274,0.018,0.104,0.08399999999999996
0.2,0.06,0.01,0.37,0.19,0.02,0.1,0.04999999999999993
0.34,0.02,0.24,0.12,0.18,0.05,0.02,0.029999999999999805
0.17,0.05,0.19,0.02,0.02,0.15,0.16,0.23999999999999988
0.02,0.03,0.04,0.16,0.05,0.03,0.06,0.6100000000000001
0.17,0.16,0.36,0.06,0.08,0.12,0.04,0.010000000000000009
0.04,0.15,0.34,0.19,0.09,0.07,0.09,0.030000000000000138
0.24,0.14,0.01,0.11,0.25,0.01,0.07,0.16999999999999993
0.42,0.01,0.06,0.15,0.01,0.07,0.19,0.09000000000000008
0.156,0.082,0.317,0.056,0.032,0.142,0.094,0.121
0.158,0.176,0.016,0.027,0.201,0.151,0.169,0.10199999999999987
0.03,0.02,0.06,0.33,0.05,0.26,0.14,0.10999999999999999
0.26,0.13,0.04,0.17,0.04,0.1,0.22,0.040000000000000036
0.05,0.06,0.04,0.02,0.33,0.15,0.24,0.10999999999999999
0.01,0.07,0.08,0.09,0.24,0.07,0.25,0.18999999999999995
0.158,0.383,0.024,0.045,0.223,0.093,0.001,0.07299999999999995
0.03,0.02,0.25,0.03,0.2,0.15,0.31,0.010000000000000009
0.08,0.05,0.18,0.04,0.12,0.06,0.08,0.39
0.28,0.01,0.01,0.07,0.12,0.17,0.3,0.040000000000000036
0.09,0.082,0.274,0.098,0.04,0.134,0.007,0.2749999999999999
0.04,0.16,0.12,0.01,0.04,0.03,0.14,0.45999999999999996
0.08,0.24,0.05,0.14,0.11,0.06,0.1,0.22000000000000008
0.45,0.11,0.06,0.06,0.05,0.06,0.02,0.18999999999999972
0.02,0.01,0.16,0.41,0.2,0.02,0.09,0.08999999999999997
0.2,0.076,0.175,0.021,0.008,0.423,0.09,0.007000000000000006
0.02,0.29,0.19,0.04,0.03,0.03,0.38,0.019999999999999907
0.17,0.31,0.03,0.08,0.16,0.02,0.13,0.09999999999999998
0.31,0.15,0.02,0.06,0.01,0.3,0.08,0.06999999999999995
0.43,0.32,0.01,0.03,0.11,0.05,0.03,0.019999999999999907
0.18,0.22,0.101,0.133,0.196,0.142,0.009,0.018999999999999906
0.05,0.26,0.06,0.02,0.1,0.12,0.15,0.24
0.145,0.03,0.065,0.444,0.01,0.089,0.11,0.1070000000000001
0.09,0.25,0.45,0.01,0.07,0.02,0.01,0.09999999999999987
0.148,0.126,0.131,0.221,0.046,0.078,0.092,0.15800000000000003
0.14,0.04,0.09,0.05,0.36,0.06,0.15,0.10999999999999999
0.006,0.065,0.028,0.425,0.039,0.33,0.017,0.08999999999999997
0.348,0.329,0.002,0.089,0.138,0.002,0.051,0.040999999999999925
0.34,0.05,0.21,0.02,0.08,0.04,0.18,0.08000000000000007
0.07,0.02,0.06,0.53,0.02,0.12,0.09,0.08999999999999997
0.11,0.02,0.55,0.07,0.07,0.05,0.09,0.039999999999999925
0.19,0.38,0.01,0.12,0.11,0.07,0.03,0.08999999999999986
0.43,0.1,0.03,0.04,0.01,0.03,0.19,0.16999999999999993
0.069,0.127,0.03,0.063,0.224,0.143,0.174,0.16999999999999993
0.15,0.3,0.1,0.06,0.03,0.1,0.12,0.14000000000000012
0.05,0.13,0.03,0.07,0.21,0.16,0.33,0.020000000000000018
0.03,0.3,0.14,0.04,0.23,0.03,0.2,0.030000000000000027
0.08,0.11,0.03,0.08,0.07,0.08,0.08,0.47
0.08,0.11,0.17,0.21,0.15,0.07,0.1,0.10999999999999999
0.14,0.26,0.01,0.16,0.18,0.05,0.09,0.10999999999999999
0.03,0.05,0.04,0.12,0.25,0.15,0.18,0.17999999999999994
0.44,0.18,0.03,0.08,0.03,0.01,0.11,0.12
0.2,0.12,0.32,0.03,0.05,0.12,0.05,0.10999999999999988
0.24,0.08,0.1,0.03,0.18,0.27,0.05,0.04999999999999982
0.02,0.16,0.03,0.26,0.13,0.05,0.33,0.020000000000000018
0.02,0.16,0.25,0.15,0.15,0.08,0.03,0.16000000000000003
0.04,0.38,0.04,0.01,0.03,0.01,0.36,0.13
0.17,0.1,0.28,0.01,0.07,0.08,0.1,0.18999999999999995
0.22,0.03,0.11,0.04,0.08,0.14,0.34,0.040000000000000036
0.11,0.18,0.08,0.01,0.25,0.15,0.14,0.07999999999999996
0.07,0.09,0.18,0.06,0.22,0.05,0.29,0.040000000000000036
0.1,0.02,0.03,0.05,0.14,0.26,0.19,0.20999999999999996
0.16,0.17,0.01,0.24,0.11,0.06,0.18,0.07000000000000006
0.03,0.22,0.34,0.11,0.04,0.13,0.04,0.08999999999999986
0.467,0.048,0.05,0.099,0.044,0.099,0.162,0.030999999999999917
0.43,0.09,0.04,0.24,0.04,0.03,0.05,0.07999999999999985
0.03,0.01,0.25,0.44,0.05,0.15,0.02,0.04999999999999993
0.01,0.3,0.03,0.12,0.01,0.11,0.37,0.050000000000000044
0.01,0.03,0.01,0.29,0.29,0.1,0.2,0.07000000000000006
0.23,0.01,0.03,0.15,0.15,0.38,0.02,0.029999999999999916
0.13,0.07,0.1,0.01,0.41,0.2,0.08,1.1102230246251565e-16
0.09,0.19,0.1,0.05,0.4,0.12,0.01,0.039999999999999925
0.05,0.19,0.08,0.14,0.01,0.23,0.29,0.010000000000000009
0.07,0.19,0.12,0.16,0.12,0.18,0.13,0.029999999999999916
0.203,0.027,0.194,0.22,0.16,0.044,0.042,0.10999999999999988
0.089,0.054,0.025,0.048,0.103,0.497,0.075,0.1090000000000001
0.187,0.068,0.007,0.184,0.242,0.056,0.077,0.17900000000000005
0.02,0.1,0.01,0.01,0.6,0.1,0.09,0.07000000000000006
0.132,0.283,0.039,0.195,0.033,0.077,0.188,0.052999999999999936
0.004,0.158,0.075,0.14,0.389,0.188,0.041,0.0050000000000000044
0.06,0.04,0.13,0.21,0.09,0.08,0.34,0.050000000000000044
0.38,0.04,0.07,0.05,0.06,0.01,0.17,0.21999999999999986
0.271,0.196,0.036,0.192,0.073,0.013,0.021,0.19799999999999995
0.09,0.08,0.14,0.2,0.05,0.23,0.14,0.06999999999999995
0.19,0.12,0.08,0.13,0.11,0.17,0.09,0.10999999999999999
0.17,0.18,0.11,0.2,0.19,0.03,0.05,0.07000000000000006
0.1,0.05,0.22,0.11,0.01,0.09,0.19,0.22999999999999998
0.48,0.09,0.05,0.02,0.07,0.13,0.11,0.050000000000000044
0.09,0.18,0.19,0.2,0.01,0.04,0.26,0.029999999999999916
0.43,0.089,0.197,0.065,0.059,0.065,0.062,0.03300000000000014
0.04,0.08,0.12,0.14,0.33,0.01,0.09,0.19000000000000006
0.041,0.038,0.111,0.188,0.127,0.199,0.111,0.18500000000000005
0.14,0.14,0.12,0.16,0.01,0.19,0.18,0.06000000000000005
0.086,0.02,0.178,0.167,0.178,0.143,0.136,0.09199999999999997
0.02,0.01,0.02,0.55,0.13,0.02,0.03,0.21999999999999986
0.119,0.043,0.229,0.194,0.175,0.031,0.077,0.132
0.13,0.06,0.11,0.05,0.03,0.15,0.3,0.16999999999999993
0.03,0.07,0.09,0.16,0.12,0.06,0.33,0.1399999999999999
0.34,0.13,0.04,0.15,0.18,0.08,0.04,0.039999999999999925
0.14,0.03,0.09,0.01,0.02,0.13,0.28,0.29999999999999993
0.03,0.44,0.19,0.05,0.06,0.13,0.09,0.010000000000000009
0.058,0.239,0.117,0.006,0.021,0.391,0.105,0.06299999999999994
0.04,0.3,0.02,0.09,0.02,0.22,0.05,0.26
0.02,0.16,0.26,0.23,0.04,0.1,0.06,0.1299999999999999
0.046,0.151,0.216,0.275,0.029,0.206,0.028,0.04899999999999993
0.023,0.053,0.555,0.035,0.042,0.118,0.028,0.1459999999999999
0.42,0.15,0.14,0.05,0.02,0.01,0.19,0.020000000000000018
0.09,0.04,0.17,0.1,0.02,0.09,0.05,0.43999999999999995
0.2,0.14,0.05,0.04,0.07,0.32,0.16,0.019999999999999907
0.07,0.14,0.33,0.13,0.03,0.05,0.11,0.1399999999999999
0.11,0.21,0.03,0.03,0.17,0.06,0.15,0.23999999999999988
0.02,0.12,0.29,0.02,0.01,0.12,0.23,0.19000000000000006
0.17,0.25,0.23,0.02,0.02,0.03,0.27,0.009999999999999898
0.04,0.04,0.06,0.12,0.16,0.11,0.28,0.18999999999999995
0.11,0.07,0.2,0.11,0.04,0.05,0.38,0.039999999999999925
0.18,0.24,0.11,0.03,0.03,0.16,0.03,0.21999999999999986
0.063,0.005,0.069,0.258,0.104,0.289,0.066,0.1459999999999999
0.05,0.06,0.15,0.01,0.6,0.01,0.03,0.08999999999999997
0.06,0.01,0.01,0.18,0.23,0.2,0.24,0.07000000000000006
0.13,0.27,0.16,0.19,0.05,0.11,0.08,0.010000000000000009
0.14,0.07,0.22,0.12,0.04,0.02,0.21,0.17999999999999994
0.06,0.23,0.11,0.05,0.35,0.12,0.04,0.039999999999999925
0.252,0.016,0.021,0.155,0.187,0.051,0.022,0.29599999999999993
0.54,0.01,0.04,0.05,0.06,0.09,0.02,0.18999999999999984
0.27,0.06,0.05,0.11,0.01,0.01,0.15,0.33999999999999997
0.08,0.23,0.01,0.33,0.06,0.03,0.25,0.010000000000000009
0.285,0.036,0.118,0.107,0.067,0.221,0.059,0.10699999999999998
0.14,0.23,0.04,0.04,0.06,0.02,0.28,0.18999999999999995
0.192,0.044,0.272,0.149,0.215,0.091,0.02,0.017000000000000015
0.03,0.05,0.13,0.05,0.34,0.3,0.06,0.039999999999999813
0.05,0.08,0.48,0.08,0.04,0.09,0.16,0.020000000000000018
0.23,0.02,0.06,0.08,0.2,0.08,0.24,0.08999999999999997
0.13,0.08,0.03,0.06,0.08,0.13,0.46,0.030000000000000027
0.09,0.09,0.12,0.03,0.18,0.2,0.01,0.28
0.009,0.207,0.289,0.432,0.006,0.012,0.038,0.006999999999999895
0.347,0.011,0.085,0.154,0.071,0.066,0.138,0.128
0.341,0.087,0.05,0.189,0.072,0.046,0.106,0.10899999999999999
0.109,0.058,0.265,0.375,0.006,0.077,0.022,0.08799999999999997
0.05,0.07,0.23,0.19,0.28,0.15,0.02,0.009999999999999898
0.157,0.224,0.006,0.032,0.024,0.047,0.179,0.33099999999999996
0.047,0.042,0.01,0.037,0.207,0.083,0.246,0.32800000000000007
0.1,0.04,0.1,0.18,0.06,0.22,0.14,0.15999999999999992
0.05,0.19,0.11,0.12,0.25,0.13,0.08,0.07000000000000006
0.02,0.1,0.01,0.01,0.05,0.6,0.02,0.18999999999999995
0.04,0.1,0.06,0.13,0.12,0.04,0.01,0.5
0.024,0.032,0.047,0.205,0.266,0.205,0.036,0.18499999999999994
0.22,0.12,0.07,0.02,0.02,0.07,0.17,0.30999999999999994
0.052,0.004,0.074,0.096,0.064,0.044,0.135,0.5309999999999999
0.02,0.06,0.01,0.06,0.02,0.63,0.17,0.029999999999999916
0.13,0.02,0.11,0.33,0.1,0.01,0.19,0.10999999999999988
0.12,0.11,0.04,0.18,0.14,0.08,0.18,0.15000000000000013
0.16,0.34,0.01,0.05,0.09,0.08,0.09,0.18000000000000005
0.08,0.05,0.04,0.08,0.45,0.18,0.04,0.08000000000000007
0.237,0.042,0.398,0.024,0.018,0.046,0.17,0.06499999999999984
0.11,0.11,0.09,0.12,0.01,0.09,0.04,0.42999999999999994
0.08,0.37,0.05,0.01,0.1,0.06,0.2,0.13000000000000012
0.199,0.005,0.09,0.053,0.124,0.247,0.215,0.06700000000000006
0.09,0.03,0.16,0.02,0.17,0.25,0.18,0.09999999999999987
0.2,0.09,0.04,0.06,0.29,0.12,0.09,0.1100000000000001
0.2,0.05,0.17,0.03,0.01,0.02,0.17,0.34999999999999987
0.09,0.01,0.41,0.01,0.27,0.04,0.13,0.039999999999999925
0.4,0.02,0.15,0.14,0.09,0.13,0.01,0.05999999999999994
0.19,0.07,0.19,0.12,0.3,0.06,0.06,0.009999999999999787
0.34,0.05,0.06,0.09,0.16,0.03,0.19,0.07999999999999985
0.029,0.03,0.129,0.027,0.103,0.271,0.281,0.13
0.22,0.14,0.02,0.22,0.06,0.09,0.13,0.1200000000000001
0.05,0.495,0.016,0.191,0.052,0.125,0.005,0.06599999999999995
0.05,0.03,0.29,0.09,0.03,0.13,0.17,0.20999999999999996
0.03,0.01,0.11,0.32,0.21,0.06,0.03,0.22999999999999998
0.055,0.11,0.056,0.084,0.069,0.132,0.004,0.49
0.23,0.01,0.01,0.08,0.04,0.09,0.18,0.3600000000000001
0.32,0.04,0.19,0.03,0.05,0.31,0.04,0.019999999999999796
0.18,0.04,0.34,0.1,0.06,0.08,0.04,0.16000000000000003
0.053,0.153,0.107,0.03,0.279,0.3,0.052,0.026000000000000023
0.144,0.367,0.048,0.138,0.011,0.002,0.144,0.1459999999999999
0.08,0.12,0.28,0.2,0.06,0.07,0.14,0.04999999999999993
0.01,0.045,0.122,0.019,0.313,0.201,0.006,0.28400000000000003
0.14,0.08,0.24,0.12,0.09,0.06,0.1,0.17000000000000004
0.27,0.18,0.22,0.01,0.02,0.24,0.02,0.039999999999999925
0.176,0.086,0.081,0.048,0.159,0.3,0.026,0.12399999999999989
0.03,0.02,0.05,0.47,0.01,0.07,0.09,0.2600000000000001
0.014,0.049,0.329,0.029,0.246,0.005,0.313,0.014999999999999902
0.12,0.18,0.04,0.15,0.02,0.13,0.19,0.16999999999999993
0.17,0.31,0.07,0.14,0.04,0.07,0.14,0.05999999999999994
0.026,0.048,0.035,0.028,0.16,0.069,0.197,0.43699999999999994
0.2,0.36,0.08,0.16,0.01,0.03,0.15,0.009999999999999898
0.11,0.04,0.12,0.11,0.42,0.01,0.17,0.019999999999999907
0.071,0.076,0.101,0.146,0.32,0.028,0.022,0.236
0.11,0.13,0.21,0.11,0.12,0.16,0.02,0.14
0.04,0.06,0.08,0.05,0.1,0.05,0.54,0.08000000000000007
0.32,0.15,0.04,0.06,0.26,0.02,0.09,0.05999999999999994
0.03,0.07,0.03,0.37,0.11,0.22,0.11,0.06000000000000005
0.36,0.02,0.12,0.11,0.06,0.29,0.02,0.020000000000000018
0.083,0.092,0.087,0.088,0.09,0.277,0.234,0.049000000000000044
0.01,0.02,0.06,0.02,0.12,0.33,0.14,0.29999999999999993
0.252,0.051,0.142,0.043,0.067,0.148,0.282,0.015000000000000124
0.01,0.22,0.07,0.33,0.09,0.11,0.1,0.06999999999999995
0.18,0.08,0.33,0.11,0.15,0.08,0.06,0.010000000000000009
0.08,0.16,0.03,0.04,0.22,0.26,0.15,0.05999999999999994
0.25,0.05,0.09,0.03,0.34,0.01,0.12,0.10999999999999999
0.22,0.04,0.02,0.31,0.08,0.01,0.08,0.24
0.277,0.009,0.053,0.016,0.272,0.062,0.263,0.04799999999999993
0.08,0.27,0.05,0.05,0.23,0.2,0.05,0.06999999999999984
0.02,0.07,0.48,0.05,0.08,0.07,0.03,0.19999999999999996
0.08,0.03,0.1,0.16,0.29,0.15,0.18,0.010000000000000009
0.27,0.05,0.03,0.07,0.33,0.19,0.03,0.030000000000000027
0.17,0.12,0.04,0.07,0.25,0.15,0.19,0.010000000000000009
0.04,0.02,0.26,0.38,0.02,0.1,0.12,0.06000000000000005
0.506,0.146,0.01,0.01,0.079,0.132,0.091,0.026000000000000023
0.04,0.16,0.03,0.05,0.37,0.08,0.17,0.09999999999999998
0.01,0.09,0.04,0.25,0.04,0.52,0.01,0.040000000000000036
0.216,0.253,0.098,0.087,0.164,0.017,0.145,0.020000000000000018
0.17,0.02,0.04,0.25,0.27,0.18,0.04,0.030000000000000027
0.029,0.173,0.074,0.006,0.154,0.27,0.189,0.10499999999999998
0.28,0.03,0.01,0.24,0.24,0.11,0.06,0.030000000000000027
0.02,0.06,0.1,0.25,0.01,0.17,0.01,0.38
0.22,0.02,0.06,0.28,0.05,0.05,0.26,0.05999999999999983
0.22,0.2,0.04,0.22,0.03,0.03,0.18,0.07999999999999985
0.072,0.254,0.437,0.074,0.031,0.046,0.069,0.016999999999999904
0.02,0.11,0.03,0.04,0.31,0.18,0.28,0.030000000000000027
0.01,0.33,0.16,0.01,0.09,0.03,0.32,0.050000000000000044
0.06,0.23,0.26,0.05,0.02,0.14,0.17,0.06999999999999984
0.16,0.14,0.15,0.13,0.27,0.08,0.02,0.04999999999999993
0.092,0.274,0.091,0.255,0.034,0.013,0.03,0.21099999999999997
0.002,0.271,0.036,0.324,0.001,0.145,0.129,0.09199999999999997
0.14,0.19,0.3,0.07,0.01,0.06,0.03,0.19999999999999996
0.031,0.457,0.064,0.263,0.047,0.003,0.061,0.07399999999999984
0.05,0.1,0.31,0.17,0.11,0.09,0.09,0.08000000000000007
0.12,0.2,0.01,0.42,0.01,0.1,0.02,0.12
0.12,0.52,0.15,0.04,0.05,0.01,0.02,0.08999999999999986
0.276,0.258,0.104,0.022,0.145,0.123,0.054,0.017999999999999905
0.07,0.22,0.05,0.15,0.15,0.06,0.02,0.28
0.07,0.04,0.01,0.12,0.08,0.08,0.34,0.26
0.04,0.14,0.03,0.19,0.07,0.18,0.22,0.13
0.21,0.18,0.07,0.03,0.02,0.11,0.03,0.35
0.37,0.07,0.08,0.28,0.06,0.09,0.04,0.009999999999999898
0.33,0.22,0.01,0.11,0.01,0.17,0.09,0.05999999999999994
0.03,0.07,0.06,0.22,0.09,0.36,0.15,0.020000000000000018
0.27,0.09,0.06,0.23,0.06,0.05,0.17,0.06999999999999995
0.01,0.11,0.06,0.12,0.01,0.04,0.42,0.22999999999999998
0.09,0.38,0.13,0.04,0.22,0.01,0.07,0.06000000000000005
0.05,0.04,0.13,0.03,0.23,0.26,0.01,0.25
0.15,0.18,0.03,0.16,0.07,0.08,0.3,0.030000000000000027
0.05,0.07,0.05,0.17,0.17,0.02,0.19,0.28
0.16,0.1,0.06,0.11,0.04,0.15,0.12,0.26
0.036,0.122,0.02,0.066,0.145,0.007,0.222,0.382
0.18,0.13,0.16,0.02,0.04,0.1,0.14,0.22999999999999998
0.377,0.224,0.025,0.044,0.109,0.049,0.163,0.008999999999999897
0.18,0.06,0.03,0.16,0.02,0.29,0.25,0.010000000000000009
0.01,0.03,0.03,0.1,0.49,0.1,0.04,0.19999999999999996
0.1,0.02,0.03,0.03,0.39,0.06,0.25,0.11999999999999988
0.03,0.04,0.05,0.11,0.27,0.24,0.06,0.19999999999999996
0.35,0.13,0.09,0.18,0.01,0.15,0.08,0.010000000000000009
0.22,0.11,0.2,0.04,0.03,0.15,0.2,0.04999999999999982
0.03,0.09,0.25,0.02,0.01,0.1,0.41,0.09000000000000008
0.149,0.152,0.013,0.035,0.028,0.33,0.283,0.010000000000000009
0.05,0.196,0.188,0.026,0.079,0.059,0.044,0.3579999999999999
0.06,0.01,0.01,0.53,0.02,0.28,0.07,0.020000000000000018
0.32,0.03,0.05,0.01,0.21,0.05,0.09,0.24
0.06,0.02,0.06,0.15,0.14,0.17,0.07,0.32999999999999985
0.08,0.1,0.26,0.05,0.07,0.1,0.17,0.16999999999999993
0.024,0.17,0.045,0.013,0.162,0.228,0.193,0.16500000000000004
0.05,0.04,0.14,0.19,0.2,0.01,0.08,0.2899999999999999
0.45,0.01,0.06,0.07,0.11,0.12,0.13,0.04999999999999993
0.049,0.232,0.148,0.055,0.119,0.312,0.014,0.07099999999999995
0.04,0.01,0.13,0.03,0.22,0.08,0.39,0.09999999999999998
0.06,0.01,0.13,0.45,0.03,0.23,0.03,0.05999999999999994
0.16,0.3,0.08,0.09,0.06,0.07,0.09,0.15000000000000002
0.191,0.319,0.243,0.001,0.087,0.012,0.009,0.138
0.44,0.13,0.02,0.12,0.02,0.06,0.15,0.05999999999999994
0.28,0.16,0.09,0.14,0.14,0.11,0.06,0.020000000000000018
0.241,0.276,0.006,0.083,0.003,0.348,0.015,0.028000000000000025
0.036,0.391,0.012,0.202,0.104,0.073,0.111,0.07100000000000006
0.17,0.03,0.11,0.16,0.06,0.03,0.37,0.06999999999999995
0.05,0.1,0.02,0.03,0.62,0.01,0.13,0.039999999999999925
0.037,0.325,0.107,0.269,0.031,0.094,0.006,0.131
0.241,0.062,0.008,0.06,0.141,0.131,0.271,0.08599999999999997
0.34,0.02,0.02,0.02,0.25,0.04,0.25,0.05999999999999983
0.114,0.008,0.009,0.61,0.007,0.047,0.054,0.1509999999999999
0.021,0.106,0.035,0.016,0.037,0.672,0.072,0.041000000000000036
0.21,0.32,0.16,0.07,0.1,0.07,0.02,0.050000000000000044
0.03,0.04,0.15,0.08,0.23,0.15,0.25,0.06999999999999995
0.04,0.11,0.07,0.19,0.11,0.04,0.33,0.10999999999999988
0.358,0.099,0.268,0.089,0.097,0.016,0.045,0.028000000000000025
0.02,0.31,0.32,0.02,0.08,0.15,0.01,0.08999999999999997
0.11,0.14,0.11,0.02,0.32,0.08,0.06,0.16000000000000014
0.007,0.098,0.024,0.128,0.033,0.634,0.054,0.02199999999999991
0.24,0.11,0.19,0.03,0.02,0.05,0.3,0.05999999999999983
0.29,0.19,0.03,0.04,0.11,0.23,0.07,0.040000000000000036
0.01,0.18,0.01,0.24,0.03,0.08,0.05,0.4
0.381,0.015,0.012,0.008,0.14,0.076,0.246,0.122
0.22,0.1,0.05,0.02,0.35,0.09,0.06,0.1100000000000001
0.013,0.068,0.107,0.496,0.204,0.065,0.013,0.03400000000000014
0.07,0.228,0.034,0.095,0.372,0.031,0.075,0.09499999999999997
0.28,0.14,0.16,0.02,0.11,0.03,0.01,0.2499999999999999
0.32,0.08,0.07,0.04,0.12,0.07,0.16,0.14
0.09,0.09,0.01,0.03,0.13,0.14,0.48,0.030000000000000027
0.16,0.01,0.01,0.04,0.33,0.23,0.04,0.17999999999999994
0.17,0.11,0.03,0.16,0.15,0.27,0.05,0.05999999999999983
0.362,0.156,0.069,0.094,0.156,0.048,0.008,0.10699999999999998
0.1,0.14,0.11,0.16,0.16,0.02,0.23,0.07999999999999996
0.13,0.13,0.02,0.32,0.06,0.24,0.02,0.07999999999999985
0.17,0.06,0.05,0.19,0.01,0.26,0.14,0.12
0.105,0.025,0.198,0.041,0.251,0.257,0.081,0.04200000000000004
0.04,0.08,0.16,0.14,0.16,0.01,0.14,0.2699999999999999
0.065,0.185,0.23,0.093,0.115,0.18,0.081,0.051000000000000156
0.1,0.03,0.22,0.05,0.33,0.07,0.16,0.039999999999999925
0.23,0.01,0.14,0.09,0.04,0.06,0.05,0.3799999999999999
0.09,0.01,0.06,0.17,0.14,0.02,0.02,0.49
0.01,0.03,0.24,0.22,0.15,0.17,0.04,0.1399999999999999
0.03,0.02,0.35,0.07,0.08,0.23,0.19,0.030000000000000027
0.03,0.02,0.07,0.06,0.26,0.02,0.23,0.30999999999999994
0.155,0.265,0.072,0.235,0.095,0.004,0.065,0.10899999999999999
0.015,0.02,0.474,0.06,0.006,0.125,0.163,0.137
0.19,0.05,0.12,0.12,0.15,0.23,0.09,0.050000000000000044
0.04,0.15,0.02,0.27,0.06,0.29,0.04,0.1299999999999999
0.225,0.052,0.088,0.004,0.192,0.14,0.163,0.136
0.41,0.23,0.05,0.16,0.05,0.04,0.05,0.009999999999999787
0.148,0.022,0.025,0.17,0.085,0.287,0.245,0.018000000000000016
0.29,0.24,0.04,0.06,0.1,0.12,0.05,0.09999999999999987
0.12,0.02,0.45,0.03,0.09,0.01,0.04,0.24
0.191,0.058,0.014,0.146,0.027,0.401,0.111,0.051999999999999935
0.03,0.05,0.15,0.04,0.54,0.01,0.15,0.029999999999999916
0.23,0.01,0.06,0.08,0.16,0.22,0.05,0.18999999999999995
0.24,0.19,0.12,0.04,0.04,0.07,0.03,0.2699999999999998
0.12,0.11,0.14,0.01,0.17,0.29,0.15,0.009999999999999898
0.22,0.21,0.02,0.1,0.01,0.05,0.02,0.3699999999999999
0.1,0.15,0.1,0.23,0.04,0.01,0.29,0.08000000000000007
0.09,0.08,0.1,0.07,0.09,0.47,0.07,0.030000000000000027
0.03,0.45,0.04,0.11,0.28,0.02,0.03,0.039999999999999925
0.06,0.17,0.22,0.28,0.13,0.08,0.01,0.050000000000000044
0.01,0.21,0.07,0.23,0.04,0.04,0.26,0.1399999999999999
0.21,0.05,0.15,0.11,0.04,0.28,0.07,0.08999999999999986
0.063,0.085,0.05,0.073,0.063,0.105,0.247,0.31400000000000006
0.05,0.05,0.35,0.03,0.12,0.17,0.19,0.040000000000000036
0.22,0.05,0.07,0.06,0.05,0.2,0.18,0.16999999999999993
0.141,0.105,0.232,0.03,0.15,0.216,0.071,0.05500000000000005
0.121,0.109,0.221,0.085,0.091,0.193,0.125,0.05500000000000016
0.02,0.05,0.14,0.36,0.07,0.26,0.01,0.08999999999999986
0.03,0.23,0.01,0.24,0.06,0.09,0.09,0.25
0.042,0.334,0.017,0.102,0.192,0.119,0.14,0.05399999999999994
0.01,0.15,0.13,0.22,0.05,0.21,0.1,0.13
0.09,0.4,0.01,0.1,0.27,0.04,0.05,0.039999999999999925
0.15,0.1,0.23,0.06,0.14,0.16,0.08,0.07999999999999996
0.25,0.07,0.08,0.33,0.02,0.03,0.21,0.010000000000000009
0.33,0.13,0.02,0.23,0.11,0.01,0.1,0.06999999999999995
0.06,0.02,0.06,0.05,0.29,0.08,0.3,0.14000000000000012
0.3,0.08,0.09,0.11,0.09,0.01,0.3,0.020000000000000018
0.03,0.08,0.06,0.08,0.03,0.68,0.03,0.009999999999999898
0.02,0.06,0.2,0.42,0.02,0.06,0.06,0.15999999999999992
0.08,0.02,0.01,0.06,0.15,0.33,0.28,0.07000000000000006
0.374,0.143,0.076,0.08,0.211,0.018,0.075,0.02300000000000013
0.155,0.113,0.186,0.177,0.004,0.036,0.23,0.09899999999999998
0.215,0.112,0.021,0.354,0.228,0.046,0.018,0.006000000000000005
0.38,0.04,0.02,0.11,0.07,0.07,0.09,0.21999999999999986
0.12,0.07,0.14,0.01,0.12,0.24,0.1,0.20000000000000007
0.15,0.02,0.02,0.34,0.06,0.06,0.21,0.1399999999999999
0.14,0.35,0.02,0.15,0.12,0.06,0.11,0.04999999999999993
0.01,0.21,0.21,0.03,0.18,0.34,0.01,0.010000000000000009
0.14,0.1,0.02,0.14,0.18,0.35,0.06,0.010000000000000009
0.01,0.15,0.04,0.26,0.11,0.03,0.31,0.08999999999999986
0.02,0.1,0.05,0.04,0.14,0.09,0.09,0.47
0.37,0.01,0.19,0.04,0.16,0.11,0.01,0.10999999999999988
0.13,0.24,0.04,0.02,0.15,0.07,0.03,0.32000000000000006
0.05,0.13,0.08,0.19,0.09,0.28,0.16,0.019999999999999907
0.05,0.18,0.22,0.01,0.12,0.33,0.08,0.01000000000000012
0.18,0.29,0.03,0.03,0.26,0.1,0.03,0.07999999999999996
0.03,0.19,0.41,0.07,0.1,0.11,0.06,0.030000000000000027
0.01,0.38,0.23,0.11,0.05,0.01,0.18,0.030000000000000027
0.118,0.417,0.049,0.021,0.188,0.127,0.01,0.07000000000000006
0.28,0.1,0.14,0.09,0.15,0.05,0.11,0.07999999999999996
0.38,0.01,0.04,0.01,0.08,0.1,0.12,0.26
0.03,0.15,0.34,0.1,0.09,0.06,0.08,0.15000000000000002
0.08,0.18,0.4,0.11,0.01,0.03,0.05,0.1399999999999999
0.05,0.13,0.02,0.12,0.01,0.28,0.21,0.18000000000000005
0.003,0.223,0.304,0.203,0.005,0.105,0.132,0.02499999999999991
0.01,0.18,0.1,0.01,0.48,0.16,0.02,0.039999999999999925
0.03,0.06,0.11,0.15,0.47,0.06,0.11,0.01000000000000012
0.01,0.27,0.14,0.01,0.07,0.02,0.05,0.42999999999999994
0.05,0.06,0.2,0.08,0.15,0.22,0.18,0.06000000000000005
0.07,0.19,0.14,0.07,0.24,0.08,0.03,0.18000000000000005
0.1,0.03,0.05,0.23,0.05,0.1,0.23,0.20999999999999996
0.28,0.04,0.08,0.11,0.04,0.16,0.26,0.029999999999999916
0.18,0.07,0.14,0.28,0.02,0.15,0.07,0.08999999999999986
0.04,0.02,0.31,0.1,0.35,0.09,0.06,0.030000000000000027
0.22,0.21,0.04,0.05,0.1,0.25,0.02,0.10999999999999999
0.23,0.11,0.02,0.08,0.2,0.05,0.2,0.10999999999999988
0.19,0.11,0.45,0.01,0.07,0.04,0.04,0.08999999999999986
0.015,0.053,0.07,0.102,0.036,0.358,0.104,0.2620000000000001
0.04,0.07,0.03,0.07,0.05,0.37,0.33,0.040000000000000036
0.01,0.05,0.28,0.06,0.1,0.23,0.08,0.19000000000000006
0.03,0.34,0.13,0.2,0.07,0.1,0.09,0.040000000000000036
0.127,0.206,0.198,0.014,0.236,0.027,0.082,0.1100000000000001
0.1,0.03,0.19,0.14,0.11,0.21,0.01,0.20999999999999996
0.042,0.16,0.072,0.014,0.138,0.056,0.308,0.20999999999999996
0.13,0.08,0.1,0.02,0.09,0.12,0.34,0.11999999999999988
0.26,0.02,0.31,0.13,0.05,0.04,0.03,0.1599999999999998
0.01,0.17,0.05,0.2,0.17,0.12,0.02,0.2599999999999999
0.16,0.11,0.25,0.06,0.05,0.02,0.16,0.18999999999999984
0.03,0.28,0.02,0.07,0.25,0.3,0.02,0.029999999999999805
0.3,0.09,0.2,0.12,0.13,0.13,0.02,0.009999999999999898
0.356,0.065,0.112,0.075,0.036,0.109,0.242,0.0050000000000000044
0.5,0.13,0.03,0.22,0.01,0.02,0.01,0.07999999999999996
0.07,0.05,0.06,0.24,0.16,0.08,0.25,0.09000000000000008
0.06,0.07,0.34,0.27,0.08,0.02,0.05,0.10999999999999999
0.28,0.09,0.16,0.15,0.16,0.03,0.07,0.05999999999999983
0.02,0.18,0.26,0.24,0.06,0.03,0.12,0.08999999999999997
0.195,0.047,0.09,0.23,0.342,0.001,0.043,0.052000000000000046
0.07,0.01,0.06,0.16,0.36,0.1,0.2,0.040000000000000036
0.06,0.04,0.12,0.21,0.01,0.29,0.26,0.010000000000000009
0.034,0.048,0.111,0.089,0.074,0.356,0.091,0.19700000000000006
0.002,0.107,0.168,0.118,0.19,0.007,0.396,0.01200000000000001
0.05,0.08,0.17,0.01,0.08,0.23,0.35,0.029999999999999916
0.06,0.06,0.23,0.17,0.06,0.15,0.25,0.019999999999999907
0.02,0.05,0.33,0.04,0.02,0.29,0.14,0.10999999999999999
0.121,0.055,0.039,0.286,0.161,0.258,0.029,0.050999999999999934
0.02,0.076,0.201,0.18,0.145,0.091,0.238,0.049000000000000044
0.01,0.186,0.036,0.076,0.298,0.126,0.03,0.238
0.01,0.13,0.3,0.18,0.1,0.21,0.06,0.010000000000000009
0.02,0.17,0.32,0.1,0.09,0.05,0.24,0.010000000000000009
0.08,0.08,0.04,0.17,0.1,0.04,0.09,0.4
0.125,0.127,0.004,0.025,0.147,0.395,0.104,0.07299999999999995
0.09,0.02,0.1,0.13,0.16,0.17,0.28,0.04999999999999993
0.06,0.42,0.11,0.04,0.2,0.07,0.07,0.029999999999999805
0.14,0.1,0.07,0.11,0.43,0.03,0.03,0.08999999999999986
0.04,0.12,0.41,0.02,0.01,0.15,0.22,0.030000000000000027
0.17,0.02,0.19,0.26,0.01,0.24,0.05,0.05999999999999994
0.06,0.01,0.33,0.03,0.08,0.09,0.16,0.24
0.21,0.08,0.05,0.13,0.08,0.08,0.19,0.18000000000000016
0.07,0.08,0.54,0.03,0.22,0.02,0.02,0.019999999999999907
0.02,0.13,0.21,0.06,0.2,0.16,0.17,0.04999999999999993
0.036,0.128,0.151,0.06,0.302,0.061,0.118,0.14400000000000002
0.05,0.7,0.03,0.05,0.1,0.04,0.01,0.019999999999999907
0.33,0.03,0.14,0.02,0.04,0.03,0.06,0.34999999999999987
0.18,0.11,0.12,0.14,0.12,0.12,0.08,0.13
0.16,0.19,0.02,0.08,0.04,0.25,0.12,0.14
0.17,0.16,0.25,0.02,0.07,0.13,0.04,0.1599999999999998
0.04,0.25,0.05,0.27,0.08,0.07,0.16,0.07999999999999996
0.031,0.017,0.175,0.069,0.104,0.011,0.226,0.367
0.21,0.01,0.37,0.03,0.05,0.05,0.24,0.039999999999999925
0.18,0.01,0.02,0.04,0.24,0.03,0.12,0.36
0.198,0.032,0.078,0.103,0.018,0.044,0.369,0.15800000000000003
0.18,0.1,0.17,0.08,0.33,0.05,0.03,0.05999999999999983
0.03,0.06,0.13,0.02,0.01,0.42,0.14,0.19000000000000006
0.062,0.004,0.149,0.032,0.136,0.104,0.098,0.41500000000000004
0.02,0.25,0.13,0.32,0.02,0.01,0.06,0.18999999999999995
0.01,0.17,0.33,0.01,0.01,0.13,0.1,0.24
0.07,0.05,0.02,0.34,0.16,0.11,0.09,0.16000000000000003
0.05,0.06,0.04,0.08,0.1,0.16,0.4,0.10999999999999999
0.26,0.03,0.1,0.02,0.18,0.03,0.15,0.22999999999999987
0.055,0.164,0.07,0.243,0.077,0.038,0.088,0.265
0.07,0.09,0.08,0.19,0.24,0.14,0.14,0.050000000000000044
0.12,0.01,0.02,0.07,0.02,0.08,0.49,0.18999999999999995
0.019,0.309,0.037,0.072,0.36,0.061,0.1,0.04200000000000015
0.033,0.071,0.009,0.12,0.147,0.44,0.122,0.05799999999999994
0.058,0.117,0.035,0.334,0.023,0.085,0.114,0.23399999999999999
0.39,0.1,0.06,0.09,0.18,0.04,0.02,0.11999999999999988
0.21,0.08,0.03,0.05,0.04,0.08,0.28,0.22999999999999998
0.03,0.16,0.18,0.26,0.02,0.11,0.12,0.12
0.033,0.182,0.279,0.012,0.017,0.117,0.283,0.07699999999999996
0.08,0.02,0.14,0.24,0.02,0.12,0.16,0.21999999999999997
0.06,0.16,0.08,0.01,0.01,0.06,0.48,0.14
0.28,0.36,0.03,0.07,0.14,0.01,0.01,0.09999999999999998
0.079,0.226,0.362,0.002,0.081,0.014,0.02,0.21599999999999997
0.27,0.24,0.09,0.01,0.07,0.24,0.07,0.010000000000000009
0.14,0.28,0.03,0.2,0.27,0.01,0.04,0.029999999999999805
0.11,0.05,0.17,0.01,0.13,0.04,0.05,0.43999999999999995
0.33,0.05,0.24,0.08,0.08,0.01,0.13,0.08000000000000007
0.07,0.33,0.11,0.07,0.02,0.04,0.26,0.09999999999999987
0.04,0.11,0.35,0.18,0.08,0.03,0.09,0.1200000000000001
0.227,0.16,0.042,0.126,0.305,0.013,0.029,0.09800000000000009
0.027,0.201,0.122,0.121,0.084,0.005,0.104,0.3360000000000001
0.02,0.04,0.04,0.01,0.1,0.06,0.5,0.22999999999999998
0.08,0.09,0.15,0.02,0.06,0.45,0.12,0.030000000000000027
0.01,0.24,0.21,0.12,0.13,0.1,0.02,0.17000000000000004
0.11,0.15,0.03,0.08,0.15,0.14,0.3,0.040000000000000036
0.12,0.2,0.14,0.04,0.02,0.16,0.21,0.10999999999999999
0.169,0.069,0.029,0.105,0.083,0.312,0.105,0.128
0.22,0.12,0.1,0.13,0.16,0.19,0.07,0.010000000000000009
0.12,0.08,0.16,0.02,0.37,0.02,0.03,0.19999999999999996
0.01,0.1,0.46,0.18,0.02,0.01,0.04,0.17999999999999994
0.075,0.232,0.372,0.049,0.131,0.042,0.011,0.08799999999999986
0.215,0.122,0.076,0.239,0.082,0.21,0.005,0.051000000000000156
0.37,0.02,0.23,0.19,0.04,0.05,0.01,0.08999999999999986
0.114,0.1,0.029,0.392,0.219,0.064,0.079,0.0030000000000001137
0.24,0.06,0.15,0.33,0.02,0.12,0.05,0.029999999999999916
0.164,0.125,0.235,0.079,0.09,0.206,0.08,0.02100000000000013
0.064,0.185,0.019,0.026,0.08,0.337,0.064,0.22499999999999987
0.5,0.02,0.05,0.12,0.11,0.05,0.06,0.08999999999999986
0.14,0.02,0.4,0.04,0.09,0.1,0.07,0.1399999999999999
0.41,0.12,0.05,0.01,0.2,0.13,0.05,0.029999999999999916
0.17,0.01,0.06,0.12,0.26,0.1,0.22,0.06000000000000005
0.184,0.173,0.094,0.319,0.033,0.118,0.002,0.07699999999999996
0.16,0.363,0.038,0.051,0.046,0.156,0.101,0.08499999999999985
0.01,0.07,0.24,0.07,0.04,0.11,0.12,0.33999999999999997
0.138,0.087,0.022,0.113,0.249,0.043,0.233,0.11499999999999999
0.144,0.279,0.115,0.023,0.057,0.227,0.015,0.1399999999999999
0.16,0.18,0.01,0.09,0.07,0.19,0.02,0.28
0.19,0.15,0.04,0.04,0.09,0.41,0.02,0.06000000000000005
0.11,0.09,0.01,0.28,0.31,0.1,0.08,0.020000000000000018
0.01,0.09,0.53,0.06,0.11,0.02,0.14,0.040000000000000036
0.26,0.3,0.08,0.17,0.06,0.05,0.03,0.04999999999999982
0.121,0.032,0.26,0.014,0.149,0.359,0.029,0.03599999999999992
0.04,0.42,0.08,0.03,0.05,0.09,0.2,0.09000000000000008
0.1,0.016,0.08,0.188,0.049,0.153,0.1,0.31400000000000006
0.033,0.287,0.257,0.08,0.14,0.125,0.048,0.030000000000000027
0.09,0.03,0.12,0.08,0.11,0.39,0.04,0.1399999999999999
0.02,0.01,0.01,0.05,0.42,0.09,0.13,0.27
0.397,0.149,0.014,0.05,0.244,0.039,0.068,0.038999999999999924
0.25,0.02,0.23,0.03,0.05,0.07,0.01,0.33999999999999986
0.31,0.13,0.03,0.08,0.04,0.16,0.03,0.21999999999999997
0.02,0.16,0.03,0.08,0.04,0.24,0.2,0.22999999999999998
0.068,0.172,0.031,0.169,0.165,0.041,0.045,0.30899999999999983
0.07,0.01,0.03,0.1,0.18,0.03,0.06,0.52
0.527,0.068,0.251,0.011,0.082,0.015,0.016,0.030000000000000027
0.04,0.148,0.235,0.051,0.025,0.033,0.224,0.244
0.04,0.16,0.15,0.28,0.19,0.05,0.03,0.09999999999999987
0.12,0.17,0.06,0.04,0.01,0.08,0.29,0.22999999999999998
0.04,0.06,0.13,0.04,0.15,0.12,0.29,0.16999999999999993
0.09,0.03,0.17,0.03,0.09,0.36,0.2,0.030000000000000027
0.01,0.05,0.17,0.01,0.23,0.27,0.13,0.13
0.02,0.01,0.13,0.07,0.06,0.34,0.1,0.2699999999999999
0.06,0.14,0.14,0.08,0.07,0.01,0.16,0.33999999999999997
0.11,0.08,0.03,0.24,0.11,0.07,0.13,0.2300000000000001
0.17,0.02,0.05,0.28,0.04,0.34,0.03,0.06999999999999984
0.033,0.101,0.028,0.198,0.012,0.053,0.125,0.44999999999999996
0.24,0.11,0.15,0.05,0.22,0.1,0.02,0.10999999999999999
0.07,0.04,0.04,0.2,0.41,0.02,0.05,0.16999999999999993
0.16,0.04,0.14,0.08,0.4,0.07,0.08,0.029999999999999916
0.06,0.06,0.01,0.06,0.25,0.32,0.01,0.22999999999999998
0.32,0.243,0.023,0.069,0.026,0.056,0.246,0.016999999999999904
0.22,0.17,0.14,0.14,0.09,0.01,0.04,0.18999999999999995
0.16,0.15,0.04,0.29,0.04,0.06,0.06,0.19999999999999996
0.1,0.03,0.1,0.01,0.16,0.28,0.19,0.1299999999999999
0.08,0.01,0.07,0.29,0.11,0.14,0.28,0.020000000000000018
0.042,0.226,0.008,0.313,0.037,0.032,0.268,0.07399999999999995
0.208,0.071,0.035,0.12,0.049,0.199,0.233,0.08500000000000008
0.07,0.06,0.08,0.08,0.04,0.34,0.25,0.07999999999999996
0.122,0.02,0.025,0.252,0.146,0.046,0.247,0.14200000000000002
0.24,0.04,0.19,0.13,0.12,0.18,0.06,0.040000000000000036
0.01,0.34,0.07,0.11,0.36,0.02,0.03,0.05999999999999994
0.1,0.27,0.03,0.01,0.12,0.08,0.03,0.36
0.08,0.04,0.03,0.2,0.1,0.13,0.13,0.29000000000000004
0.19,0.16,0.01,0.21,0.29,0.06,0.02,0.06000000000000005
0.06,0.31,0.22,0.08,0.02,0.04,0.08,0.19000000000000006
0.11,0.18,0.06,0.11,0.04,0.05,0.11,0.3400000000000001
0.27,0.01,0.01,0.2,0.27,0.08,0.07,0.09000000000000008
0.15,0.18,0.06,0.01,0.19,0.1,0.13,0.18000000000000005
0.01,0.31,0.05,0.01,0.14,0.25,0.14,0.08999999999999997
0.066,0.073,0.102,0.04,0.094,0.076,0.414,0.135
0.1,0.44,0.05,0.14,0.12,0.02,0.08,0.04999999999999993
0.05,0.49,0.05,0.01,0.13,0.08,0.11,0.07999999999999996
0.05,0.23,0.34,0.04,0.02,0.02,0.17,0.12999999999999978
0.27,0.14,0.02,0.03,0.24,0.19,0.05,0.05999999999999983
0.03,0.04,0.04,0.22,0.02,0.43,0.11,0.10999999999999999
0.14,0.28,0.03,0.4,0.01,0.02,0.01,0.10999999999999988
0.006,0.026,0.181,0.112,0.035,0.191,0.197,0.252
0.2,0.11,0.23,0.15,0.01,0.03,0.12,0.1499999999999999
0.05,0.07,0.03,0.27,0.06,0.16,0.31,0.050000000000000044
0.044,0.367,0.276,0.09,0.031,0.02,0.001,0.17099999999999993
0.04,0.03,0.07,0.06,0.06,0.24,0.43,0.07000000000000006
