0.1,0.5,0.4
0.10252053651324185,0.49911973580545227,0.3983597276813059
0.11614834518090852,0.49437006971697417,0.3894815851021173
0.11890848424574939,0.4934105016940994,0.3876810140601512
0.14196897487839236,0.4854386498319797,0.37259237528962796
0.22964676374813614,0.45690243742259795,0.313450798829266
0.2977355862923387,0.4414181054017814,0.2608463083058799
0.32807505235541595,0.4441626257115147,0.22776232193306936
0.33140148560394117,0.48392566372323553,0.18467285067282335
0.2572699034562743,0.5938170576815125,0.14891303886221327
0.13953336385107273,0.7322660422586514,0.1282005938902758
0.07668327650807788,0.8022220532017972,0.12109467029012495
0.03624907739803995,0.8465175479104874,0.11723337469147269
0.014860540126321022,0.8698100329553045,0.11532942691837457
0.005926039355326462,0.8795526718889826,0.11452128875569104
0.0027700431447033845,0.8830259226567493,0.11420403419854736
0.001526118024885771,0.8844189263743655,0.11405495560074883
0.0007029781946427064,0.8853722294973319,0.11392479230802531
0.00031667736461829787,0.8858556941273855,0.11382762850799631
0.00014252290043140342,0.8861101940264148,0.11374728307315396
0.0,0.8863181909497981,0.11368180905020181
0.0,0.8863915377725996,0.11360846222740034
0.0,0.8864611163915107,0.11353888360848928
0.0,0.8865289835705228,0.1134710164294772
0.0,0.8865960638548057,0.1134039361451943
0.0,0.8866627726178394,0.11333722738216068
0.0,0.8867292963802129,0.11327070361978708
0.0,0.8867957188570561,0.11320428114294387
0.0,0.8868620776054087,0.1131379223945913
0.0,0.8869283894688189,0.11307161053118112
0.0,0.8869946620004537,0.1130053379995462
0.0,0.8870608985887308,0.1129391014112691
0.0,0.8871271007560337,0.11287289924396628
0.0,0.8871932691890945,0.11280673081090557
0.0,0.8872594042006162,0.1127405957993838
0.0,0.8873255059359785,0.11267449406402155
0.0,0.8873915744657475,0.11260842553425257
0.0,0.8874576098270578,0.11254239017294226
0.0,0.8875236120421135,0.1124763879578865
0.0,0.8875895811264557,0.11241041887354428
0.0,0.8876555170926547,0.11234448290734528
0.0,0.8877214199519584,0.11227858004804166
0.0,0.8877884679436233,0.11221153205637667
0.0,0.8878582413769082,0.11214175862309185
0.0,0.8879335290585552,0.1120664709414448
0.0,0.8880191734746494,0.11198082652535052
0.0,0.8881232731712438,0.11187672682875625
0.0,0.8882602519203471,0.11173974807965296
0.0,0.8884608102705207,0.11153918972947938
0.0,0.8888214070130925,0.11117859298690735
0.0,0.8890659399507362,0.11093406004926364
0.0,0.8908686794417183,0.10913132055828162
0.0,0.9025022156297701,0.09749778437022981
0.0,0.9302643584175334,0.06973564158246648
0.0,0.9782384871443675,0.02176151285563258
0.0,0.9911535698610013,0.008846430138998641
0.0,0.9957035349596,0.004296465040399985
0.0,0.9980278589326154,0.0019721410673845382
0.0,0.9990960737144232,0.0009039262855767408
0.0,0.9995859639384881,0.000414036061511871
0.0,0.9998104121835413,0.0001895878164587238
0.0,1.0,0.0
