0.15,0.5,0.35
0.15283381200734883,0.49905909384928354,0.3481070941433676
0.16653518280147955,0.4945667094642597,0.3388981077342607
0.16943749600287122,0.49362866725661014,0.3369338367405186
0.19246282994294156,0.4864001799530313,0.3211369901040271
0.26756124530807857,0.46853531191916786,0.26390344277275357
0.3054475736613586,0.475852678251919,0.21869974808672238
0.3006474083662249,0.5163235068670156,0.18302908476675964
0.23366211147127872,0.6152445917401017,0.1510932967886196
0.18840476876130588,0.6707008254999783,0.14089440573871578
0.10878085562725202,0.7626096841147408,0.12860946025800715
0.05535695329976102,0.8221909060842018,0.12245214061603721
0.02553882354857744,0.8550135959746425,0.11944758047678003
0.01219389352349535,0.8696498382925285,0.11815626818397619
0.006715613253297989,0.8756693771019108,0.11761500964479124
0.0031628406572453507,0.8796007944439307,0.11723636489882397
0.0014829110635303623,0.8814937110705938,0.11702337786587579
0.0006750089890252241,0.8824408188081244,0.11688417220285045
0.0003068069421195357,0.8829100846696877,0.11678310838819286
0.00013931587528024476,0.8831612868276479,0.11669939729707178
0.0,0.8833690453438972,0.1166309546561028
0.0,0.8834452923620733,0.11655470763792668
0.0,0.8835176848155846,0.11648231518441539
0.0,0.8835883108411419,0.11641168915885802
0.0,0.8836581174684545,0.11634188253154554
0.0,0.8837275339581236,0.1162724660418763
0.0,0.8837967547753688,0.11620324522463131
0.0,0.8838658679719384,0.11613413202806158
0.0,0.8839349133979351,0.11606508660206495
0.0,0.8840039090818156,0.11599609091818448
0.0,0.8840728631784616,0.11592713682153843
0.0,0.8841417793777372,0.11585822062226281
0.0,0.8842106593514475,0.11578934064855254
0.0,0.8842795038597936,0.11572049614020632
0.0,0.8843483132514111,0.11565168674858899
0.0,0.8844170876892263,0.11558291231077374
0.0,0.8844858272524174,0.11551417274758259
0.0,0.8845545319824165,0.11544546801758356
0.0,0.884623201903654,0.11537679809634596
0.0,0.8846918370329089,0.1153081629670911
0.0,0.8847604373835193,0.11523956261648073
0.0,0.884829002967279,0.11517099703272113
0.0,0.88489753379529,0.11510246620470996
0.0,0.884967182855786,0.11503281714421401
0.0,0.8850415787789279,0.11495842122107204
0.0,0.8851222681081464,0.11487773189185352
0.0,0.8852234752033605,0.11477652479663948
0.0,0.8853526648613408,0.11464733513865911
0.0,0.8855339482377771,0.11446605176222292
0.0,0.8858315287585328,0.11416847124146728
0.0,0.886099318570341,0.11390068142965899
0.0,0.8874102536165045,0.11258974638349549
0.0,0.8951309100602519,0.10486908993974806
0.0,0.9165870607427413,0.08341293925725872
0.0,0.9703898853615252,0.02961011463847492
0.0,0.987911427218858,0.012088572781142046
0.0,0.9940249741458856,0.00597502585411427
0.0,0.9972290690927215,0.002770930907278498
0.0,0.9987283726903776,0.001271627309622288
0.0,0.9994169748038733,0.0005830251961266581
0.0,0.9997328051284629,0.00026719487153704897
0.0,0.9998775712800828,0.00012242871991712903
0.0,1.0,0.0
