0.1,0.05,0.85
0.10679671330676482,0.04967724666082994,0.8435260400324052
0.16226388795592833,0.04694050701552439,0.7907956050285474
0.17175006640085302,0.04645298800604122,0.7817969455931056
0.25477151898834577,0.04190795197809787,0.7033205290335565
0.3881045567543532,0.03334244554554758,0.5785529977000993
0.4869621311979194,0.0258420113427196,0.4871958574593611
0.5538774912698672,0.020388198458162247,0.42573431027197056
0.6288121111553806,0.01446860670440155,0.356719282140218
0.6805720579592074,0.0109579811763998,0.30846996086439277
0.718776912482774,0.008942748812219377,0.2722803387050066
0.7501657652654423,0.007861164479458595,0.24197307025509907
0.7758443370978053,0.007642823216695716,0.21651283968549895
0.7976431415845467,0.008538477493245843,0.19381838092220738
0.8140912775970737,0.011497174931938997,0.1744115474709874
0.8227635119122496,0.019169431666917727,0.15806705642083274
0.8186084400916545,0.03624528403274401,0.14514627587560142
0.8001281902714876,0.06429232566714994,0.1355794840613625
0.7546783423234086,0.1200923463697314,0.1252293113068601
0.6471833302263709,0.24044469555992307,0.11237197421370607
0.5122273685620364,0.3853653229096836,0.10240730852827996
0.37829898557048414,0.5264399794564847,0.09526103497303133
0.19551878461095298,0.7166615917034509,0.08781962368559613
0.08271496073470867,0.8332250395773008,0.0840599996879906
0.03139063404040492,0.8861263498765085,0.08248301608308656
0.01354264221718457,0.9045256058116096,0.08193175197120582
0.007562556900695556,0.9107022367229743,0.0817352063763301
0.0034286339739800723,0.9149896549821502,0.08158171104386965
0.0015217283889468662,0.9169882994563794,0.08148997215467374
0.0006742793826086756,0.9178978777489686,0.08142784286842271
0.0002985175412833033,0.9183226235099311,0.08137885894878555
0.00013209259587682856,0.9185322029281949,0.08133570447592821
0.0,0.9187001120687236,0.0812998879312764
0.0,0.9187421766628193,0.08125782333718065
0.0,0.9187822436362001,0.08121775636379991
0.0,0.9188214184206376,0.0811785815793625
0.0,0.9188601897640105,0.08113981023598953
0.0,0.9188987737071086,0.08110122629289139
0.0,0.918937265725281,0.08106273427471898
0.0,0.9189757080039063,0.08102429199609378
0.0,0.9190141191797138,0.08098588082028621
0.0,0.9190525074857979,0.08094749251420207
0.0,0.9190908765600655,0.08090912343993455
0.0,0.9191292280112436,0.08087077198875635
0.0,0.9191675625522062,0.0808324374477938
0.0,0.9192058805004122,0.08079411949958784
0.0,0.9192441819988314,0.08075581800116859
0.0,0.9192824671134531,0.08071753288654698
0.0,0.9193207358763114,0.08067926412368855
0.0,0.919358988304468,0.08064101169553195
0.0,0.9193972244083829,0.08060277559161709
0.0,0.9194354441956063,0.08056455580439362
0.0,0.9194736476724066,0.08052635232759346
0.0,0.9195118348444865,0.08048816515551346
0.0,0.9195507576799207,0.08044924232007934
0.0,0.919591833431356,0.080408166568644
0.0,0.9196371572816407,0.08036284271835924
0.0,0.9196902261938191,0.0803097738061809
0.0,0.9197569551397408,0.08024304486025922
0.0,0.91984852301586,0.08015147698414003
0.0,0.9199907328070007,0.0800092671929993
0.0,0.920260601679206,0.07973939832079409
0.0,0.9204877511319424,0.07951224886805773
0.0,0.9222840408753091,0.07771595912469095
0.0,0.9353798657909208,0.06462013420907929
0.0,0.978753369246511,0.021246630753489086
0.0,0.9905581629587613,0.009441837041238771
0.0,0.9958362742221974,0.004163725777802589
0.0,0.9981701341051439,0.0018298658948561796
0.0,0.999197030101691,0.000802969898309002
0.0,0.999647880301481,0.00035211969851906087
0.0,0.9998456329671824,0.00015436703281759284
0.0,1.0,0.0
