0.05,0.15,0.8
0.05332951825885063,0.14958272712749845,0.797087754613651
0.08151404340981339,0.14599372231922592,0.7724922342709608
0.08659013258315786,0.14533640182519067,0.7680734655916513
0.1360451107968675,0.13874928871214495,0.7252056004909876
0.23525644995136458,0.12443384729893908,0.6403097027496965
0.34616411752900567,0.10640935564763249,0.5474265268233619
0.45342206243338845,0.08677522333467001,0.45980271423194163
0.5404319221048268,0.06962505696481427,0.38994302093035893
0.6221653987545542,0.05368242908063538,0.32415217216481046
0.6812234896168704,0.043761279847400934,0.2750152305357287
0.7204328361977732,0.039372764631177046,0.24019439917104973
0.7484884700473902,0.03923452567726545,0.2122770042753443
0.767501883244098,0.04475833313682015,0.1877397836190817
0.7724891658963734,0.0633809192953556,0.16412991480827094
0.7513748010585266,0.10314818273821608,0.14547701620325737
0.6797722652339152,0.1930764294898511,0.12715130527623372
0.5741140162198282,0.31174924911589774,0.11413673466427424
0.47454318166288345,0.41937514002153065,0.10608167831558586
0.30618377580991335,0.5974502509981588,0.0963659731919279
0.19853458913771088,0.7098757036783098,0.09158970718397937
0.11869911266311747,0.7927874452926634,0.08851344204421913
0.055644370903890294,0.8580636074422954,0.08629202165381436
0.019211141958162425,0.8957329409827323,0.08505591705910534
0.008061862584292185,0.9072767312836129,0.08466140613209502
0.003351884249257692,0.9121772660945567,0.08447084965618568
0.0013879546550248445,0.9142460536991541,0.08436599164582115
0.0005736558879177018,0.9151295753126214,0.08429676879946102
0.00023687383553113649,0.9155208235404986,0.0842423026239702
0.0,0.9157978272239141,0.08420217277608595
0.0,0.91584849558321,0.08415150441679001
0.0,0.9158952659040049,0.08410473409599509
0.0,0.9159404167902253,0.08405958320977468
0.0,0.9159848880023894,0.08401511199761058
0.0,0.9160290670049355,0.08397093299506449
0.0,0.9160731135040616,0.08392688649593834
0.0,0.9161170933107972,0.08388290668920283
0.0,0.9161610335387217,0.08383896646127825
0.0,0.9162049453575857,0.08379505464241435
0.0,0.9162488333700234,0.08375116662997659
0.0,0.9162926994745324,0.08370730052546758
0.0,0.9163365444564571,0.083663455543543
0.0,0.9163803686430488,0.08361963135695108
0.0,0.9164241721730979,0.08357582782690216
0.0,0.9164679551078819,0.08353204489211813
0.0,0.9165117174768092,0.08348828252319086
0.0,0.9165554592961879,0.08344454070381219
0.0,0.9165991805769431,0.08340081942305694
0.0,0.9166428813277888,0.08335711867221123
0.0,0.9166865615565307,0.08331343844346929
0.0,0.9167302212706018,0.08326977872939821
0.0,0.9167741571084865,0.0832258428915135
0.0,0.9168228550217177,0.08317714497828232
0.0,0.916876719832527,0.08312328016747289
0.0,0.9169488559927461,0.08305114400725387
0.0,0.9170485397114185,0.08295146028858147
0.0,0.9172057647023715,0.0827942352976286
0.0,0.9175192758252896,0.0824807241747105
0.0,0.9180669935339681,0.08193300646603191
0.0,0.9201740655261709,0.07982593447382914
0.0,0.9329443573226994,0.06705564267730064
0.0,0.9725633329440699,0.027436667055930113
0.0,0.9890896936247932,0.010910306375206931
0.0,0.9957120981838123,0.0042879018161875474
0.0,0.9983226048587909,0.0016773951412092035
0.0,0.999345018841671,0.000654981158328853
0.0,0.9997001877885191,0.0002998122114808449
0.0,0.9998425473833914,0.0001574526166086009
0.0,1.0,0.0
