0.1,0.15,0.75
0.10591786995086325,0.14918573551879089,0.7448963945303458
0.15125847238963985,0.14277941183327336,0.7059621157770868
0.1591700218620614,0.1416300748168015,0.6991999033211371
0.2289263431579792,0.13105899649071098,0.6400146603513098
0.35837367127629904,0.1091250534477043,0.5325012752759968
0.4719758907136167,0.08727275660948808,0.44075135267689525
0.5502683099741181,0.07124509430549902,0.37848659572038285
0.633819412990746,0.05465237035915942,0.3115282166500947
0.6893546002728077,0.04555929176778669,0.2650861079594056
0.7256621419548409,0.042123769595981776,0.23221408844917732
0.7528398407847271,0.04365861594775853,0.2035015432675144
0.767831315816074,0.053104786012442146,0.17906389817148383
0.7626602227455327,0.08133988030511725,0.15599989694935001
0.7207031235869229,0.14238305008021185,0.13691382633286528
0.6035518584403714,0.27862901919903094,0.1178191223605976
0.4642859092941716,0.4298723698477218,0.10584172085810664
0.3017338134058487,0.6017796445496983,0.09648654204445302
0.18704228498511039,0.72155077072818,0.09140694428670967
0.11751723600332656,0.7937560139027762,0.08872675009389734
0.06221645802678451,0.8510271308755855,0.08675641109763006
0.020482166214451154,0.8941903224094163,0.08532751137613248
0.01371973809437075,0.9011885154450552,0.08509174646057403
0.007399177108250824,0.9077398775555049,0.08486094533624433
0.0033070480114517076,0.912000812046526,0.08469213994202221
0.0014653327696809966,0.9139408370942379,0.0845938301360811
0.0006482062629225611,0.9148242575386127,0.08452753619846465
0.0002864906765442803,0.915238079381582,0.08447542994187379
0.00012655479655038923,0.9154438408359351,0.08442960436751443
0.0,0.9156087219886339,0.0843912780113662
0.0,0.9156531616710955,0.0843468383289045
0.0,0.9156955729743153,0.08430442702568482
0.0,0.9157370793236803,0.08426292067631978
0.0,0.9157781765655068,0.08422182343449332
0.0,0.9158190834956482,0.08418091650435185
0.0,0.9158598966363276,0.08414010336367235
0.0,0.9159006585594494,0.08409934144055067
0.0,0.9159413880387126,0.08405861196128749
0.0,0.9159820933527758,0.08401790664722412
0.0,0.9160227781531417,0.08397722184685825
0.0,0.9160634440517618,0.08393655594823823
0.0,0.9161040917618245,0.08389590823817551
0.0,0.9161447216005628,0.08385527839943718
0.0,0.9161853337108131,0.08381466628918693
0.0,0.9162259281586188,0.08377407184138125
0.0,0.9162665049762175,0.08373349502378252
0.0,0.9163070641809685,0.08369293581903155
0.0,0.9163476057836845,0.08365239421631555
0.0,0.9163881297922986,0.08361187020770154
0.0,0.9164286362134771,0.08357136378652284
0.0,0.9164691250533304,0.08353087494666962
0.0,0.9165104324808311,0.08348956751916892
0.0,0.9165541795178239,0.08344582048217607
0.0,0.9166027092169194,0.08339729078308063
0.0,0.9166599069916016,0.08334009300839838
0.0,0.9167323827486841,0.08326761725131601
0.0,0.9168328512135873,0.08316714878641272
0.0,0.916991592188723,0.08300840781127707
0.0,0.917310656632443,0.08268934336755702
0.0,0.9176951591916964,0.08230484080830368
0.0,0.9194936507957796,0.08050634920422044
0.0,0.9326501146663577,0.0673498853336423
0.0,0.9761503353363892,0.023849664663610853
0.0,0.9891555962750166,0.010844403724983399
0.0,0.9951100085454909,0.00488999145450905
0.0,0.9978398703565847,0.0021601296434152475
0.0,0.9990474520212954,0.0009525479787045816
0.0,0.999580283566403,0.00041971643359689796
0.0,0.9998151259127007,0.00018487408729923852
0.0,1.0,0.0
