0.25,0.15,0.6
0.2594683336911415,0.14823572608154598,0.5922959402273126
0.31595617485283056,0.13734012291914297,0.5467037022280264
0.32548037384237005,0.1354396008492544,0.5390800253083755
0.39681307400478316,0.12062522049622394,0.4825617054989929
0.5023187130607999,0.09709879205083408,0.40058249488836606
0.5835367642420125,0.07857855564920913,0.33788468010877837
0.6591872947052536,0.06308294706113036,0.277729758233616
0.7031782663084168,0.05709434442766698,0.23972738926391618
0.7330766124003415,0.05757206523500004,0.2093513223646584
0.7497915201796064,0.06719563987853495,0.18301283994185874
0.7451871761404419,0.09573967452306993,0.15907314933648808
0.7011172512433823,0.16064094086573744,0.1382418078908802
0.5668116859100212,0.31636423845363715,0.11682407563634171
0.3910258649891636,0.5060384921371135,0.10293564287372288
0.21132361362475402,0.6950155410144896,0.09366084536075643
0.0927446089611393,0.8183596390008673,0.08889575203799344
0.047379325427340024,0.8653654429556779,0.08725523161698208
0.018237502625392164,0.8955378925820977,0.08622460479251012
0.010715464755278773,0.9033344145375243,0.08595012070719704
0.005378452096612655,0.9088805360196033,0.08574101188378407
0.002555310257005127,0.9118330750952263,0.08561161464776863
0.0011579729041103727,0.9133158441186315,0.08552618297725816
0.0005240706294696159,0.9140105350293235,0.08546539434120694
0.00023701074557007346,0.9143472142401057,0.08541577501432425
0.00010713871506883672,0.9145216455985226,0.08537121568640864
0.0,0.9146669166864042,0.08533308331359574
0.0,0.9147104003281014,0.08528959967189867
0.0,0.9147521597832684,0.0852478402167316
0.0,0.9147931312450569,0.08520686875494306
0.0,0.9148337375860585,0.08516626241394157
0.0,0.9148741697683505,0.08512583023164949
0.0,0.9149145140073454,0.08508548599265466
0.0,0.914954809219537,0.08504519078046295
0.0,0.9149950729686153,0.08500492703138474
0.0,0.9150353131810434,0.08496468681895665
0.0,0.9150755334347499,0.08492446656525007
0.0,0.9151157353459856,0.08488426465401447
0.0,0.9151559196462793,0.08484408035372076
0.0,0.9151960866682459,0.08480391333175413
0.0,0.9152362365646768,0.0847637634353232
0.0,0.9152763694073219,0.0847236305926781
0.0,0.9153164852314167,0.08468351476858324
0.0,0.915356584055749,0.08464341594425093
0.0,0.9153966658916993,0.08460333410830063
0.0,0.9154367307473134,0.08456326925268673
0.0,0.9154767786291355,0.08452322137086461
0.0,0.9155168095430347,0.0844831904569652
0.0,0.915556837871964,0.08444316212803596
0.0,0.9155985355865613,0.08440146441343864
0.0,0.9156421487871886,0.08435785121281139
0.0,0.9156919837850264,0.08430801621497364
0.0,0.9157555691605814,0.0842444308394185
0.0,0.9158388583991728,0.08416114160082719
0.0,0.9159598462729273,0.0840401537270728
0.0,0.9161664308465453,0.08383356915345481
0.0,0.9166638898963764,0.08333611010362363
0.0,0.9170226161065457,0.08297738389345434
0.0,0.919842893940433,0.0801571060595671
0.0,0.9394575977432735,0.06054240225672647
0.0,0.9679349406392931,0.03206505936070694
0.0,0.9879176278529445,0.012082372147055542
0.0,0.9945886811762786,0.005411318823721399
0.0,0.9975868005800358,0.0024131994199643003
0.0,0.9989258895735763,0.0010741104264237163
0.0,0.9995223258352761,0.0004776741647238615
0.0,0.9997876516906317,0.00021234830936838522
0.0,1.0,0.0
