0.55,0.15,0.3
0.5539116511175116,0.14898467490164854,0.29710367398083987
0.5696049750973423,0.14505987530441747,0.28533514959824025
0.5730490232790397,0.14423623356580034,0.28271474315516
0.5972285378801716,0.1389917727856028,0.26377968933422563
0.6494486009774935,0.13603390462493822,0.2145174943975682
0.6627337775735698,0.15911249469491343,0.17815372773151678
0.6291473731219624,0.2207836318582404,0.1500689950197972
0.5290409621003491,0.34386636838907897,0.12709266951057197
0.3697060697098108,0.5200169826734468,0.11027694761674241
0.20514923450120523,0.6951735953956107,0.0996771701031841
0.0935522404475994,0.8121992665781094,0.09424849297429128
0.048440218174999994,0.8592547041469389,0.0923050776780611
0.01920554923680174,0.88970759548284,0.09108685528035831
0.009565506431928904,0.899759865061103,0.09067462850696818
0.004729251899750038,0.9048204637550421,0.09045028434520785
0.002108268272595447,0.9075860054290732,0.09030572629833139
0.0009376058459001134,0.9088459595411273,0.09021643461297256
0.0004164685907738152,0.9094317582407969,0.09015177316842928
0.00018485779414086371,0.9097170756862425,0.09009806651961663
0.0,0.9099433820500132,0.09005661794998675
0.0,0.9099941571733184,0.09000584282668156
0.0,0.9100416697903163,0.0899583302096837
0.0,0.9100877249781337,0.08991227502186624
0.0,0.9101331231692059,0.08986687683079406
0.0,0.9101782191955813,0.08982178080441872
0.0,0.9102231703097847,0.08977682969021533
0.0,0.9102680461837436,0.08973195381625641
0.0,0.9103128776791496,0.08968712232085041
0.0,0.9103576784644296,0.08964232153557039
0.0,0.9104024545934527,0.08959754540654732
0.0,0.9104472087487241,0.08955279125127587
0.0,0.9104919421205007,0.0895080578794994
0.0,0.910536655238723,0.08946334476127696
0.0,0.910581348341229,0.08941865165877101
0.0,0.9106260215366757,0.08937397846332433
0.0,0.9106706748766079,0.08932932512339202
0.0,0.9107153083873281,0.08928469161267195
0.0,0.9107599220839845,0.0892400779160155
0.0,0.9108045159767992,0.08919548402320072
0.0,0.9108490900738189,0.08915090992618108
0.0,0.9108936443821298,0.08910635561787021
0.0,0.9109381789083947,0.08906182109160526
0.0,0.9109826936590899,0.0890173063409101
0.0,0.9110296536585127,0.08897034634148733
0.0,0.9110857220158272,0.0889142779841729
0.0,0.9111533637265042,0.08884663627349575
0.0,0.9112413563039147,0.08875864369608534
0.0,0.9113678426903177,0.08863215730968234
0.0,0.911581061880375,0.08841893811962492
0.0,0.912072712672098,0.08792728732790199
0.0,0.9139126430881207,0.08608735691187924
0.0,0.925287480019932,0.07471251998006799
0.0,0.9651012012699668,0.03489879873003318
0.0,0.9849725691299828,0.015027430870017247
0.0,0.9936155206737898,0.006384479326210255
0.0,0.9973031493729839,0.002696850627016113
0.0,0.9988636353158618,0.001136364684138294
0.0,0.9995216716533173,0.00047832834668277535
0.0,0.9997987463232476,0.00020125367675240334
0.0,1.0,0.0
