0.25,0.2,0.55
0.25854293195932826,0.19798156689644952,0.5434755011442223
0.3080299768622727,0.1859942086260972,0.5059758145116302
0.3166464380098144,0.18385597950552607,0.4994975824846596
0.3819314437018757,0.16718787026405146,0.45088068603407294
0.49045522874477976,0.1381045012145795,0.37144027004064073
0.5723261730747686,0.11639908742834322,0.3112747394968881
0.6489522813943357,0.10015247544006427,0.2508952431656
0.6867851577003871,0.0992244686876557,0.21399037361195722
0.7031788709089374,0.11275566494701797,0.18406546414404462
0.6888182437532376,0.15400145185464814,0.15718030439211417
0.613924077105905,0.2533534559948006,0.13272246689929446
0.4949798039184542,0.3885099724446149,0.11651022363693096
0.3814842933643108,0.5115094934278079,0.10700621320788133
0.21127743031011403,0.691675702191458,0.0970468674984279
0.09592205640188602,0.812196592927147,0.09188135067096702
0.049689821291385626,0.860271950142175,0.09003822856643945
0.01969572529314867,0.8914256016811946,0.08887867302565683
0.009787949804998938,0.9017271028680718,0.08848494732692934
0.004828329179143964,0.9069008798986217,0.08827079092223439
0.0021517731583884274,0.9097151831500688,0.08813304369154275
0.0009566757630918689,0.9109955974572577,0.08804772677965045
0.00042482276343825184,0.9115894045621491,0.08798577267441271
0.00018851734907379317,0.9118772752233519,0.08793420742757425
0.0,0.9121053888860717,0.08789461111392825
0.0,0.9121543689140814,0.08784563108591861
0.0,0.9122001477518292,0.08779985224817076
0.0,0.912244497193018,0.08775550280698197
0.0,0.9122882027218284,0.08771179727817159
0.0,0.9123316124653953,0.08766838753460467
0.0,0.9123748806724523,0.08762511932754775
0.0,0.9124180756707561,0.08758192432924393
0.0,0.9124612277211065,0.0875387722788935
0.0,0.9125043502235278,0.0874956497764722
0.0,0.9125474491120454,0.08745255088795449
0.0,0.9125905270156236,0.08740947298437636
0.0,0.9126335851005352,0.08736641489946484
0.0,0.9126766238858999,0.08732337611410014
0.0,0.9127196436045891,0.0872803563954109
0.0,0.9127626443628956,0.08723735563710441
0.0,0.9128056262111545,0.08719437378884554
0.0,0.91284858917497,0.0871514108250299
0.0,0.91289153326902,0.08710846673097998
0.0,0.9129344585031554,0.08706554149684467
0.0,0.912977364885096,0.08702263511490406
0.0,0.913020252421621,0.08697974757837895
0.0,0.9130631211190947,0.08693687888090523
0.0,0.9131059709836983,0.08689402901630175
0.0,0.9131510656241788,0.0868489343758212
0.0,0.9132022473462951,0.08679775265370489
0.0,0.9132664626286474,0.08673353737135266
0.0,0.913349497177384,0.08665050282261598
0.0,0.9134679198481193,0.08653208015188077
0.0,0.9136643417539262,0.08633565824607377
0.0,0.9139092753616593,0.08609072463834064
0.0,0.9150672916673817,0.08493270833261841
0.0,0.9237646989553517,0.07623530104464828
0.0,0.9496334274532112,0.050366572546788835
0.0,0.9811930014848317,0.018806998515168306
0.0,0.992049533540189,0.007950466459811062
0.0,0.9961385929630875,0.003861407036912517
0.0,0.9982636928360843,0.0017363071639157168
0.0,0.999220863868643,0.0007791361313570303
0.0,0.9996505897430085,0.00034941025699158
0.0,0.9998433468078252,0.0001566531921748855
0.0,1.0,0.0
