0.1,0.25,0.65
0.1050076788296375,0.24889847599459694,0.6460938451757656
0.1406407475278147,0.24092440303289275,0.6184348494392926
0.14701188520313505,0.23947316069926963,0.6135149540975954
0.20302574470393375,0.22637123820565952,0.5706030170904067
0.3256739465619786,0.1954749216416238,0.47885113179639754
0.4533866611388614,0.16045926149839837,0.38615407736274027
0.5254877143198019,0.14031602596795326,0.3341962597122449
0.6119059034815773,0.11882650339108788,0.26926759312733484
0.6640046624605049,0.11316943033136759,0.2228259072081274
0.6855862116487644,0.12376222831038315,0.19065156004085237
0.6774429911659515,0.16008398714987387,0.1624730216841746
0.6134153973517458,0.24959394293152692,0.13699065971672733
0.5611422068714751,0.31151668021839707,0.12734111291012778
0.4471819910304203,0.4387176911707993,0.11410031779878044
0.28469011734124006,0.6130344357902743,0.10227544686848582
0.17230930871841574,0.7313730061820168,0.09631768509956735
0.1103353859531186,0.7961628601158917,0.09350175393098965
0.051641036484328835,0.8573008281804898,0.09105813533518137
0.01686524506710671,0.8934646409580025,0.08967011397489072
0.007399028237250562,0.9033252635069962,0.0892757082557533
0.0032202165175225384,0.9077019202943938,0.08907786318808363
0.0013963634300722652,0.9096373583682049,0.0889662782017229
0.0006044265231640247,0.9105033474229551,0.08889222605388078
0.00026138587419019223,0.9109041674457313,0.0888344466800785
0.00011297217133315718,0.9111033120202708,0.08878371580839603
0.0,0.9112596272818754,0.08874037271812459
0.0,0.9113084317661146,0.08869156823388528
0.0,0.9113552510956734,0.08864474890432662
0.0,0.9114012017165608,0.08859879828343918
0.0,0.9114467657229165,0.08855323427708342
0.0,0.9114921512265474,0.08850784877345265
0.0,0.9115374480408182,0.08846255195918182
0.0,0.911582694916443,0.08841730508355711
0.0,0.911627908569939,0.08837209143006108
0.0,0.9116730962126223,0.08832690378737776
0.0,0.9117182609566377,0.08828173904336235
0.0,0.9117634041468655,0.08823659585313456
0.0,0.9118085263664967,0.08819147363350338
0.0,0.9118536278705324,0.08814637212946769
0.0,0.9118987087726084,0.08810129122739165
0.0,0.9119437691254867,0.08805623087451332
0.0,0.911988808955724,0.08801119104427603
0.0,0.9120338282785994,0.08796617172140057
0.0,0.9120788271045406,0.08792117289545949
0.0,0.9121238054418882,0.08787619455811184
0.0,0.9121687632980864,0.08783123670191367
0.0,0.9122137006801937,0.08778629931980633
0.0,0.9122586175951034,0.0877413824048966
0.0,0.9123066231543616,0.08769337684563838
0.0,0.9123616782227192,0.08763832177728081
0.0,0.9124308252462624,0.08756917475373767
0.0,0.912515591780718,0.08748440821928198
0.0,0.9126512287949371,0.08734877120506297
0.0,0.9128865031911508,0.08711349680884917
0.0,0.9134565197925498,0.08654348020745015
0.0,0.9159628026977884,0.08403719730221165
0.0,0.933773446299639,0.06622655370036098
0.0,0.9758053223440937,0.024194677655906334
0.0,0.9899306926678969,0.010069307332103077
0.0,0.9949938455517895,0.005006154448210531
0.0,0.9977519737386038,0.002248026261396229
0.0,0.9989936921772516,0.0010063078227483839
0.0,0.9995498924935379,0.0004501075064621792
0.0,0.9997987445692492,0.00020125543075078618
0.0,1.0,0.0
