0.4,0.3,0.3
0.4040132176706013,0.2988759432563744,0.2971108390730244
0.4204689602423696,0.29450041817150757,0.2850306215861228
0.4240497650271061,0.293607939662533,0.28234229531036087
0.44926310560759464,0.2882118995320557,0.26252499486034964
0.5013990219374399,0.30279012398851574,0.1958108540740444
0.5013176542065536,0.30721747876089367,0.19146486703255278
0.5011547530855011,0.30866494634718467,0.19018030056731436
0.49762183724400194,0.321816956321676,0.18056120643432214
0.4348605433942702,0.41824998480220993,0.14688947180351986
0.43244693052696004,0.4213215158639293,0.14623155360911066
0.41195897758435535,0.4468089662251916,0.141232056190453
0.2883387890284081,0.5894877248938404,0.1221734860777514
0.28833878902840815,0.5894877248938405,0.12217348607775141
0.28525814227246205,0.592911451834989,0.1218304058925491
0.26078330718404175,0.6199759703107057,0.11924072250525253
0.14516862389128413,0.7454230894383864,0.10940828667032942
0.14303613574354995,0.7477093858265825,0.10925447842986749
0.1267673136535118,0.7651261592119821,0.1081065271345061
0.06045984612959565,0.835708533646585,0.10383162022381931
0.05987900036104929,0.8363244188994801,0.10379658073947065
0.058871301020029326,0.8373928232039763,0.10373587577599433
0.051342064733696756,0.8453723695504765,0.10328556571582677
0.02233328064921995,0.8760749835489564,0.10159173580182364
0.021937259723270458,0.8764938967462187,0.10156884353051085
0.019003812480181462,0.879597108497501,0.10139907902231758
0.008314203339596428,0.8909176408358458,0.10076815582455782
0.007987010828456674,0.891264922716559,0.10074806645498434
0.007842631318424756,0.8914181979536345,0.10073917072794078
0.006776645312555615,0.8925505440667422,0.1006728106207023
0.003174928727323517,0.8963929988427407,0.10043207242993589
0.0013611534732088817,0.8983580835450335,0.10028076298175748
0.0005823327399395898,0.8992337332888936,0.10018393397116682
0.000248853691694445,0.8996407032537079,0.10011044305459756
0.00010626864186238127,0.8998467917891263,0.1000469395690113
0.0,0.9000077501130048,0.09999224988699518
0.0,0.9000677359592113,0.09993226404078867
0.0,0.9001254292780897,0.09987457072191033
0.0,0.9001821292509649,0.09981787074903524
0.0,0.9002383900751713,0.09976160992482876
0.0,0.900294448060129,0.09970555193987098
0.0,0.9003504039292217,0.09964959607077835
0.0,0.9003671533330087,0.09963284666699133
0.0,0.9003723922833374,0.09962760771666256
0.0,0.9004142952203138,0.09958570477968619
0.0,0.9007489645324067,0.0992510354675933
0.0,0.9010576609101316,0.09894233908986845
0.0,0.9010628672869467,0.09893713271305314
0.0,0.90110450967404,0.0988954903259601
0.0,0.90143709703431,0.0985629029656901
0.0,0.9040626998713276,0.0959373001286725
0.0,0.922933102697125,0.07706689730287507
0.0,0.9518722716455003,0.048127728354499626
0.0,0.9518722716455004,0.04812772835449963
0.0,0.9518749369467296,0.0481250630532704
0.0,0.9518962543512846,0.048103745648715446
0.0,0.9520664736036006,0.047933526396399376
0.0,0.9534079289744537,0.046592071025546244
0.0,0.9629295412248764,0.03707045877512364
0.0,0.9773460802775508,0.02265391972244925
0.0,0.9773473658977464,0.022652634102253596
0.0,0.9773576483030404,0.022642351696959634
0.0,0.9774397441514496,0.022560255848550426
0.0,0.9780861592215517,0.021913840778448358
0.0,0.9826461800025141,0.017353819997485913
0.0,0.992226207105962,0.0077737928940380865
0.0,0.9967429105360072,0.0032570894639928957
0.0,0.9986394857801162,0.001360514219883898
0.0,0.9994324267836451,0.0005675732163550308
0.0,0.9997633486654902,0.00023665133450967944
0.0,1.0,0.0
