0.45,0.05,0.5
0.4582079797528862,0.0489768033803448,0.49281521686676905
0.49896871837610646,0.0437820543795916,0.457249227244302
0.5057675621257607,0.04290035920073237,0.451332078673507
0.5527006211728853,0.03675417820678005,0.4105452006203346
0.6371544372313499,0.02603406728423707,0.336811495484413
0.6892735599400381,0.020403540661309286,0.29032289939865263
0.7270623297208688,0.017375570979547283,0.2555620992995839
0.7574316384460298,0.01617884177687597,0.22638951977709415
0.7811604143759769,0.01702308499895138,0.20181650062507173
0.7988808408879977,0.021320805739890918,0.1797983533721113
0.8061061328874992,0.03239921181634387,0.16149465529615697
0.7971527210665623,0.05628526896401803,0.14656200996941965
0.7602286130398883,0.10712644387591487,0.1326449430841969
0.6684991090227023,0.21345704481034775,0.11804384616695007
0.5564922957381558,0.3357202612396497,0.10778744302219447
0.4525966895476236,0.44643261133025686,0.10097069912211953
0.2778867534345843,0.6297184912641072,0.09239475530130864
0.1560713196284495,0.7562328571682102,0.08769582320334032
0.09598595423033457,0.8183744792397193,0.08563956652994616
0.042249062960178906,0.8738443495727302,0.08390658746709087
0.01550178333975259,0.9014428780965797,0.08305533856366769
0.010216298440708536,0.9069040881863721,0.08287961337291944
0.005278768458812603,0.9120178963754901,0.08270333516569728
0.0023754858736287623,0.9150441614682849,0.08258035265808625
0.001066448951165798,0.9164297736699146,0.08250377737891962
0.0004781979409202586,0.9170737094285607,0.08244809263051905
0.000214282389324782,0.9173839278590518,0.08240178975162354
0.0,0.917632395159151,0.082367604840849
0.0,0.9176769585488577,0.08232304145114235
0.0,0.9177182524337738,0.08228174756622623
0.0,0.9177580738925938,0.08224192610740629
0.0,0.9177972274566124,0.0822027725433876
0.0,0.9178360732172077,0.0821639267827922
0.0,0.9178747723068003,0.0821252276931998
0.0,0.9179133968130083,0.08208660318699168
0.0,0.9179519789805468,0.08204802101945317
0.0,0.9179905332306721,0.08200946676932787
0.0,0.9180290660132864,0.08197093398671368
0.0,0.9180675802140126,0.08193241978598746
0.0,0.9181060771251252,0.08189392287487482
0.0,0.9181445573267843,0.08185544267321561
0.0,0.9181830210809591,0.08181697891904094
0.0,0.9182214685074748,0.08177853149252527
0.0,0.9182598996626727,0.08174010033732722
0.0,0.9182983145745479,0.0817016854254521
0.0,0.9183367132584404,0.08166328674155966
0.0,0.9183750957240425,0.08162490427595746
0.0,0.9184134619785268,0.08158653802147324
0.0,0.9184518120279411,0.08154818797205893
0.0,0.9184901458778321,0.08150985412216798
0.0,0.9185284635335227,0.08147153646647741
0.0,0.9185683073391725,0.08143169266082759
0.0,0.9186120946378021,0.08138790536219787
0.0,0.9186629299940986,0.08133707000590151
0.0,0.9187258696523887,0.08127413034761131
0.0,0.9188100828816903,0.08118991711830961
0.0,0.9189368998797561,0.08106310012024386
0.0,0.9191584236674368,0.0808415763325632
0.0,0.9193531164209652,0.08064688357903489
0.0,0.9204597366343842,0.0795402633656158
0.0,0.9287484973906875,0.07125150260931248
0.0,0.9445417887192581,0.05545821128074196
0.0,0.9789671485074346,0.02103285149256546
0.0,0.9922259676209159,0.007774032379084191
0.0,0.9965246523906468,0.0034753476093532555
0.0,0.9981967361487767,0.0018032638512233453
0.0,0.9991732251021307,0.000826774897869378
0.0,0.9996211650046294,0.0003788349953705062
0.0,0.999826463260412,0.00017353673958789314
0.0,1.0,0.0
