0.3,0.55,0.15
0.2962362661698455,0.5542287306925224,0.14953500313763213
0.27965737959652115,0.5730182853289149,0.14732433507456405
0.2759666535844255,0.5772381328481396,0.14679521356743494
0.2468395818807236,0.6110417020640896,0.14211871605518675
0.10735637193730567,0.789230859228048,0.1034127688346462
0.052562596180953644,0.8726049640330465,0.07483243978599981
0.022241261263497913,0.9281542543494111,0.049604484387091
0.014100695732460249,0.9461821203194085,0.03971718394813126
0.00587003931484316,0.9683379251549646,0.02579203553019229
0.0022796508402047736,0.9815884464137972,0.01613190274599801
0.0008637832853905168,0.9891861736951231,0.009950043019486484
0.0003888531230478901,0.9929286175839387,0.00668252929301341
0.0001739071634037922,0.9953543471812651,0.004471745655331057
0.0,0.9970146159244531,0.0029853840755468554
0.0,0.9980103483883209,0.0019896516116791186
0.0,0.9986753415349814,0.0013246584650185385
0.0,0.9991186876454649,0.0008813123545352216
0.0,0.9994139225071682,0.0005860774928318804
0.0,0.9996103753122859,0.00038962468771404
0.0,0.9997410303610528,0.00025896963894720277
0.0,0.9998155950202555,0.00018440497974445396
0.0,0.9998686991865195,0.0001313008134804678
0.0,0.9998892084623052,0.0001107915376947092
0.0,1.0,0.0
