0.1,0.6,0.3
0.09935209447410766,0.6008202178261184,0.299827687699774
0.09713980432212561,0.6036779807212928,0.2991822149565816
0.09649931850595167,0.6045223367054722,0.2989783447885761
0.09140442697296325,0.6115295504445637,0.29706602258247305
0.05129565464437308,0.6917572969272744,0.2569470484283526
0.03228734719088392,0.7524296072578949,0.21528304555122124
0.015649475943326035,0.8277569787245598,0.15659354533211428
0.007245143188027537,0.8836645278113899,0.10909032900058256
0.002874564826935817,0.9273615868744096,0.06976384829865459
0.0008133755390586077,0.9616923157083838,0.03749430875255764
0.00048345220390472404,0.9705369848946895,0.028979562901405652
0.00025141462414142283,0.9788022554895364,0.020946329886322137
0.00010589081004535741,0.9862728007540433,0.013621308435911415
0.0,0.9912167886578533,0.008783211342146761
0.0,0.9943683543570901,0.005631645642909886
0.0,0.9964020565890284,0.0035979434109715816
0.0,0.9977066703297091,0.0022933296702909445
0.0,0.9985404012621527,0.0014595987378473705
0.0,0.9990719134999326,0.0009280865000673697
0.0,0.999410232429627,0.0005897675703729719
0.0,0.9996253668405293,0.0003746331594707651
0.0,0.9997384740421988,0.00026152595780113303
0.0,0.999817451954023,0.00018254804597685634
0.0,0.9998725888838794,0.00012741111612053698
0.0,1.0,0.0
