0.9,0.05,0.05
0.8987457634219325,0.051205588634353955,0.050048647943713595
0.8919189345777764,0.05778521060082523,0.05029585482139838
0.8904869774462714,0.05916874829392599,0.05034427425980274
0.8778684986698017,0.0714034344826677,0.05072806684753068
0.7763812840135008,0.17135982804868574,0.05225888793781339
0.6555248690462521,0.29234157738596156,0.052133553567786324
0.5297863009218873,0.4198977588799567,0.05031594019815608
0.33671063984502897,0.6193685092223951,0.04392085093257592
0.16034230765737723,0.8071808938548625,0.03247679848776029
0.08001404414369262,0.8963854383210942,0.023600517535213195
0.03379613021416289,0.9506207607523285,0.015583109033508577
0.014704480381844222,0.9749470448856157,0.010348474732540087
0.006256258255946483,0.9869717591361067,0.006771982607946822
0.0026291136198218867,0.9929739901828524,0.004396896197325748
0.0010971309248783837,0.9960602900107584,0.002842579064363219
0.0004559689430212717,0.9977107596012659,0.0018332714557128447
0.0001890398351278791,0.9986302923834912,0.0011806677813809765
0.0,0.9992402072643006,0.0007597927356993464
0.0,0.999511366044257,0.0004886339557428825
0.0,0.9996858450538689,0.00031415494613107195
0.0,0.9997980606241128,0.000201939375887169
0.0,0.9998702090595225,0.000129790940477488
0.0,1.0,0.0
