0.25,0.1,0.65
0.2516430441399058,0.09631302432553243,0.6520439315345619
0.26102840549740947,0.07650476548187167,0.6624668290207189
0.26256696295451265,0.07347378532489998,0.6639592517205873
0.2744165640918424,0.05236824072593663,0.673215195182221
0.2981763614272117,0.022801199747999937,0.6790224388247884
0.3184410889773885,0.009705779441470122,0.6718531315811415
0.336867052156172,0.004121969183612485,0.6590109786602155
0.34429496852469504,0.0028775449781335742,0.6528274864971714
0.34524361845881557,0.0027472271234447497,0.6520091544177397
0.35272375925389443,0.0019004374245524447,0.6453758033215531
0.36719719913734655,0.000919368184774049,0.6318834326778794
0.38222658172169593,0.00042647654634244466,0.6173469417319617
0.3965721480607178,0.00020250133011768506,0.6032253506091646
0.40605933324776744,0.00012300182310110233,0.5938176649291315
0.4068554088768319,0.0001179367169506371,0.5930266544062174
0.4131823767545021,0.0,0.5868176232454979
0.4261554278288733,0.0,0.5738445721711267
0.4398607611830248,0.0,0.5601392388169752
0.4528848661658356,0.0,0.5471151338341643
0.45706410140774467,0.0,0.5429358985922553
0.4582881439196698,0.0,0.5417118560803302
0.46786152578880397,0.0,0.532138474211196
0.4992382869505822,0.0,0.5007617130494179
0.5002928540362428,0.0,0.4997071459637572
0.5085370731375787,0.0,0.4914629268624214
0.5638330754960712,0.0,0.43616692450392885
0.6485838970096972,0.0,0.3514161029903028
0.6868559482842975,0.0,0.3131440517157026
0.687158960902396,0.0,0.312841039097604
0.6895370693714569,0.0,0.3104629306285432
0.705971801381218,0.0,0.294028198618782
0.7386490363927088,0.0,0.26135096360729115
0.7387767021025399,0.0,0.2612232978974602
0.7397801335557843,0.0,0.26021986644421563
0.7467813674198577,0.0,0.2532186325801424
0.7585510309661818,0.0,0.24144896903381807
0.7585510309661819,0.0,0.2414489690338181
0.7586143326756163,0.0,0.24138566732438377
0.7591116180619942,0.0,0.24088838193800577
0.7625642618201967,0.0,0.23743573817980335
0.771594341739988,0.0,0.22840565826001205
0.7745496269109021,0.0,0.2254503730890979
0.775119890501713,0.0,0.22488010949828685
0.7751605685521361,0.0,0.224839431447864
0.7751607535382418,0.0,0.2248392464617582
0.7751621370096695,0.0,0.22483786299033034
0.7751688112729582,0.0,0.2248311887270418
0.7751728684144079,0.0,0.22482713158559214
