0.55,0.25,0.2
0.5477299204817102,0.25183707971391345,0.20043299980437637
0.5392272645285782,0.25871889376776724,0.20205384170365445
0.5392272645285783,0.2587188937677673,0.20205384170365448
0.5369369132043608,0.26057295404097314,0.2024901327546661
0.5185335242675014,0.2754774806445842,0.2059889950879143
0.3728669647228866,0.3952575950836936,0.23187544019341969
0.2287204278895968,0.5299837111125902,0.2412958609978131
0.15455979150365243,0.6200606843189055,0.22537952417744217
0.1220597897602392,0.667733087837156,0.21020712240260486
0.06391194164673793,0.7721306378946706,0.16395742045859138
0.02343653694579517,0.8724813416060142,0.1040821214481905
0.008994668711081061,0.9253084324969507,0.06569689879196836
0.002478771951893954,0.9626431823197218,0.03487804572838419
0.0010685945597488763,0.9759452987751699,0.0229861066650812
0.0005424889200775254,0.9830478790499564,0.016409632029966075
0.0002468502461702086,0.9886672705614779,0.011085879192351976
0.00011115204530462384,0.9924425036927553,0.007446344261940074
0.0,0.9950174937332882,0.004982506266711863
0.0,0.9966750648951279,0.0033249351048721203
0.0,0.997785045488736,0.0022149545112640635
0.0,0.9985261885290493,0.0014738114709506825
0.0,0.9989399687296747,0.0010600312703253575
0.0,0.9992381707005783,0.0007618292994217337
0.0,0.9994526274435466,0.0005473725564534723
0.0,0.9995360583110665,0.0004639416889334917
0.0,0.9996769122001142,0.0003230877998858515
0.0,0.9997856082312475,0.00021439176875244473
0.0,0.9998577519906456,0.00014224800935440311
0.0,1.0,0.0
