0.65,0.25,0.1
0.6459440843773673,0.2540197539968846,0.10003616162574813
0.6266986753000471,0.27314910676569804,0.10015221793425505
0.626698675300047,0.273149106765698,0.10015221793425502
0.6223987955775478,0.2774356164831218,0.10016558793933027
0.5865356703417816,0.3133673382669261,0.10009699139129224
0.3825498354643072,0.5244217801081822,0.09302838442751059
0.1878668497499632,0.7397391448601585,0.07239400538987828
0.08412533315571946,0.8650907046216556,0.050783962222624886
0.032618583690421254,0.9350418931544233,0.03233952315515531
0.010375279335798565,0.9711952377645936,0.018429482899607923
0.004218086844573703,0.9839898958886969,0.011792017266729406
0.002248700890601486,0.9891295352059091,0.008621763903489392
0.0010005442066632377,0.9932421788641335,0.00575727692920325
0.00043924047169669844,0.9957436930759406,0.003817066452362629
0.00019203587812694192,0.9972830984714203,0.002524865650452633
0.0,0.9983322182328781,0.0016677817671219592
0.0,0.9988995586813506,0.0011004413186492994
0.0,0.9992743363893563,0.0007256636106436921
0.0,0.9995216651661153,0.0004783348338847443
0.0,0.9996847789475864,0.00031522105241355117
0.0,0.9997923062723129,0.00020769372768722282
0.0,0.999863169777356,0.00013683022264398672
0.0,1.0,0.0
