0.05,0.05,0.9
0.04789992752716785,0.0512598625451567,0.9008402099276754
0.036472101877619324,0.059846422723599996,0.9036814753987806
0.034924474943032614,0.061309831237783906,0.9037656938191835
0.024653659644974187,0.07411731952024456,0.9012290208347813
0.010755548743639314,0.11324605706356253,0.8759983941927981
0.004591687007651554,0.16814510848974973,0.8272632045025987
0.001997001273066303,0.2374468421078532,0.7605561566190806
0.0015649457229550416,0.2605099568007888,0.7379250974762561
0.0015002303589383304,0.26462181148008695,0.7338779581609747
0.0010731051886593728,0.29837053224536386,0.7005563625659768
0.0005317751550045493,0.3743494949285239,0.6251187299164715
0.0002526185093968093,0.4592853928697219,0.5404619886208812
0.00012381949998950786,0.5403832434512108,0.4594929370487996
0.0,0.5705513677804999,0.42944863221950014
0.0,0.5757202954130718,0.4242797045869282
0.0,0.6155653387343434,0.38443466126565656
0.0,0.7709268705449389,0.2290731294550611
0.0,0.7884329691067303,0.21156703089326967
0.0,0.7913265694863997,0.20867343051360027
0.0,0.8131579372685713,0.18684206273142873
0.0,0.8996134879130909,0.10038651208690898
0.0,0.899613487913091,0.10038651208690899
0.0,0.9010114226580486,0.09898857734195138
0.0,0.9115174665780259,0.08848253342197414
0.0,0.9525290121257276,0.04747098787427245
0.0,0.953189924809522,0.046810075190477994
0.0,0.9581553480825543,0.04184465191744571
0.0,0.9775096892289159,0.022490310771084057
0.0,0.9778222001068017,0.02217779989319838
0.0,0.980170513949076,0.019829486050924102
0.0,0.990326507604302,0.009673492395698006
0.0,0.9957145144356184,0.004285485564381608
0.0,0.9981360856062683,0.0018639143937316698
0.0,0.9991891192560827,0.0008108807439173486
0.0,0.9996471952739702,0.00035280472602977706
0.0,0.9998464916139203,0.0001535083860797357
0.0,1.0,0.0
