0.5,0.05,0.45
0.48899625843009675,0.05165247254063685,0.45935126902926643
0.4220514300872572,0.06273229336820449,0.5152162765445383
0.41124995386896623,0.06471092567228987,0.5240391204587439
0.32849138473499784,0.08222736016382762,0.5892812551011746
0.16507535413633612,0.14043242373426668,0.6944922221293972
0.07505264024200013,0.21636302064770713,0.7085843391102927
0.029763147508569184,0.3171542409714079,0.6530826115200229
0.015222538804895264,0.39546810928298703,0.5893093519121176
0.007923361254654605,0.47283991331214864,0.5192367254331968
0.0042125748506323946,0.5458988262631546,0.449888598886213
0.0022888266387554763,0.612470030760778,0.3852411426004665
0.0012693552600776554,0.6715246084471092,0.32720603629281314
0.0007171255441850213,0.7229023483679754,0.27638052608783964
0.0004082614141053613,0.7676315603218856,0.23196017826400908
0.00023141964395582694,0.8067589868380295,0.19300959351801467
0.00011629540135830691,0.8466525997813528,0.153231104817289
0.0,0.880177096020097,0.11982290397990301
0.0,0.9072931287442685,0.09270687125573145
0.0,0.9289150390500474,0.07108496094995267
0.0,0.945485696328659,0.05451430367134099
0.0,0.9582360987729784,0.04176390122702164
0.0,0.9681470936215109,0.03185290637848911
0.0,0.9758130300531122,0.024186969946887904
0.0,0.9817095121086816,0.018290487891318402
0.0,0.986225635827316,0.013774364172683944
0.0,0.9896758354640985,0.01032416453590146
0.0,0.9923114260910786,0.007688573908921428
0.0,0.9943334217395523,0.0056665782604476776
0.0,0.9951859625510397,0.00481403744896027
0.0,0.9962050636863466,0.003794936313653285
0.0,0.9971990287703836,0.0028009712296165027
0.0,0.9979325612301966,0.0020674387698034
0.0,0.998473940572422,0.0015260594275779867
0.0,0.9988735258832354,0.001126474116764565
0.0,0.9991684676832334,0.0008315323167665334
0.0,0.999386177109722,0.0006138228902780208
0.0,0.9995468818154644,0.00045311818453569566
0.0,0.9996655099486822,0.0003344900513177917
0.0,0.9997534745292802,0.00024652547071975277
0.0,0.9998191927122025,0.00018080728779744503
0.0,0.9998687717853565,0.0001312282146435249
0.0,1.0,0.0
