0.35,0.35,0.3
0.34108975824631893,0.3569390542285922,0.30197118752508884
0.293465018867663,0.395911603777938,0.31062337735439893
0.28542364233429884,0.4028380870957177,0.3117382705699834
0.22646732585758822,0.457351670233614,0.3161810039087977
0.11622907139229588,0.5864557587028126,0.2973151699048915
0.052129499969032905,0.6988063807900697,0.24906411924089739
0.022109665242676782,0.7833397335186153,0.19455060123870793
0.011014891895220414,0.8334040400795776,0.15558106802520202
0.005552355434854659,0.8710302691698906,0.12341737539525485
0.0027851565884256533,0.9002343381536114,0.09698050525796298
0.0013917124782291104,0.9229171202809976,0.0756911672407734
0.0006897319960487605,0.9406394351480372,0.0586708328559142
0.0003378190890880751,0.9545127473602983,0.045149433550613696
0.00023697664818022593,0.9601558517331646,0.03960717161865502
0.0001181669398547461,0.9692916215671835,0.030590211492961657
0.0,0.9769639531982115,0.023036046801788494
0.0,0.982763262082036,0.017236737917963974
0.0,0.9871416935640808,0.012858306435919231
0.0,0.9904281691019939,0.009571830898006064
0.0,0.9928861587724337,0.0071138412275662906
0.0,0.9947196772254169,0.005280322774583055
0.0,0.9960846888662469,0.00391531113375303
0.0,0.9970994548149635,0.002900545185036376
0.0,0.9978531081388544,0.0021468918611456432
0.0,0.9984108834362514,0.0015891165637485745
0.0,0.9988237150126071,0.0011762849873928917
0.0,0.99912928165148,0.0008707183485200536
0.0,0.9993554612448258,0.0006445387551741917
0.0,0.9995228829073589,0.00047711709264101253
0.0,0.9996485391248692,0.00035146087513087656
0.0,0.9997008092821145,0.000299190717885524
0.0,0.9997653741335053,0.0002346258664947202
0.0,0.9998272144867301,0.00017278551326987718
0.0,0.9998727551996619,0.0001272448003381463
0.0,1.0,0.0
