0.4,0.35,0.25
0.39075861984056287,0.357175826855553,0.25206555330388414
0.34111295516375384,0.39727313535766295,0.2616139094785833
0.33251562028090265,0.404504991275258,0.26297938844383945
0.2683722983345832,0.46164095719847353,0.2699867444669432
0.1427172735291083,0.5973688091183198,0.2599139173525719
0.0686915573547635,0.708059673782457,0.2232487688627795
0.027323104271805065,0.8011851032917499,0.17149179243644505
0.013460474626676808,0.8501744817619812,0.13636504361134208
0.006692388760508074,0.8858925054979137,0.10741510574157827
0.003359314519226824,0.9123955108826396,0.08424517459813367
0.0017006898466801633,0.9323526783584826,0.06594663179483733
0.0008436521127455105,0.9480917025291891,0.05106464535806545
0.0004137273930912756,0.9603147181115814,0.03927155449532725
0.00020395487228595894,0.9695934610147294,0.03020258411298463
0.0,0.9772728680817576,0.022727131918242383
0.0,0.9828974677051877,0.017102532294812296
0.0,0.987127515113799,0.012872484886201019
0.0,0.9903097794013641,0.0096902205986359
0.0,0.9927044243161319,0.0072955756838680415
0.0,0.9945067676062181,0.005493232393781848
0.0,0.9958635369624022,0.004136463037597867
0.0,0.9968850187924596,0.003114981207540402
0.0,0.9976541466234314,0.002345853376568541
0.0,0.9982333079493444,0.001766692050655581
0.0,0.9986694478928441,0.0013305521071559417
0.0,0.9989978995014193,0.001002100498580638
0.0,0.999245260656993,0.0007547393430069711
0.0,0.999431556277652,0.0005684437223480045
0.0,0.9995726412557233,0.00042735874427660505
0.0,0.9996804676726557,0.00031953232734424007
0.0,0.9997610873480782,0.0002389126519217654
0.0,0.9997949969996818,0.00020500300031826388
0.0,0.9998376649824309,0.00016233501756917146
0.0,0.9998802772106509,0.00011972278934904498
0.0,1.0,0.0
