0.2,0.4,0.4
0.19371215114005969,0.4062637208594373,0.4000241280005031
0.16077034266614076,0.4416047444597485,0.3976249128741108
0.15554993068481987,0.4476528632363831,0.3967972060787971
0.11892491308010063,0.49458729148901737,0.386487795430882
0.04634586524770893,0.6312416045556918,0.3224125301965992
0.021440302591838135,0.7161217523343126,0.26243794507384927
0.015873167585012383,0.7439393504583189,0.24018748195666872
0.015344099557815278,0.7469100638359114,0.23774583660627338
0.01171542541834852,0.7694281944639337,0.2188563801177178
0.00578806148692751,0.8197052347543119,0.17450670375876046
0.0027038868105846484,0.8622945813343128,0.13500153185510266
0.0017548018908832993,0.8820366906695037,0.11620850743961307
0.0016995501322529139,0.8833850077109956,0.11491544215675156
0.0013170271074415263,0.8936173199450362,0.10506565294752229
0.0006502163848259355,0.9176437791332234,0.08170600448195074
0.00029915729142312894,0.9380229714933027,0.061677871215274016
0.00021910522186929644,0.9447396078574914,0.05504128692063916
0.00021910522186929646,0.9447396078574916,0.055041286920639164
0.00021243619240971596,0.945366237349033,0.05442132645855728
0.00016597532452223667,0.9501270183648878,0.04970700631058995
0.0,0.9619118155706272,0.0380881844293728
0.0,0.9716809366548617,0.02831906334513834
0.0,0.973927484433166,0.026072515566833977
0.0,0.9742898985039361,0.025710101496063915
0.0,0.9770130955450117,0.02298690445498828
0.0,0.9887833098575064,0.011216690142493602
0.0,0.9950283974233619,0.004971602576638139
0.0,0.9978369049326935,0.0021630950673065994
0.0,0.9990585957623367,0.0009414042376633732
0.0,0.9995902392220282,0.00040976077797191704
0.0,0.999821635606359,0.0001783643936409544
0.0,1.0,0.0
