0.55,0.05,0.4
0.5392227759453062,0.0516766231224719,0.409100600932222
0.4724871338380533,0.06297581936283071,0.46453704679911606
0.46153177929432576,0.06500232260450416,0.4734658981011702
0.37582027614950214,0.08302709671944751,0.5411526271310504
0.18437792075785917,0.14978169428247495,0.6658403849596659
0.09557170983269453,0.2176742549454096,0.6867540352218959
0.04336775120347475,0.30658979533346975,0.6500424534630556
0.017951274496648666,0.4116384931137501,0.5704102323896013
0.008840469713165352,0.49621255917607654,0.4949469711107582
0.0044623085509751265,0.5743823662958883,0.4211553251531366
0.002224640580331631,0.6476644325457867,0.35011092687388173
0.0011380511650223378,0.7104778519786039,0.2883840968563738
0.000582986718681621,0.7648111029391321,0.23460591034218634
0.0003040892135814173,0.8096698382789204,0.19002607250749826
0.00015766311256663654,0.8474375365152685,0.1524048003721648
0.0,0.8791451396307383,0.1208548603692617
0.0,0.9043504263423104,0.0956495736576895
0.0,0.9248563212478932,0.07514367875210681
0.0,0.9424860225177774,0.05751397748222259
0.0,0.9559688041558467,0.04403119584415318
0.0,0.9662815365450917,0.033718463454908185
0.0,0.9741720537273396,0.02582794627266031
0.0,0.9802596707266026,0.01974032927339739
0.0,0.9849566939756601,0.015043306024339962
0.0,0.9885682071477712,0.011431792852228779
0.0,0.9913341863920756,0.008665813607924405
0.0,0.9934453252394321,0.006554674760567943
0.0,0.9950417278373992,0.0049582721626008205
0.0,0.9962490744771354,0.0037509255228646027
0.0,0.9971622856313284,0.0028377143686715966
0.0,0.9978530799781417,0.002146920021858401
0.0,0.9983756635810805,0.0016243364189195279
0.0,0.9987779805760978,0.0012220194239022486
0.0,0.9990816829379793,0.0009183170620207215
0.0,0.9993098983149566,0.0006901016850433924
0.0,0.9994880913391427,0.0005119086608572678
0.0,0.999620269506943,0.00037973049305697404
0.0,0.9997183166677666,0.00028168333223341165
0.0,0.999791046900842,0.0002089530991580642
0.0,0.9998450771423875,0.0001549228576125511
0.0,0.9998862990558757,0.00011370094412428431
0.0,1.0,0.0
