0.6,0.05,0.35
0.5896961232334578,0.051694717565758025,0.3586091592007841
0.5247253923784622,0.06318080122453315,0.41209380639700466
0.5138798356743736,0.0652488226722937,0.4208713416533327
0.42714349432535165,0.08374158556527411,0.4891149201093743
0.2616076026959001,0.13456286280697036,0.6038295344971295
0.13942680949202263,0.20377115040486585,0.6568020401031115
0.07013709520685929,0.2840167951841307,0.64584610960901
0.03617303662305525,0.36449973819998893,0.5993272251769558
0.018778055833890816,0.44491014892682,0.5363117952392892
0.009304579662831908,0.5287642069025882,0.4619312134345799
0.004723307583055046,0.6046520964258251,0.3906245959911199
0.002456464068175869,0.6710746246392653,0.32646891129255884
0.0012913816573785954,0.728821442464713,0.2698871758779084
0.0006768047344581344,0.7789123757013797,0.22041081956416222
0.00035080017681895674,0.8219333792397263,0.17771582058345467
0.0001732892488512799,0.8599379601215403,0.13988875062960837
0.0,0.8901845236566402,0.10981547634335974
0.0,0.9148164130925036,0.08518358690749639
0.0,0.9342048111903266,0.0657951888096735
0.0,0.9424989442257284,0.05750105577427156
0.0,0.9542135668712138,0.04578643312878619
0.0,0.9651995682788387,0.034800431721161325
0.0,0.9738195504710181,0.026180449528981905
0.0,0.9803938081189552,0.019606191881044798
0.0,0.9853627960300375,0.01463720396996251
0.0,0.9890985405275712,0.010901459472428791
0.0,0.9918962003650924,0.008103799634907666
0.0,0.9939852045434271,0.006014795456572852
0.0,0.9955416981762661,0.004458301823733851
0.0,0.9966951773687424,0.0033048226312576293
0.0,0.9975500937735816,0.0024499062264183268
0.0,0.9981837831317134,0.001816216868286629
0.0,0.998653524052303,0.0013464759476969242
0.0,0.9990017509019888,0.000998249098011106
0.0,0.9992620329666709,0.0007379670333290193
0.0,0.9993693522509651,0.0006306477490348539
0.0,0.9995081642947147,0.0004918357052853442
0.0,0.9996383439417099,0.00036165605829006567
0.0,0.9997340658306948,0.00026593416930521514
0.0,0.9998044514801647,0.00019554851983533323
0.0,0.9998565332008315,0.00014346679916858282
0.0,0.9998957385998993,0.00010426140010069415
0.0,1.0,0.0
