0.2,0.45,0.35
0.19386022818777648,0.4564062417389273,0.3497335300732962
0.16194857786844735,0.4918747532926626,0.34617666883889003
0.15682200349542605,0.497959126484828,0.34521887001974594
0.12072558498834227,0.5446887310565125,0.33458568395514526
0.047401939627208886,0.6777895307089361,0.2748085296638551
0.02181347604616272,0.7573025518425982,0.22088397211123922
0.010175566700895906,0.8160724756073519,0.17375195769175236
0.0048240846708692085,0.8598192183062972,0.1353566970228337
0.0023213028287087274,0.892684910947398,0.1049937862238932
0.001131047014115982,0.9175741876931306,0.08129476529275335
0.0005568044864263502,0.936539975427967,0.06290322008560659
0.000265418519011896,0.9517803416499381,0.04795423983104994
0.00012739954303395677,0.9633107251846688,0.03656187527229714
0.0,0.9721167699862979,0.02788323001370212
0.0,0.9787750935129663,0.021224906487033682
0.0,0.9840302013008613,0.01596979869913874
0.0,0.986319628616782,0.01368037138321798
0.0,0.9891645827600123,0.010835417239987766
0.0,0.9919766677694741,0.00802333223052587
0.0,0.9940582290337947,0.00594177096620529
0.0,0.9955993524090497,0.004400647590950224
0.0,0.9967405288609344,0.0032594711390656478
0.0,0.9975856505959781,0.002414349404021803
0.0,0.9982115784696277,0.0017884215303722586
0.0,0.9986754885139216,0.001324511486078405
0.0,0.9990193458118362,0.0009806541881638147
0.0,0.9992741551325419,0.000725844867458033
0.0,0.999462944395003,0.0005370556049969878
0.0,0.9996028152517269,0.0003971847482730562
0.0,0.9997064605335503,0.0002935394664496781
0.0,0.999783058537264,0.00021694146273597826
0.0,0.9998396680034711,0.00016033199652896194
0.0,0.9998815052796117,0.0001184947203883096
0.0,1.0,0.0
