0.5,0.1,0.4
0.4892770803160493,0.10309269756505574,0.40763022211889505
0.42520015000357336,0.12312365251013603,0.45167619748629073
0.4146660214362652,0.12670444266165917,0.4586295359020757
0.3339063258230615,0.15762331849052869,0.5084703556864099
0.17481464871701208,0.24966727754929474,0.5755180737336932
0.08401373256395295,0.35207531102182205,0.5639109564142251
0.03483517108958997,0.4695616023462993,0.4956032265641107
0.01467193870374587,0.5751150530792903,0.41021300821696377
0.006378923823407265,0.6643455117166129,0.3292755644599799
0.0028666106359118183,0.7369999514006799,0.26013343796340826
0.0013264584971448853,0.7948510914998658,0.20382245000298935
0.0006288211472612608,0.8403337174001131,0.1590374614526256
0.00030394390055979865,0.8758486882654496,0.12384736783399061
0.00014918445889625228,0.9034864144987724,0.09636440104233136
0.0,0.9253016900313468,0.07469830996865327
0.0,0.9426266008907255,0.05737339910927451
0.0,0.9559298243723938,0.04407017562760608
0.0,0.9664640066146054,0.03353599338539453
0.0,0.9708210208031656,0.02917897919683439
0.0,0.9769576558653729,0.02304234413462713
0.0,0.9826349008776503,0.017365099122349747
0.0,0.9870294051419009,0.012970594858099172
0.0,0.9903407045853461,0.009659295414653914
0.0,0.99281914490363,0.007180855096369982
0.0,0.994668370269651,0.005331629730348965
0.0,0.9960452263178164,0.003954773682183564
0.0,0.9970688145049529,0.0029311854950471064
0.0,0.9978289402343736,0.0021710597656264315
0.0,0.9983929952981699,0.001607004701830088
0.0,0.9988113760543079,0.0011886239456920542
0.0,0.9991208149897425,0.0008791850102575683
0.0,0.9993496871076958,0.0006503128923042127
0.0,0.9995189733729575,0.0004810266270426156
0.0,0.9996441890349758,0.0003558109650243435
0.0,0.9997368083548246,0.0002631916451753252
0.0,0.9998072150812479,0.00019278491875212607
0.0,0.999837084189602,0.0001629158103979748
0.0,0.9998726126016603,0.00012738739833973288
0.0,1.0,0.0
