0.55,0.1,0.35
0.5395387692931197,0.10313827253279544,0.3573229581740848
0.47601425825871274,0.12355157810636751,0.4004341636349198
0.4653839308349792,0.12722105413336904,0.4073950150316518
0.3821866372532764,0.15906621710644914,0.4587471456402746
0.2000947336230379,0.26128802910702553,0.5386172372699366
0.10772300239490715,0.35468437023887955,0.5375926273662133
0.05112695761694217,0.45982957973209015,0.48904346265096765
0.021423318899768756,0.5702902896115983,0.40828639148863294
0.011429816483153422,0.6406253352054674,0.3479448483113792
0.005623680684583025,0.7098694977228261,0.2845068215925908
0.002831076980436887,0.7666685854412797,0.23050033757828337
0.00145399361822871,0.8127487782551281,0.18579722812664307
0.000744767604930723,0.8508934210321942,0.14836181136287502
0.0003758452677723848,0.8825462586172916,0.11707789611493598
0.00018758001236111654,0.9082709495652128,0.09154147042242607
0.0,0.9290105597921667,0.07098944020783325
0.0,0.945378627988991,0.05462137201100895
0.0,0.9582828915416457,0.04171710845835431
0.0,0.9683845427649128,0.031615457235087276
0.0,0.9762616608380732,0.023738339161926754
0.0,0.9824164411260706,0.017583558873929286
0.0,0.9850660467771194,0.014933953222880528
0.0,0.9881572420441943,0.01184275795580573
0.0,0.9911036991092134,0.00889630089078668
0.0,0.9933783149778769,0.00662168502212317
0.0,0.995082567545117,0.0049174324548829675
0.0,0.996351934777105,0.0036480652228948907
0.0,0.9972954637454589,0.002704536254541074
0.0,0.9979959805205845,0.002004019479415537
0.0,0.9985156585874767,0.0014843414125232494
0.0,0.9989009652275281,0.0010990347724718055
0.0,0.999186539391933,0.0008134606080669784
0.0,0.9993981565673448,0.0006018434326553061
0.0,0.9995549733942023,0.00044502660579771587
0.0,0.9996712175460346,0.0003287824539654964
0.0,0.999757096554234,0.00024290344576601456
0.0,0.9998205429669045,0.00017945703309555654
0.0,0.9998674167697352,0.00013258323026478405
0.0,1.0,0.0
