0.7,0.1,0.2
0.6917729835336585,0.10317506515146217,0.20505195131487944
0.6395063098827835,0.12407072941219884,0.23642296070501778
0.63031093182746,0.12788479777992626,0.24180427039261365
0.5534329450720215,0.16160631143111417,0.2849607434968643
0.34652716834360775,0.2747620222261309,0.3787108094302615
0.1873884201317987,0.4033578408077031,0.4092537390604983
0.09364436988819638,0.5232314286049573,0.38312420150684634
0.04293204375446837,0.6311050929008295,0.32596286334470215
0.017719175481715244,0.725918956438341,0.2563618680799437
0.007488980592090928,0.7960568464980395,0.19645417290986958
0.003245020143307925,0.8478416777201778,0.14891330213651427
0.0014364261219884083,0.8861918053692392,0.11237176850877234
0.0006467732829741544,0.9147003596929778,0.08465286702404806
0.0002950905361028416,0.9359648115170204,0.06374009794687678
0.0001360034066648345,0.9518694884168156,0.04799450817651952
0.0,0.9638515923786547,0.03614840762134524
0.0,0.9727693495580051,0.02723065044199487
0.0,0.9794815959298776,0.020518404070122436
0.0,0.9822178389936231,0.017782161006376872
0.0,0.9859657658602536,0.014034234139746353
0.0,0.9896021224046355,0.010397877595364436
0.0,0.992295122654159,0.0077048773458411055
0.0,0.9942899922941753,0.005710007705824729
0.0,0.995768000421764,0.0042319995782359185
0.0,0.99686322629318,0.003136773706820021
0.0,0.9976754742103924,0.0023245257896076805
0.0,0.9982781036168732,0.0017218963831267685
0.0,0.9987250098879608,0.0012749901120392498
0.0,0.9990562977968065,0.0009437022031935398
0.0,0.999301819653049,0.0006981803469510623
0.0,0.9994837711279329,0.0005162288720671369
0.0,0.9996183013012208,0.0003816986987791477
0.0,0.9997177708797819,0.0002822291202181607
0.0,0.9997913179939997,0.00020868200600026186
0.0,0.9998456986619517,0.00015430133804831845
0.0,0.9998859285772136,0.00011407142278637482
0.0,1.0,0.0
