0.35,0.15,0.5
0.3401977046806098,0.15403371826204046,0.5057685770573498
0.28489491362895136,0.17921855494551114,0.5358865314255375
0.27616463622816007,0.18363458373002595,0.540200780041814
0.21279450381527967,0.22056907238256102,0.5666364238021593
0.10688818933683905,0.31720548735672394,0.575906323306437
0.04727968805881669,0.42800596666209695,0.5247143452790863
0.02286264950314823,0.5207041902149855,0.45643316028186637
0.011261601612644672,0.6032619255075333,0.385476472879822
0.005676561093523452,0.6742831768508141,0.3200402620556625
0.0029269312658241563,0.7339879840501715,0.2630850846840044
0.0015401442212768608,0.783436653301059,0.21502320247766415
0.0008245450552601952,0.8240177596430418,0.1751576953016981
0.0004263068632382826,0.859548206248828,0.14002548688793362
0.00030270237252863865,0.8753356181372075,0.12436167949026378
0.00015380312771606878,0.901875092031713,0.09797110484057084
0.0,0.9245173476401526,0.07548265235984741
0.0,0.942399880915589,0.05760011908441102
0.0,0.9563471550070698,0.04365284499293018
0.0,0.9671031024633266,0.03289689753667334
0.0,0.9753241188310307,0.024675881168969325
0.0,0.9814857983358802,0.018514201664119753
0.0,0.9861058503433687,0.013894149656631305
0.0,0.9895711872991023,0.010428812700897693
0.0,0.992171158891751,0.00782884110824905
0.0,0.9941272688895475,0.005872731110452519
0.0,0.9956082998138107,0.004391700186189231
0.0,0.9967322191873742,0.0032677808126258608
0.0,0.997589218030158,0.00241078196984203
0.0,0.9979469727146614,0.002053027285338599
0.0,0.9983889376534135,0.0016110623465865144
0.0,0.9988127060901887,0.0011872939098113145
0.0,0.9991249904309607,0.0008750095690392516
0.0,0.999355127618163,0.0006448723818369847
0.0,0.999524730995681,0.0004752690043190998
0.0,0.9996497253519561,0.0003502746480439891
0.0,0.9997418450232712,0.00025815497672881086
0.0,0.9998097370597379,0.00019026294026215952
0.0,0.9998597737527439,0.00014022624725605886
0.0,0.9998970823843154,0.00010291761568458275
0.0,1.0,0.0
