0.4,0.15,0.45
0.3897356449685852,0.154149670444682,0.4561146845867328
0.33111552220013246,0.18005570096567092,0.4888287768341967
0.32166966538094627,0.1846339008407648,0.493696433778289
0.2518848542794479,0.22303031246486818,0.525084833255684
0.130570380330229,0.3231929453447507,0.5462366743250204
0.062362905278437124,0.42932124661466414,0.5083158481068988
0.030191151742483966,0.5250868190567889,0.4447220292007272
0.01746889219078698,0.5908204948495714,0.39171061295964166
0.008972881137670573,0.6625412509965437,0.32848586786578565
0.004703361998262464,0.7230239010705813,0.2722727369311561
0.0025126636705206412,0.7733227246758869,0.22416461165359247
0.0013497322233325065,0.8154853526142972,0.18316491516237035
0.0007209529467088034,0.8509797095083661,0.14829933754492503
0.00036938566402228303,0.8819806762891392,0.11764993804683842
0.0001916288002507944,0.9065316297422386,0.09327674145751058
0.0,0.9281583465231695,0.07184165347683039
0.0,0.9446706483952084,0.05532935160479156
0.0,0.9573775069306052,0.04262249306939484
0.0,0.9672528817941244,0.03274711820587565
0.0,0.9749447074643804,0.025055292535619486
0.0,0.9809087687116734,0.019091231288326602
0.0,0.9854502672635648,0.014549732736435223
0.0,0.9889096158564684,0.011090384143531562
0.0,0.9915453721541544,0.008454627845845664
0.0,0.9935540511872111,0.006445948812788915
0.0,0.9950851080751081,0.004914891924891838
0.0,0.9962573546085912,0.0037426453914087944
0.0,0.9971586693721876,0.0028413306278124648
0.0,0.9978537418897327,0.0021462581102671924
0.0,0.9983936054278362,0.0016063945721638052
0.0,0.9987976441657432,0.001202355834256802
0.0,0.9991000431122901,0.0008999568877099435
0.0,0.9993263778929146,0.0006736221070854736
0.0,0.9994957854045864,0.0005042145954136172
0.0,0.9996225861480602,0.00037741385193983026
0.0,0.9997174971957815,0.00028250280421842516
0.0,0.9997885393477622,0.0002114606522377868
0.0,0.9998417581223974,0.00015824187760260356
0.0,0.9998818509914339,0.00011814900856610161
0.0,1.0,0.0
