0.45,0.15,0.4
0.43952652421052707,0.154250411939433,0.4062230638500399
0.37891929382906037,0.18082093559764117,0.44025977057329846
0.36895706938455075,0.1855525920598299,0.44549033855561937
0.2939755700345765,0.2253822521476187,0.48064217781780466
0.15571829372100554,0.331446838374087,0.5128348679049075
0.07746031098693544,0.4381151084214025,0.4844245805916621
0.038055116746548406,0.535354648886397,0.42659023436705457
0.018872156604342966,0.619665589617495,0.3614622537781621
0.009331452343989782,0.6926016731969943,0.298066874459016
0.0046915948298343335,0.7528237761503448,0.24248462901982093
0.0023775544084341776,0.802426785611109,0.19519565998045685
0.0012000417772650661,0.8433947080554988,0.15540525016723625
0.000615346106008682,0.8758938347122802,0.12349081918171112
0.00031351375639236873,0.9023075603111467,0.097378925932461
0.00015731695481261115,0.9237973566888058,0.07604532635638162
0.0,0.9406216992767692,0.05937830072323087
0.0,0.9539697143938021,0.04603028560619797
0.0,0.9652096635870608,0.03479033641293914
0.0,0.9698771638401469,0.030122836159853117
0.0,0.9762654750839543,0.023734524916045725
0.0,0.9821150663786655,0.017884933621334496
0.0,0.9866389553039292,0.01336104469607087
0.0,0.9900483672693373,0.009951632730662735
0.0,0.9926009232279182,0.007399076772081844
0.0,0.9945058710901543,0.0054941289098456875
0.0,0.9959244576117511,0.004075542388248839
0.0,0.9969792051462292,0.0030207948537707757
0.0,0.9977625467616629,0.002237453238337107
0.0,0.9983438740534857,0.0016561259465142936
0.0,0.9987750941090306,0.0012249058909693808
0.0,0.9990940154023636,0.0009059845976364242
0.0,0.9993298910998715,0.0006701089001285964
0.0,0.9995043503951032,0.0004956496048968338
0.0,0.99963338713162,0.0003666128683800163
0.0,0.9997288289738732,0.00027117102612677854
0.0,0.9998014726023883,0.00019852739761178735
0.0,0.9998323588795491,0.0001676411204507956
0.0,0.999867970298894,0.00013202970110598336
0.0,1.0,0.0
