0.55,0.2,0.25
0.5402077778394492,0.2054541641489129,0.2543380580116379
0.4831401746306514,0.23862104189993244,0.2782387834694162
0.47319848253275365,0.24465842829829904,0.28214308916894737
0.3952337398238449,0.29510930658260204,0.3096569535935531
0.21889314219684794,0.4385133136501707,0.34259354415298143
0.11014914332862807,0.5678577566851084,0.3219930999862635
0.052490498570961774,0.6727105073943327,0.27479899403470553
0.023900641974384032,0.7552853380477446,0.22081401997787137
0.011020750275170254,0.8157567564934284,0.17322249323140132
0.005164286187221725,0.8603894314301903,0.13444628238258793
0.0024566884627883452,0.8936784306727952,0.10386488086441648
0.001172033487822362,0.9190251573777716,0.07980280913440611
0.0005545394723862874,0.9385921983954579,0.06085326213215575
0.00026465606513213205,0.953338340853185,0.04639700308168281
0.00012683393837631548,0.9645275008103434,0.03534566525128025
0.0,0.9731967395978351,0.026803260402164894
0.0,0.9796720510768377,0.020327948923162246
0.0,0.9845797162055407,0.015420283794459252
0.0,0.9883536273337591,0.011646372666240926
0.0,0.9912879638158728,0.008712036184127166
0.0,0.9924851466238805,0.0075148533761194855
0.0,0.9940645187033685,0.0059354812966314445
0.0,0.9956143781492668,0.004385621850733219
0.0,0.9967593161590207,0.0032406838409793416
0.0,0.9976052244928799,0.0023947755071200547
0.0,0.9982302583531079,0.0017697416468921566
0.0,0.9986921211041981,0.0013078788958018955
0.0,0.9990334272354771,0.0009665727645229719
0.0,0.9992856541576042,0.0007143458423957859
0.0,0.999472056268385,0.0005279437316149653
0.0,0.9996098150018494,0.00039018499815060873
0.0,0.9997116258546838,0.00028837414531618496
0.0,0.9997868702075845,0.000213129792415454
0.0,0.9998424807814267,0.0001575192185732757
0.0,0.9998836313607281,0.00011636863927192331
0.0,1.0,0.0
