0.7000000000000001,0.20000000000000004,0.10000000000000002
0.692610763646063,0.20537010894937718,0.10201912740455991
0.6485213322717108,0.23790228850673129,0.11357637922155799
0.6485213322717107,0.23790228850673123,0.11357637922155796
0.6403930100400135,0.2439938083859064,0.11561318157408024
0.5727079663579623,0.2959131876096814,0.13137884603235636
0.3600884754849115,0.4753351995043321,0.16457632501075647
0.19413450740664773,0.6407651203602438,0.16510037223310858
0.09557968599244018,0.7608413167979248,0.14357899720963507
0.04494952993256707,0.8393658608610902,0.11568460920634267
0.017608446232686797,0.897542095172557,0.08484945859475619
0.006915892779633993,0.9320870071017835,0.060997100118582503
0.003215762714782156,0.9505983554864509,0.046185881798766926
0.0017202271548815958,0.9615926368843889,0.03668713596072949
0.0008109997499114131,0.9714357207001909,0.02775327954989769
0.0003746422241339705,0.9788257893456116,0.02079956843025447
0.0001720739585025805,0.984292822622201,0.015535103419296486
0.0,0.9884220138500872,0.011577986149912789
0.0,0.991387398174865,0.008612601825135029
0.0,0.9936021861162971,0.006397813883702884
0.0,0.9952528392748629,0.004747160725137197
0.0,0.9964810237796764,0.0035189762203235823
0.0,0.997393768636712,0.0026062313632879835
0.0,0.9980715562600121,0.001928443739987977
0.0,0.9985730309760188,0.0014269690239812752
0.0,0.9989440770675032,0.0010559229324967774
0.0,0.999218628781334,0.0007813712186658791
0.0,0.9994217865677807,0.0005782134322193354
0.0,0.9995721908454478,0.000427809154552189
0.0,0.9996867656816462,0.0003132343183538377
0.0,0.9997355028240732,0.00026449717592676706
0.0,0.9997905576720859,0.00020944232791404808
0.0,0.9998455051048535,0.00015449489514656844
0.0,0.9998860367192077,0.00011396328079223051
0.0,1.0,0.0
