0.05,0.25,0.7
0.04801844813490017,0.2543055951807916,0.6976759566843083
0.03751571763280857,0.2810709948216419,0.6814132875455496
0.03602638092040835,0.28553896304243287,0.6784346560371589
0.0260758092317929,0.3218604582347106,0.6520637325334965
0.0120999391946642,0.41143503423159933,0.5764650265737365
0.005530307982817631,0.5035713743616143,0.49089831765556813
0.0026098383816758734,0.5880136722318866,0.4093764893864375
0.002442231011089233,0.5951590361985728,0.402398732790338
0.0023535460073401105,0.5991142564683343,0.3985321975243256
0.001755598600783606,0.62974314620401,0.36850125519520643
0.0008943875154947666,0.6948309283760324,0.30427468410847275
0.00043265141725872425,0.7557159654360615,0.24385138314667998
0.0002244719556341844,0.8022934297584023,0.19748209828596355
0.00021707965546010426,0.8044612625775098,0.1953216577670299
0.0001663382780298959,0.8210000926106739,0.1788335691112963
0.0,0.8583014000943303,0.14169859990566966
0.0,0.8909930170419192,0.1090069829580808
0.0,0.9063674619093565,0.09363253809064355
0.0,0.9076716996095102,0.09232830039048978
0.0,0.9174726410415602,0.08252735895843978
0.0,0.9557178128945027,0.04428218710549726
0.0,0.9563342164527221,0.04366578354727796
0.0,0.9609652958942457,0.03903470410575428
0.0,0.9790165582037195,0.020983441796280568
0.0,0.9793080854729417,0.02069191452705831
0.0,0.9814987601896977,0.018501239810302272
0.0,0.9909758656899923,0.009024134310007675
0.0,0.9960031450205389,0.003996854979461157
0.0,0.9982618912963547,0.0017381087036453357
0.0,0.9992439792792711,0.0007560207207288347
0.0,0.9996711228054839,0.00032887719451613344
0.0,0.9998569286213378,0.00014307137866215855
0.0,1.0,0.0
