0.25,0.25,0.5
0.2421684195873533,0.25535601501478095,0.5024755653978658
0.19981868787719978,0.28729716780621173,0.5128841443165885
0.19322085985516993,0.2928036534154899,0.5139754867293401
0.1466601200745199,0.3371770156915098,0.5161628642339703
0.06595495522703622,0.45680263804436155,0.47724240672860213
0.02999587272115578,0.561017507611594,0.40898661966725025
0.01666689739536519,0.6293966039148723,0.3539364986897626
0.00848980323903322,0.697955371902614,0.2935548248583527
0.0043465663384603965,0.755802949803271,0.23985048385826846
0.002237287207990875,0.8038263222705632,0.19393639052144607
0.0011482272593915334,0.8436162846858181,0.15523548805479048
0.0005842317702261877,0.8764070203253063,0.12300874790446759
0.00028726834934710536,0.9039427728561228,0.09576995879453015
0.00014293146465037084,0.925316665779396,0.07454040275595375
0.0,0.9419773294683712,0.05802267053162872
0.0,0.9490440895602625,0.05095591043973741
0.0,0.9598616642674341,0.040138335732565866
0.0,0.9695936365312089,0.030406363468791137
0.0,0.9771697586894377,0.022830241310562382
0.0,0.9829270457818117,0.01707295421818833
0.0,0.9872676061138784,0.01273239388612159
0.0,0.9905246514257078,0.00947534857429222
0.0,0.9929602517486926,0.007039748251307405
0.0,0.9947768846213199,0.005223115378680154
0.0,0.9961292914202176,0.0038707085797824513
0.0,0.9971347921193708,0.0028652078806291324
0.0,0.9978789949589275,0.0021210050410724636
0.0,0.9984298464390907,0.0015701535609092985
0.0,0.9988376052713831,0.001162394728616874
0.0,0.9991394554194332,0.0008605445805668988
0.0,0.999362970516586,0.0006370294834140263
0.0,0.9995331078647991,0.00046689213520091427
0.0,0.9996052050884676,0.00039479491153244383
0.0,0.9996880317952767,0.000311968204723363
0.0,0.9997700779667469,0.0002299220332531601
0.0,0.999830545718303,0.00016945428169693366
0.0,0.9998751105495535,0.00012488945044655147
0.0,1.0,0.0
