0.45,0.25,0.3
0.44008288649421407,0.2561377635212451,0.3037793499845408
0.3846079696327722,0.2922727161286508,0.3231193142385769
0.37514078079102553,0.2987739490593925,0.32608527014958194
0.3036062592075195,0.3516963680467677,0.34469737274571294
0.16470097514779342,0.48326732870426614,0.3520316961479404
0.08365615033758322,0.597267563022998,0.3190762866394187
0.032933104477769405,0.7131319902805849,0.25393490524164564
0.0161126948483959,0.7784967952227332,0.20539050992887087
0.007991000323647954,0.828125144109508,0.163883855566844
0.004019125341358237,0.8660601920520341,0.12992068260660763
0.0020469863258679418,0.8952684544943589,0.10268455917977314
0.001053555834688375,0.91789664336154,0.08104980080377172
0.000525349921807292,0.9364669282186083,0.06300772185958436
0.0002640016189036891,0.9507595220895706,0.048976476291525725
0.00012474765097003092,0.9627446049315065,0.037130647417523435
0.0,0.9718424778022645,0.028157522197735492
0.0,0.9786442597924673,0.021355740207532736
0.0,0.9837994092790362,0.016200590720963796
0.0,0.9877079021943066,0.01229209780569345
0.0,0.990672086243322,0.009327913756678005
0.0,0.9929206546989532,0.00707934530104684
0.0,0.9946282743732561,0.005371725626743868
0.0,0.9959277329454322,0.004072267054567667
0.0,0.9969163951837732,0.0030836048162268034
0.0,0.9976681322115561,0.0023318677884438146
0.0,0.9982395043247219,0.0017604956752782037
0.0,0.9986738686528625,0.001326131347137522
0.0,0.9990010438129336,0.000998956187066322
0.0,0.9992474893794533,0.0007525106205467318
0.0,0.9994346939624932,0.0005653060375068271
0.0,0.9995134321796986,0.0004865678203014367
0.0,0.9996161220436249,0.0003838779563750003
0.0,0.9997169913092657,0.00028300869073432316
0.0,0.9997913547728562,0.0002086452271438172
0.0,0.9998461779217793,0.00015382207822073029
0.0,0.9998865955675947,0.0001134044324052522
0.0,1.0,0.0
