0.30000000000000004,0.35000000000000003,0.35000000000000003
0.2916734672055039,0.3566592282637508,0.3516673045307454
0.24737248495883182,0.39430248592939415,0.358325029111774
0.24008116666811194,0.400899270445529,0.35901956288635906
0.18750622459190852,0.45269365280357277,0.35980012260451877
0.09160551262812561,0.5783580272744597,0.33003646009741466
0.03655438012941613,0.6973620992808034,0.26608352058978046
0.01787369373873165,0.7659864612405484,0.21613984502071998
0.008857611661962618,0.8182258803985201,0.17291650793951727
0.004443104868622999,0.8583304166626964,0.13722647846868058
0.002236025345721931,0.889610527302984,0.10815344735129408
0.0011198823400112232,0.9142672315477045,0.08461288611228418
0.0005555943873507695,0.9337503819002657,0.06569402371238356
0.0002778953693928836,0.9487243173947053,0.050997787235901766
0.00013135273257125761,0.9611887588197351,0.0386798884476937
0.0,0.9706548627763086,0.029345137223691392
0.0,0.9777338894021314,0.02226611059786854
0.0,0.983101392027906,0.01689860797209399
0.0,0.9871725973263659,0.012827402673634091
0.0,0.9902615029459937,0.009738497054006322
0.0,0.9926057019610935,0.007394298038906413
0.0,0.9943863126887084,0.005613687311291631
0.0,0.9957420732103112,0.004257926789688882
0.0,0.9967742388812192,0.0032257611187807614
0.0,0.9975595701524302,0.0024404298475697948
0.0,0.998156868488046,0.001843131511954042
0.0,0.9986112497945216,0.0013887502054783952
0.0,0.9989573117588246,0.0010426882411754248
0.0,0.9992171266047375,0.0007828733952625572
0.0,0.999413012860419,0.0005869871395810474
0.0,0.999495446727907,0.0005045532720930087
0.0,0.9996012281459199,0.0003987718540800869
0.0,0.9997059259278487,0.00029407407215131516
0.0,0.9997831341670957,0.00021686583290429412
0.0,0.9998400710341763,0.00015992896582368236
0.0,0.9998820591372234,0.0001179408627765308
0.0,1.0,0.0
