0.2,0.1,0.7
0.2030204200438362,0.1003722203699291,0.6966073595862347
0.21705526116095436,0.10216281608796253,0.6807819227510831
0.22023738119715935,0.10258294951126717,0.6771796692915735
0.24667477579872282,0.1062795191044282,0.647045705096849
0.34623586980724574,0.12323896644394071,0.5305251637488136
0.43041337989306566,0.14025678866517435,0.42932983144176
0.49541575547524513,0.15467438054681337,0.34990986397794144
0.626437780716867,0.1835548577416345,0.1900073615414986
0.6953911646097358,0.1966509718043064,0.10795786358595778
0.7438671702944745,0.2030116268932704,0.053121202812255144
0.7772112290498715,0.20305756328231087,0.019731207667817677
0.7863812392801263,0.2013844384825784,0.012234322237295394
0.795595738863353,0.19817435465516225,0.006229906481484835
0.803496617159671,0.19371744323806647,0.0027859396022625544
0.8097808406630662,0.1889781357747349,0.0012410235621987031
0.8152816377471158,0.1841670225697327,0.000551339683151374
0.8203786001075722,0.17937698507506747,0.00024441481736035603
0.8252432263797097,0.1746486254258048,0.00010814819448553547
0.8299923258242095,0.17000767417579046,0.0
0.8345592184315542,0.16544078156844572,0.0
0.839033552767644,0.16096644723235595,0.0
0.8434157058614496,0.15658429413855038,0.0
0.847706095966518,0.15229390403348197,0.0
0.8519052042651899,0.14809479573481016,0.0
0.8560135821585773,0.14398641784142274,0.0
0.8600318522356061,0.13996814776439384,0.0
0.8639607064735934,0.13603929352640667,0.0
0.8678009032310998,0.13219909676890007,0.0
0.8715532637215656,0.12844673627843434,0.0
0.87521866827602,0.12478133172397993,0.0
0.8787980525367779,0.12120194746322215,0.0
0.8822924036430771,0.11770759635692288,0.0
0.8840080133957804,0.11599198660421971,0.0
0.886592758870975,0.11340724112902494,0.0
0.8897859067071722,0.11021409329282787,0.0
0.8929030375256587,0.1070969624743413,0.0
0.8959451986067353,0.10405480139326473,0.0
0.8989134655758902,0.10108653442410973,0.0
0.9018089395737751,0.09819106042622498,0.0
0.904632744509725,0.0953672554902751,0.0
0.9074337063985664,0.09256629360143365,0.0
0.9102799933310275,0.08972000666897254,0.0
0.9132795367526375,0.08672046324736249,0.0
0.916606615007566,0.08339338499243401,0.0
0.920530728268334,0.07946927173166594,0.0
0.9254937528118811,0.07450624718811891,0.0
0.932343417698977,0.067656582301023,0.0
0.9430768532470495,0.056923146752950474,0.0
0.9535477816312781,0.04645221836872198,0.0
0.9826923979591259,0.017307602040874143,0.0
0.9923778463240919,0.007622153675908122,0.0
0.9966670304472256,0.0033329695527744064,0.0
0.9985471448971974,0.0014528551028025526,0.0
0.9993675636927982,0.0006324363072017719,0.0
0.9997248616232299,0.0002751383767700307,0.0
0.9998803335805343,0.00011966641946566143,0.0
1.0,0.0,0.0
