0.35,0.35,0.3
0.34993480165784324,0.34693543828803863,0.30312976005411824
0.3501819395294836,0.3327855519501264,0.31703250852038994
0.35035712418623394,0.32931524497341513,0.3203276308403509
0.3532830201753632,0.29864151146676543,0.3480754683578713
0.37603814779392586,0.17971407707403983,0.4442477751320343
0.3948772066326705,0.1029716126533704,0.5021511807139591
0.408986161853492,0.04929531880096214,0.5417185193455458
0.4165327570482891,0.02139686806669526,0.5620703748850157
0.4200610169872501,0.008505047956079313,0.5714339350566706
0.42081957128812303,0.005744743115276356,0.5734356855966006
0.4215887497599514,0.0029497160242872755,0.5754615342157613
0.42203776015120065,0.0013199106362250326,0.5766423292125743
0.4222392126007751,0.00058911097219177,0.577171676427033
0.4223292326425321,0.00026263441740698255,0.577408132940061
0.4223693860966085,0.00011702637642830752,0.5775135875269632
0.42240930381127595,0.0,0.577590696188724
0.4224050646207007,0.0,0.5775949353792993
0.42240317636420555,0.0,0.5775968236357945
0.42240233530749527,0.0,0.5775976646925047
0.4224019606939757,0.0,0.5775980393060244
0.4224017938391061,0.0,0.577598206160894
0.42240171952126043,0.0,0.5775982804787395
0.42240168641982706,0.0,0.577598313580173
0.4224016716763384,0.0,0.5775983283236615
0.4224016651095407,0.0,0.5775983348904593
0.42240166218466757,0.0,0.5775983378153324
0.42240166088191927,0.0,0.5775983391180808
0.4224016603016704,0.0,0.5775983396983295
0.422401660043225,0.0,0.5775983399567749
0.42240165992811207,0.0,0.5775983400718879
0.42240165987683964,0.0,0.5775983401231604
0.4224016598540021,0.0,0.5775983401459979
0.42240165984382955,0.0,0.5775983401561705
0.422401659839298,0.0,0.577598340160702
0.422401659837279,0.0,0.577598340162721
0.422401659836379,0.0,0.577598340163621
0.42240165983597744,0.0,0.5775983401640226
0.4224016598357979,0.0,0.5775983401642021
0.42240165983571576,0.0,0.5775983401642842
0.4224016598356772,0.0,0.5775983401643229
0.4224016598356593,0.0,0.5775983401643406
0.422401659835651,0.0,0.577598340164349
0.42240165983564654,0.0,0.5775983401643534
0.42240165983564204,0.0,0.577598340164358
0.4224016598356349,0.0,0.5775983401643652
0.42240165983561634,0.0,0.5775983401643837
0.42240165983553063,0.0,0.5775983401644693
0.42240165983529604,0.0,0.5775983401647039
