0.45,0.35,0.2
0.44776637547409087,0.35086118085968104,0.20137244366622808
0.4397084259911339,0.35353719033463704,0.20675438367422902
0.4376449791878349,0.3540987013588587,0.20825631945330642
0.4225644623466699,0.35609886814460934,0.22133666950872075
0.395454546562403,0.3336482296567689,0.2708972237808281
0.3933130098843845,0.27371460729305,0.33297238282256547
0.4088654378268194,0.18521403499854888,0.4059205271746318
0.4314815103298521,0.09424324950178936,0.4742752401683586
0.4468915968790355,0.03842047123639281,0.5146879318845717
0.4539134517034146,0.01385394790559195,0.5322326003909934
0.4561778449318253,0.006021228114067837,0.5378009269541069
0.4569848904077225,0.0032391788023201106,0.5397759307899574
0.45747682063297646,0.0015458006338864873,0.5409773787331371
0.45771233988939913,0.0007357039851955642,0.5415519561254053
0.4578246048290574,0.00034969883109277106,0.5418256963398498
0.4578780062415052,0.00016611897083489214,0.5419558747876599
0.45793950906204617,0.0,0.5420604909379538
0.45793258936185827,0.0,0.5420674106381417
0.4579293037919121,0.0,0.5420706962080879
0.45792774383175006,0.0,0.5420722561682499
0.4579270031928929,0.0,0.5420729968071071
0.45792665155568407,0.0,0.542073348444316
0.45792648460778984,0.0,0.5420735153922102
0.4579264053456085,0.0,0.5420735946543914
0.4579263677141892,0.0,0.5420736322858108
0.4579263498478756,0.0,0.5420736501521243
0.45792634136546667,0.0,0.5420736586345334
0.4579263373382642,0.0,0.5420736626617357
0.4579263354262649,0.0,0.5420736645737351
0.4579263345185024,0.0,0.5420736654814975
0.4579263340875225,0.0,0.5420736659124774
0.45792633388290505,0.0,0.542073666117095
0.45792633378575803,0.0,0.542073666214242
0.4579263337396348,0.0,0.5420736662603652
0.45792633371773617,0.0,0.5420736662822638
0.4579263337073386,0.0,0.5420736662926613
0.45792633370240154,0.0,0.5420736662975985
0.4579263337000568,0.0,0.5420736662999432
0.45792633369894287,0.0,0.5420736663010571
0.4579263336984134,0.0,0.5420736663015866
0.4579263336981614,0.0,0.5420736663018386
0.4579263336980395,0.0,0.5420736663019606
0.4579263336980034,0.0,0.5420736663019966
0.4579263336979589,0.0,0.5420736663020411
0.4579263336979376,0.0,0.5420736663020623
0.45792633369792846,0.0,0.5420736663020715
0.45792633369792324,0.0,0.5420736663020769
0.45792633369791774,0.0,0.5420736663020823
0.45792633369790775,0.0,0.5420736663020923
0.4579263336978757,0.0,0.5420736663021244
0.4579263336977129,0.0,0.542073666302287
0.457926333697571,0.0,0.5420736663024289
