0.5,0.35,0.15
0.4965538035646904,0.3528161469066657,0.15063004952864384
0.48265827666877537,0.36402346348676273,0.15331825984446187
0.4792592860683403,0.3667259577716389,0.15401475616002078
0.452668916996089,0.38723812683680964,0.16009295616710142
0.33335772151608817,0.440694216868601,0.22594806161531092
0.3135391469654669,0.40524063377926933,0.2812202192552637
0.31222605075932974,0.3744727654704341,0.3133011837702361
0.3217504479991738,0.2911431594497651,0.38710639255106116
0.34442531840131674,0.17934376973257948,0.4762309118661038
0.3614397528285014,0.10722608180645751,0.5313341653650411
0.3739726497918411,0.05672039789958158,0.5693069523085774
0.3817921448902556,0.025945641419776826,0.5922622136899676
0.3853851248263267,0.011956367332360412,0.6026585078413129
0.38707812928877094,0.005394189510220049,0.6075276812010091
0.3878496498672296,0.002409708230620336,0.60974064190215
0.38819585598018375,0.001071664451457808,0.6107324795683584
0.38835013109850613,0.0004756450941108877,0.611174223807383
0.3884186648977703,0.00021092102837631343,0.6113704140738533
0.3884853887436096,0.0,0.6115146112563904
0.3884786432888865,0.0,0.6115213567111135
0.388475653910348,0.0,0.6115243460896521
0.3884743291805347,0.0,0.6115256708194653
0.38847374214635316,0.0,0.6115262578536468
0.388473482013684,0.0,0.6115265179863161
0.38847336674153765,0.0,0.6115266332584623
0.3884733156612932,0.0,0.6115266843387068
0.38847329302625866,0.0,0.6115267069737413
0.3884732829960677,0.0,0.6115267170039322
0.38847327855142166,0.0,0.6115267214485783
0.38847327658187975,0.0,0.6115267234181202
0.3884732757091226,0.0,0.6115267242908774
0.3884732753223801,0.0,0.61152672467762
0.3884732751510036,0.0,0.6115267248489965
0.38847327507506135,0.0,0.6115267249249386
0.38847327504140877,0.0,0.6115267249585912
0.38847327502649576,0.0,0.6115267249735042
0.3884732750198868,0.0,0.6115267249801132
0.3884732750169576,0.0,0.6115267249830424
0.38847327501565904,0.0,0.6115267249843409
0.388473275015083,0.0,0.611526724984917
0.38847327501482715,0.0,0.6115267249851729
0.38847327501471307,0.0,0.6115267249852869
0.38847327501466017,0.0,0.6115267249853398
0.3884732750146353,0.0,0.6115267249853648
0.388473275014624,0.0,0.611526724985376
0.3884732750146185,0.0,0.6115267249853815
0.3884732750146149,0.0,0.6115267249853851
0.3884732750146107,0.0,0.6115267249853893
0.3884732750146033,0.0,0.6115267249853966
0.38847327501458945,0.0,0.6115267249854105
0.3884732750145155,0.0,0.6115267249854844
0.3884732750142704,0.0,0.6115267249857296
