0.6,0.35,0.05
0.5940462441941512,0.35596539717542325,0.04998835863042551
0.5649097248570081,0.38516092782496775,0.049929347318024245
0.5587261835336002,0.39135745244331277,0.04991636402308716
0.5083567139837496,0.4418394150227639,0.049803870993486384
0.2657200533552653,0.6853320434738835,0.048947903170851306
0.1476085750944569,0.8045607431601038,0.04783068174543939
0.06957714823355876,0.8850378845851589,0.04538496718128229
0.021974871597235577,0.9383919091751599,0.03963321922760463
0.008108568024610139,0.9577296092031458,0.0341618227722441
0.005530721943743605,0.9623205606151379,0.03214871744111858
0.0027173745907744552,0.9686540843070922,0.028628541102133205
0.0011778187938282678,0.9739320562553684,0.024890124950803342
0.0005037827234303439,0.9779601133178562,0.02153610395871361
0.00021305657414881542,0.9812244883446496,0.018562455081201624
0.0,0.9840503652546825,0.015949634745317492
0.0,0.9863345145305387,0.01366548546946128
0.0,0.9883183085715239,0.011681691428476032
0.0,0.9900337690664807,0.00996623093351936
0.0,0.991511664911085,0.00848833508891493
0.0,0.9927808385587683,0.007219161441231741
0.0,0.9938678070676649,0.006132192932335102
0.0,0.9947965768919683,0.0052034231080317385
0.0,0.9954628512582372,0.00453714874176286
0.0,0.9960459341027533,0.003954065897246739
0.0,0.996555695817888,0.0034443041821119944
0.0,0.9967453143262146,0.0032546856737854196
0.0,0.9971461523556863,0.0028538476443137066
0.0,0.997543015011725,0.0024569849882749477
0.0,0.9978854060621941,0.0021145939378058452
0.0,0.9981806148042849,0.0018193851957152155
0.0,0.998435004244617,0.001564995755383076
0.0,0.998654115714454,0.001345884285546021
0.0,0.998842765291282,0.0011572347087179826
0.0,0.9990051315604225,0.0009948684395775565
0.0,0.9991448347056162,0.0008551652943837641
0.0,0.9992650072192698,0.0007349927807301684
0.0,0.9993683567118118,0.000631643288188214
0.0,0.9994591355478192,0.000540864452180873
0.0,0.9995416586147307,0.00045834138526933826
0.0,0.999619233413226,0.0003807665867739933
0.0,0.9996915389019345,0.00030846109806552743
0.0,0.9997629094867789,0.00023709051322111336
0.0,0.9998312441946788,0.00016875580532109996
0.0,0.9998634267958948,0.00013657320410530096
0.0,1.0,0.0
