0.45,0.45,0.1
0.445098077872153,0.45466703769762,0.10023488443022703
0.42343386024910523,0.47523478248421497,0.1013313572666798
0.4185939018365351,0.47981579684517783,0.10159030131828706
0.380541632030269,0.5156242172860047,0.10383415068372631
0.20658866866093897,0.6694016066294834,0.12400972470957758
0.12365640343994505,0.718279535211401,0.15806406134865403
0.09756292500967595,0.7094254672577949,0.19301160773252923
0.08383948525816884,0.6595612470076389,0.2565992677341924
0.08432092212127704,0.5351639506343686,0.3805151272443544
0.09287764470696419,0.40280032447643005,0.5043220308166058
0.0991415976836147,0.3235112754349841,0.5773471268814012
0.11167887671273463,0.17722170282429203,0.7110994204629734
0.11948126309743565,0.09020496963937681,0.7903137672631876
0.12260136518547005,0.05592059332286364,0.8214780414916664
0.1256486591507678,0.022656316446147268,0.851695024403085
0.1268884872687327,0.009177760843265567,0.8639337518880018
0.12725699460880216,0.005177335602286283,0.8675656697889116
0.12750236152460118,0.00251511049427612,0.8699825279811227
0.127630257234795,0.0011278880804463844,0.8712418546847586
0.12768769798978497,0.00050495460471096,0.871807347405504
0.12771343155168263,0.00022589900311321845,0.8720606694452041
0.1277249473266338,0.00010102550281784926,0.8721740271705484
0.12773586831712216,0.0,0.8722641316828779
0.1277349813066693,0.0,0.8722650186933306
0.12773458471553537,0.0,0.8722654152844646
0.1277344073991407,0.0,0.8722655926008593
0.1277343281214409,0.0,0.8722656718785592
0.12773429267672357,0.0,0.8722657073232764
0.12773427682957073,0.0,0.8722657231704294
0.12773426974439459,0.0,0.8722657302556054
0.1277342665766518,0.0,0.8722657334233482
0.1277342651603717,0.0,0.8722657348396282
0.12773426452716077,0.0,0.8722657354728393
0.1277342642440556,0.0,0.8722657357559443
0.12773426411748076,0.0,0.8722657358825192
0.12773426406088972,0.0,0.8722657359391103
0.127734264035588,0.0,0.872265735964412
0.12773426402427557,0.0,0.8722657359757244
0.12773426401921767,0.0,0.8722657359807823
0.12773426401695617,0.0,0.8722657359830438
0.1277342640159449,0.0,0.8722657359840552
0.1277342640154926,0.0,0.8722657359845075
0.12773426401529017,0.0,0.8722657359847099
0.1277342640151995,0.0,0.8722657359848005
0.12773426401515878,0.0,0.8722657359848413
0.1277342640151394,0.0,0.8722657359848606
0.12773426401513086,0.0,0.8722657359848691
0.12773426401512677,0.0,0.8722657359848732
0.127734264015125,0.0,0.872265735984875
0.12773426401512394,0.0,0.872265735984876
0.12773426401512278,0.0,0.8722657359848772
0.12773426401512092,0.0,0.8722657359848791
0.1277342640151154,0.0,0.8722657359848845
0.12773426401508753,0.0,0.8722657359849125
0.12773426401494975,0.0,0.8722657359850503
