0.3,0.55,0.15
0.29686390966581194,0.5521802111651185,0.15095587916906958
0.2840590010301713,0.5607247597629867,0.15521623920684202
0.2811317598041699,0.5625872251558192,0.15628101504001102
0.2592238440087825,0.575125784324794,0.16565037166642352
0.1992792157591226,0.5742595074711278,0.22646127676974961
0.18982267736882077,0.4475825037218822,0.36259481890929707
0.20644017251150137,0.3153253895182538,0.4782344379702449
0.2171736986289811,0.2468196810826838,0.5360066202883351
0.23039064316414382,0.16794558941937177,0.6016637674164844
0.2441701049392077,0.08922491547519776,0.6666049795855945
0.2525887271030839,0.042252291962500486,0.7051589809344156
0.2570612714123169,0.017556736706657146,0.725381991881026
0.25904336834219055,0.006662309444606239,0.7342943222132032
0.25969774942483764,0.0030718686115054827,0.737230381963657
0.2600008447985505,0.0014098869241050945,0.7385892682773444
0.2601427804998341,0.0006318184999052264,0.7392254010002607
0.26020644728131775,0.00028285336046440237,0.7395106993582179
0.2602349618596501,0.00012657079092600308,0.739638467349424
0.2602624616298647,0.0,0.7397375383701352
0.2602600268374481,0.0,0.7397399731625519
0.26025893766726543,0.0,0.7397410623327345
0.26025845045541857,0.0,0.7397415495445815
0.2602582325165461,0.0,0.7397417674834539
0.26025813502898226,0.0,0.7397418649710177
0.26025809142133166,0.0,0.7397419085786684
0.2602580719149958,0.0,0.7397419280850043
0.2602580631895323,0.0,0.7397419368104677
0.26025805928650814,0.0,0.7397419407134919
0.2602580575406297,0.0,0.7397419424593703
0.2602580567596733,0.0,0.7397419432403268
0.26025805641033994,0.0,0.73974194358966
0.2602580562540779,0.0,0.7397419437459221
0.2602580561841793,0.0,0.7397419438158207
0.2602580561529123,0.0,0.7397419438470877
0.2602580561389257,0.0,0.7397419438610743
0.26025805613266895,0.0,0.739741943867331
0.26025805612986985,0.0,0.7397419438701301
0.2602580561286174,0.0,0.7397419438713826
0.26025805612805686,0.0,0.7397419438719433
0.2602580561278043,0.0,0.7397419438721957
0.2602580561276917,0.0,0.7397419438723083
0.26025805612764064,0.0,0.7397419438723594
0.2602580561276168,0.0,0.7397419438723832
0.2602580561276059,0.0,0.7397419438723941
0.2602580561276009,0.0,0.7397419438723991
0.26025805612759806,0.0,0.739741943872402
0.2602580561275958,0.0,0.7397419438724042
0.26025805612759223,0.0,0.7397419438724078
0.26025805612758357,0.0,0.7397419438724164
0.26025805612754693,0.0,0.7397419438724532
0.26025805612731334,0.0,0.7397419438726868
