0.15,0.6,0.25
0.14942610436400966,0.5971185205981703,0.2534553750378202
0.14739399397887126,0.5827001640293944,0.26990584199173434
0.14705511166018775,0.5790923122270113,0.27385257611280095
0.14590427809479628,0.5445217764881243,0.30957394541707944
0.15240540434909353,0.44087741819187276,0.40671717745903374
0.1665819397301393,0.31811215868608383,0.5153059015837769
0.18447389000924705,0.186571911908222,0.628954198082531
0.1984082313746835,0.09028001519283374,0.7113117534324829
0.20260325618849157,0.06188355955082962,0.7355131842606788
0.20785117599076217,0.026648327540041705,0.7655004964691962
0.21043880473676105,0.009378306672782562,0.7801828885904564
0.21090145690764936,0.006297131425377399,0.7828014116669733
0.21135268015784775,0.0032939327557427456,0.7853533870864096
0.2116247093183395,0.0014842694098774038,0.7868910212717831
0.21174754771681642,0.0006673062520879285,0.7875851460310956
0.21180282678097362,0.00029970430661571944,0.7878974689124106
0.21182766465798852,0.00013454288857790844,0.7880377924534335
0.21185160993302,0.0,0.78814839006698
0.21184956409397765,0.0,0.7881504359060223
0.2118486459775949,0.0,0.7881513540224051
0.21184823396345112,0.0,0.7881517660365489
0.21184804907014906,0.0,0.7881519509298509
0.21184796609885967,0.0,0.7881520339011403
0.211847928865397,0.0,0.7881520711346031
0.2118479121568557,0.0,0.7881520878431443
0.21184790465889014,0.0,0.7881520953411099
0.21184790129417527,0.0,0.7881520987058247
0.21184789978425822,0.0,0.7881521002157418
0.21184789910668225,0.0,0.7881521008933178
0.21184789880261956,0.0,0.7881521011973804
0.21184789866617107,0.0,0.788152101333829
0.2118478986049395,0.0,0.7881521013950605
0.21184789857746153,0.0,0.7881521014225384
0.21184789856513048,0.0,0.7881521014348696
0.21184789855959663,0.0,0.7881521014404034
0.211847898557113,0.0,0.7881521014428869
0.21184789855599823,0.0,0.7881521014440017
0.21184789855549765,0.0,0.7881521014445023
0.21184789855527275,0.0,0.7881521014447272
0.2118478985551715,0.0,0.7881521014448285
0.2118478985551254,0.0,0.7881521014448746
0.2118478985551037,0.0,0.7881521014448963
0.21184789855509356,0.0,0.7881521014449064
0.21184789855508884,0.0,0.7881521014449111
0.2118478985550865,0.0,0.7881521014449135
0.21184789855508473,0.0,0.7881521014449153
0.21184789855508251,0.0,0.7881521014449175
0.21184789855508038,0.0,0.7881521014449197
0.21184789855506908,0.0,0.788152101444931
0.2118478985549941,0.0,0.7881521014450059
0.21184789855481473,0.0,0.7881521014451853
