0.1,0.75,0.15
0.09864005926913767,0.7502319277339681,0.15112801299689427
0.09288365944011208,0.7506460629849475,0.15647027757494045
0.09166892701336997,0.7505963473063918,0.15773472568023805
0.08287063867735515,0.7482342847202926,0.1688950766023523
0.06623134903670606,0.7199804315573304,0.2137882194059636
0.06006683445132001,0.6229426012005236,0.3169905643481564
0.06458820133560786,0.490200496951841,0.4452113017125512
0.07186618645921206,0.3603014797998297,0.5678323337409583
0.07925257115652683,0.24368369527174796,0.6770637335717252
0.08611341178444762,0.14066099842686292,0.7732255897886895
0.09106356460166887,0.0680934623204093,0.8408429730779219
0.09369729019441693,0.029905033243272854,0.8763976765623103
0.09489540107488963,0.012612593486164054,0.8924920054389464
0.09524198105136135,0.007618930466383867,0.8971390884822548
0.09550864640485689,0.0037792340972107805,0.9007121194979323
0.09565430708425393,0.0016827853394568108,0.9026629075762892
0.09571930977852142,0.0007474278904478914,0.9035332623310307
0.09574820993874564,0.0003316091888591828,0.9039201808723952
0.09576103760265703,0.0001470513488181328,0.9040919110485248
0.09577297105102092,0.0,0.9042270289489791
0.09577201772500346,0.0,0.9042279822749966
0.09577159512049002,0.0,0.90422840487951
0.09577140778724903,0.0,0.904228592212751
0.09577132474669148,0.0,0.9042286752533085
0.09577128793690358,0.0,0.9042287120630964
0.09577127162009073,0.0,0.9042287283799092
0.09577126438728346,0.0,0.9042287356127165
0.09577126118117467,0.0,0.9042287388188253
0.09577125975999316,0.0,0.9042287402400069
0.09577125913002171,0.0,0.9042287408699783
0.09577125885077231,0.0,0.9042287411492277
0.09577125872698848,0.0,0.9042287412730114
0.09577125867211835,0.0,0.9042287413278816
0.09577125864779577,0.0,0.9042287413522042
0.0957712586370141,0.0,0.9042287413629859
0.09577125863223476,0.0,0.9042287413677652
0.09577125863011608,0.0,0.904228741369884
0.09577125862917679,0.0,0.9042287413708233
0.0957712586287603,0.0,0.9042287413712397
0.09577125862857556,0.0,0.9042287413714245
0.09577125862849356,0.0,0.9042287413715064
0.09577125862845708,0.0,0.904228741371543
0.0957712586284408,0.0,0.9042287413715593
0.09577125862843307,0.0,0.904228741371567
0.09577125862842949,0.0,0.9042287413715705
0.09577125862842778,0.0,0.9042287413715722
0.09577125862842682,0.0,0.9042287413715732
0.09577125862842603,0.0,0.9042287413715739
0.09577125862842477,0.0,0.9042287413715753
0.09577125862842162,0.0,0.9042287413715784
0.0957712586284097,0.0,0.9042287413715904
0.09577125862831191,0.0,0.9042287413716881
0.09577125862828613,0.0,0.9042287413717138
