0.9,0.05,0.05
0.8987793082410217,0.05122227476691798,0.04999841699206036
0.89208485252154,0.0579254567977456,0.04998969068071445
0.8906810190786477,0.059331129853232814,0.049987851068119496
0.878255389834741,0.07177319092806984,0.049971419237189174
0.7677817721302691,0.1824059694232182,0.04981225844651279
0.6459644158912143,0.30443318337053105,0.04960240073825466
0.4911350951389234,0.45960798924041174,0.04925691562066494
0.29784294469436623,0.6535887966924983,0.04856825861313563
0.14844677746029158,0.8043094180183519,0.04724380452135652
0.0655448650193027,0.8899543640956317,0.04450077088506563
0.021833200365674273,0.9391792103010826,0.03898758933324304
0.01366278532060658,0.9499147772851638,0.036422437394229575
0.006809664757049139,0.9604932815325119,0.03269705371043901
0.002877458728875288,0.9686995324145294,0.028423008856595277
0.0011947251313618353,0.9742745704644882,0.024530704404150006
0.0004889155366914167,0.9784506038594316,0.021060480603876955
0.00019763865917356692,0.981796152747763,0.018006208593063445
0.0,0.9846565897472918,0.01534341025270825
0.0,0.9869648954821846,0.013035104517815498
0.0,0.9889526164873421,0.011047383512657874
0.0,0.9906564872320597,0.009343512767940338
0.0,0.9918827397738114,0.008117260226188671
0.0,0.9929554924725584,0.007044507527441488
0.0,0.9938920818834921,0.006107918116507828
0.0,0.9947083704059874,0.005291629594012648
0.0,0.995418738481023,0.004581261518976997
0.0,0.9959335341945165,0.004066465805483573
0.0,0.9961693444488197,0.0038306555511803046
0.0,0.9966425511315108,0.003357448868489274
0.0,0.9971095827255421,0.0028904172744578637
0.0,0.9975126465375963,0.002487353462403704
0.0,0.9978602429910987,0.002139757008901316
0.0,0.9981598116461288,0.0018401883538712671
0.0,0.998417845179408,0.0015821548205920107
0.0,0.9986399962879624,0.0013600037120376034
0.0,0.9988311763018023,0.0011688236981977538
0.0,0.9989956449863678,0.0010043550136321017
0.0,0.9991370914959197,0.0008629085040803327
0.0,0.9992587067581307,0.0007412932418692732
0.0,0.9993632477704122,0.0006367522295878856
0.0,0.9994540277847426,0.0005459722152573682
0.0,0.9995359603229057,0.00046403967709436286
0.0,0.999609210261917,0.0003907897380830839
0.0,0.9996795392769241,0.0003204607230759608
0.0,0.9997476527338292,0.00025234726617082257
0.0,0.9997817514927774,0.0002182485072226429
0.0,0.9998600066002687,0.00013999339973125478
0.0,1.0,0.0
