0.3,0.25,0.45
0.3011261732114357,0.2442836131452248,0.4545902136433395
0.3071291871078566,0.21471307117155117,0.4781577417205922
0.30828157074146223,0.20918257534974097,0.4825358539087968
0.31745965601427834,0.16638939958905374,0.5161509443966679
0.3346494517254622,0.09032865323501553,0.5750218950395224
0.34595053715003504,0.04216559589546352,0.6118838669545014
0.3516622838082818,0.018213587881538214,0.63012412831018
0.35450548293807566,0.006372651172584403,0.63912186588934
0.3553177716906446,0.0029990161212891213,0.6416832121880663
0.3557019514664206,0.0014048105922776523,0.6428932379413018
0.3558885039075816,0.0006310022039931482,0.6434804938884253
0.35597238956006894,0.0002831169347967038,0.6437444935051344
0.35601004564707706,0.00012696556098718364,0.6438629887919358
0.35604720475419593,0.0,0.6439527952458041
0.3560435967437945,0.0,0.6439564032562055
0.3560419792707674,0.0,0.6439580207292326
0.35604125417885374,0.0,0.6439587458211463
0.3560409291341185,0.0,0.6439590708658814
0.3560407834237193,0.0,0.6439592165762807
0.35604071810513427,0.0,0.6439592818948657
0.3560406888243668,0.0,0.6439593111756332
0.35604067569850223,0.0,0.6439593243014977
0.3560406698144938,0.0,0.6439593301855062
0.35604066717683475,0.0,0.6439593328231653
0.35604066599443546,0.0,0.6439593340055645
0.35604066546439406,0.0,0.643959334535606
0.35604066522678884,0.0,0.6439593347732112
0.3560406651202756,0.0,0.6439593348797243
0.3560406650725278,0.0,0.6439593349274723
0.35604066505112303,0.0,0.643959334948877
0.35604066504152726,0.0,0.6439593349584728
0.35604066503722515,0.0,0.6439593349627748
0.35604066503529613,0.0,0.6439593349647039
0.3560406650344308,0.0,0.6439593349655692
0.3560406650340424,0.0,0.6439593349659575
0.35604066503386783,0.0,0.6439593349661321
0.3560406650337857,0.0,0.6439593349662143
0.35604066503374826,0.0,0.6439593349662517
0.3560406650337318,0.0,0.6439593349662683
0.3560406650337243,0.0,0.6439593349662757
0.3560406650337208,0.0,0.6439593349662791
