0.4,0.25,0.35
0.4005225842323286,0.24649791960704215,0.35297949616062924
0.40322611059743485,0.2301175379841806,0.36665635141838454
0.40387492714682266,0.22649666111143424,0.3696284117417431
0.40975198428123577,0.19681368083954237,0.39343433487922186
0.43258108722571637,0.10280244926651393,0.46461646350776986
0.4457034879270897,0.054784851932315956,0.4995116601405944
0.4536540270646021,0.02675645145817266,0.5195895214772253
0.4588520668433385,0.008755634429329497,0.5323922987273321
0.4597913938813944,0.005526542750782925,0.5346820633678226
0.4605599425901081,0.0028896185921188826,0.536550438817773
0.4610261000516692,0.001292402147856902,0.5376814978004739
0.4612357408147107,0.0005746330612579531,0.5381896261240314
0.46132907370629117,0.0002551849976451786,0.5384157412960637
0.46137054528833354,0.00011326209771256464,0.5385161926139539
0.46141214678132786,0.0,0.5385878532186721
0.46140741671629776,0.0,0.5385925832837023
0.46140531809016905,0.0,0.538594681909831
0.46140438700707137,0.0,0.5385956129929287
0.461403973925963,0.0,0.538596026074037
0.46140379066103854,0.0,0.5385962093389615
0.4614037093551317,0.0,0.5385962906448682
0.4614036732836251,0.0,0.5385963267163749
0.4614036572804472,0.0,0.5385963427195528
0.46140365018061485,0.0,0.5385963498193852
0.46140364703076414,0.0,0.5385963529692358
0.461403645633328,0.0,0.538596354366672
0.4614036450133528,0.0,0.5385963549866472
0.4614036447382993,0.0,0.5385963552617008
0.46140364461627065,0.0,0.5385963553837293
0.46140364456213157,0.0,0.5385963554378683
0.46140364453811195,0.0,0.538596355461888
0.4614036445274548,0.0,0.5385963554725451
0.4614036445256468,0.0,0.5385963554743531
