0.45,0.25,0.3
0.449932207907749,0.24775944013045195,0.30230835196179906
0.4499945167829706,0.23804800487872013,0.3119574783383093
0.4500885507371928,0.23560383474259475,0.3143076145202125
0.451867110530814,0.21456604431922152,0.33356684514996454
0.46982205949442546,0.12352122468547587,0.40665671582009866
0.4825069275074558,0.07556326475090328,0.44192980774164087
0.49202975917125596,0.04215899741437896,0.46581124341436514
0.49896452548685394,0.018717169953289745,0.4823183045598563
0.5020197794686709,0.008573822651504096,0.489406397879825
0.503111819004252,0.004972417834909754,0.4919157631608384
0.5038921003075885,0.002406527327329584,0.49370137236508194
0.5042822612517264,0.00112577581117117,0.49459196293710245
0.504468359460953,0.0005154078259531434,0.4950162327130938
0.504553674509347,0.00023570217042561369,0.49521062332022747
0.5045927141110522,0.00010773413197028687,0.49529955175697754
0.5046354070945644,0.0,0.49536459290543555
0.5046300723756889,0.0,0.49536992762431115
0.504627634889525,0.0,0.49537236511047494
0.5046265212176781,0.0,0.4953734787823218
0.5046260123964484,0.0,0.49537398760355156
0.5046257799248176,0.0,0.49537422007518234
0.504625673712907,0.0,0.4953743262870931
0.5046256251867602,0.0,0.49537437481323987
0.5046256030161272,0.0,0.4953743969838728
0.504625592886808,0.0,0.4953744071131921
0.5046255882589246,0.0,0.49537441174107544
0.5046255861445369,0.0,0.49537441385546316
0.5046255851785147,0.0,0.49537441482148525
0.5046255847371579,0.0,0.4953744152628422
0.5046255847326873,0.0,0.4953744152673128
