0.6,0.25,0.15
0.5970473840790393,0.2525041353608437,0.15044848056011692
0.5849400867621827,0.26269639867011496,0.1523635145677024
0.581945522927694,0.26519738228089923,0.15285709479140677
0.5579329938330696,0.28492795339597743,0.15713905277095291
0.42567591369330804,0.37116535541297,0.20315873089372197
0.3822173671472321,0.360365297582728,0.2574173352700399
0.3753664588563893,0.30119575827137274,0.323437782872238
0.38476960780231867,0.23426673404475445,0.3809636581529269
0.40617211993973473,0.13884203779001358,0.45498584227025174
0.4244218830107277,0.06911734410085336,0.506460772888419
0.4305133502660143,0.04690198139971587,0.52258466833427
0.43791705477635684,0.020390917055968082,0.541692028167675
0.44166244297793306,0.0071533956779486416,0.5511841613441183
0.4423366579906766,0.004781591166470724,0.5528817508428526
0.44298606247476907,0.0025001359466712983,0.5545138015785597
0.44337729417671506,0.0011271105443202223,0.5554955952789647
0.4435540904361369,0.0005069946394410248,0.555938914924422
0.44363370196341617,0.0002278265148315269,0.5561384715217523
0.44366949398740807,0.00010233141498533418,0.5562281745976067
0.44370596411657154,0.0,0.5562940358834284
0.44370195146894825,0.0,0.5562980485310517
0.44370014970260885,0.0,0.556299850297391
0.44369934069361333,0.0,0.5563006593063866
0.44369897744614956,0.0,0.5563010225538504
0.4436988143479006,0.0,0.5563011856520994
0.44369874111691643,0.0,0.5563012588830836
0.4436987082363009,0.0,0.5563012917636991
0.4436986934729552,0.0,0.5563013065270448
0.4436986868442369,0.0,0.556301313155763
0.443698683867953,0.0,0.5563013161320469
0.4436986825316061,0.0,0.556301317468394
0.443698682248615,0.0,0.556301317751385
