0.35,0.5,0.15
0.3428555862679438,0.5054957028708125,0.15164871086124362
0.3068176989290262,0.5332171546699805,0.15996514640099338
0.30681769892902616,0.5332171546699804,0.15996514640099335
0.30014898474211643,0.5383469348137573,0.16150408044412626
0.2499304704242724,0.5769765612120998,0.17309296836362786
0.12430124902492634,0.6736144238269851,0.20208432714808866
0.055483361663535416,0.7265512602588284,0.2179653780776362
0.025577872138602537,0.7495554829703192,0.22486664489107838
0.01652542284984525,0.7565189055001346,0.22695567165002026
0.008154006397937551,0.76295845661699,0.22888753698507253
0.003920346643926646,0.7662151179662325,0.22986453538984086
0.0018650867401593598,0.7677960871229799,0.2303388261368606
0.0008427067035550282,0.768582533304987,0.23057475999145802
0.0003805478342393694,0.7689380401275412,0.23068141203821954
0.00017180345923001415,0.7690986127237056,0.23072958381706418
0.0,0.7692307692308095,0.2307692307691906
0.0,0.7692307692308131,0.23076923076918698
0.0,0.7692307692308167,0.23076923076918332
0.0,0.7692307692308203,0.2307692307691797
0.0,0.7692307692308239,0.23076923076917608
0.0,0.7692307692308274,0.23076923076917247
0.0,0.7692307692308311,0.23076923076916886
0.0,0.7692307692308348,0.23076923076916528
0.0,0.7692307692308383,0.23076923076916164
0.0,0.769230769230842,0.230769230769158
0.0,0.7692307692308455,0.2307692307691544
0.0,0.7692307692308492,0.2307692307691508
0.0,0.7692307692308529,0.2307692307691472
0.0,0.7692307692308564,0.23076923076914357
0.0,0.7692307692308601,0.23076923076913997
0.0,0.7692307692308636,0.23076923076913636
0.0,0.7692307692308673,0.23076923076913275
0.0,0.7692307692308709,0.2307692307691291
0.0,0.7692307692308745,0.2307692307691255
0.0,0.7692307692308782,0.23076923076912187
0.0,0.7692307692308817,0.23076923076911823
0.0,0.7692307692308853,0.23076923076911462
0.0,0.769230769230889,0.23076923076911102
0.0,0.7692307692308926,0.23076923076910733
0.0,0.7692307692308965,0.2307692307691036
0.0,0.7692307692309005,0.23076923076909944
0.0,0.7692307692309056,0.23076923076909436
0.0,0.7692307692309119,0.230769230769088
0.0,0.7692307692309206,0.23076923076907943
0.0,0.7692307692309338,0.23076923076906622
0.0,0.7692307692309585,0.2307692307690415
0.0,0.7692307692310276,0.23076923076897243
0.0,0.7692307692314411,0.23076923076855896
0.0,0.7692307692316609,0.23076923076833916
