0.8,0.1,0.1
0.7952422104387556,0.10237889478062226,0.10237889478062219
0.7667937142791003,0.11660314286045018,0.1166031428604496
0.7614437055665542,0.1192781472167233,0.1192781472167226
0.7156821789051409,0.1421589105474304,0.1421589105474287
0.5352278215599586,0.23238608922002438,0.23238608922001697
0.34505066810859175,0.3274746659457126,0.32747466594569563
0.17027831149970593,0.41486084425016284,0.4148608442501313
0.09438398871239323,0.4528080056438245,0.4528080056437822
0.03464806892522183,0.4826759655374182,0.4826759655373599
0.015455394893198367,0.49227230255343574,0.49227230255336585
0.007873759986989328,0.49606312000654484,0.4960631200064658
0.00399625111146476,0.49800187444431165,0.49800187444422356
0.001812119123554722,0.4990939404382718,0.4990939404381734
0.0008207276551466556,0.49958963617248103,0.49958963617237234
0.000371514229095999,0.4998142428855114,0.4998142428853925
0.00016812990646996632,0.4999159350468295,0.49991593504670045
0.0,0.5000000000000696,0.4999999999999304
0.0,0.5000000000000747,0.49999999999992534
0.0,0.5000000000000798,0.49999999999992023
0.0,0.5000000000000849,0.4999999999999152
0.0,0.5000000000000899,0.49999999999991007
0.0,0.500000000000095,0.499999999999905
0.0,0.5000000000001001,0.4999999999998999
0.0,0.5000000000001052,0.49999999999989486
0.0,0.5000000000001102,0.49999999999988975
0.0,0.5000000000001154,0.4999999999998847
0.0,0.5000000000001205,0.4999999999998796
0.0,0.5000000000001256,0.49999999999987454
0.0,0.5000000000001306,0.49999999999986944
0.0,0.5000000000001357,0.49999999999986433
0.0,0.5000000000001408,0.49999999999985933
0.0,0.5000000000001458,0.4999999999998542
0.0,0.5000000000001509,0.4999999999998492
0.0,0.500000000000156,0.49999999999984407
0.0,0.500000000000161,0.49999999999983896
0.0,0.5000000000001661,0.49999999999983397
0.0,0.5000000000001712,0.49999999999982886
0.0,0.5000000000001763,0.4999999999998238
0.0,0.5000000000001813,0.4999999999998187
0.0,0.5000000000001864,0.4999999999998136
0.0,0.5000000000001917,0.4999999999998083
0.0,0.5000000000001978,0.4999999999998022
0.0,0.500000000000205,0.499999999999795
0.0,0.5000000000002139,0.49999999999978606
0.0,0.5000000000002262,0.4999999999997739
0.0,0.5000000000002448,0.49999999999975525
0.0,0.5000000000002798,0.4999999999997203
0.0,0.5000000000003777,0.49999999999962236
0.0,0.5000000000009592,0.4999999999990408
0.0,0.5000000000012558,0.4999999999987443
