0.55,0.15,0.3
0.542326102416242,0.15255796586125275,0.30511593172250523
0.5011676761113958,0.16627744129620198,0.3325548825924023
0.4933718649032647,0.16887604503224576,0.3377520900644896
0.4314365103923431,0.18952116320255383,0.37904232640510305
0.2572875583063332,0.24757081389789426,0.49514162779577253
0.12934508919193655,0.2902183036026983,0.5804366072053653
0.05989533565456574,0.3133682214484939,0.6267364428969404
0.022468122919990147,0.32584395902669205,0.6516879180533178
0.013611465311586133,0.32879617822949647,0.6575923564589174
0.006897911598415961,0.33103402946722393,0.6620680589343602
0.0030980573320496902,0.33230064755601735,0.664601295111933
0.0013885046876642877,0.3328704984374838,0.665740996874852
0.0006217197782091614,0.33312609340730676,0.6662521868144842
0.0002782646206276632,0.3332405784598385,0.6664811569195339
0.0001245199390783752,0.33329182668702617,0.6665836533738955
0.0,0.3333333333333902,0.6666666666666099
0.0,0.33333333333339477,0.6666666666666052
0.0,0.3333333333333993,0.6666666666666007
0.0,0.3333333333334039,0.6666666666665961
0.0,0.3333333333334085,0.6666666666665915
0.0,0.3333333333334131,0.6666666666665869
0.0,0.3333333333334177,0.6666666666665824
0.0,0.33333333333342224,0.6666666666665777
0.0,0.33333333333342685,0.6666666666665731
0.0,0.3333333333334314,0.6666666666665686
0.0,0.33333333333343595,0.666666666666564
0.0,0.3333333333334405,0.6666666666665595
0.0,0.3333333333334451,0.6666666666665549
0.0,0.33333333333344967,0.6666666666665503
0.0,0.3333333333334542,0.6666666666665457
0.0,0.33333333333345877,0.6666666666665412
0.0,0.3333333333334633,0.6666666666665366
0.0,0.33333333333346793,0.6666666666665321
0.0,0.33333333333347254,0.6666666666665275
0.0,0.3333333333334771,0.666666666666523
0.0,0.33333333333348164,0.6666666666665183
0.0,0.33333333333348625,0.6666666666665138
0.0,0.3333333333334908,0.6666666666665091
0.0,0.33333333333349546,0.6666666666665044
0.0,0.33333333333350057,0.6666666666664995
0.0,0.33333333333350623,0.6666666666664937
0.0,0.33333333333351317,0.6666666666664868
0.0,0.33333333333352216,0.6666666666664778
0.0,0.3333333333335351,0.666666666666465
0.0,0.33333333333355625,0.6666666666664438
0.0,0.3333333333336017,0.6666666666663983
0.0,0.3333333333337612,0.6666666666662387
0.0,0.3333333333343309,0.6666666666656691
0.0,0.3333333333344494,0.6666666666655506
