0.55,0.2,0.25
0.5423261024162426,0.20341062114833675,0.25426327643542074
0.5011676761113956,0.22170325506160254,0.27712906882700183
0.49337186490326496,0.22516806004299406,0.281460075053741
0.43143651039234693,0.25269488427006975,0.3158686053375834
0.2572875583063448,0.33009441853051935,0.41261802316313584
0.12934508919194881,0.38695773813692325,0.483697172671128
0.05989533565457461,0.4178242952646511,0.5222803690807744
0.02246812291999488,0.4344586120355824,0.5430732650444228
0.013611465311589415,0.4383949043059882,0.5479936303824224
0.0068979115984179025,0.44137870595629114,0.551723382445291
0.0030980573320507055,0.44306753007468175,0.5538344125932675
0.0013885046876648069,0.44382733124996954,0.5547841640623656
0.0006217197782094225,0.4441681245430659,0.5552101556787247
0.00027826462062779294,0.444320771279774,0.5554009640995983
0.0001245199390784389,0.44438910224935657,0.5554863778115651
0.0,0.44444444444450765,0.5555555555554924
0.0,0.44444444444451264,0.5555555555554873
0.0,0.4444444444445177,0.5555555555554823
0.0,0.4444444444445228,0.5555555555554772
0.0,0.4444444444445279,0.5555555555554721
0.0,0.44444444444453307,0.555555555555467
0.0,0.4444444444445382,0.5555555555554619
0.0,0.44444444444454323,0.5555555555554568
0.0,0.4444444444445483,0.5555555555554517
0.0,0.4444444444445534,0.5555555555554467
0.0,0.4444444444445585,0.5555555555554416
0.0,0.44444444444456355,0.5555555555554365
0.0,0.44444444444456865,0.5555555555554313
0.0,0.4444444444445737,0.5555555555554262
0.0,0.44444444444457887,0.5555555555554211
0.0,0.444444444444584,0.555555555555416
0.0,0.4444444444445891,0.555555555555411
0.0,0.44444444444459413,0.5555555555554059
0.0,0.44444444444459924,0.5555555555554008
0.0,0.44444444444460435,0.5555555555553957
0.0,0.4444444444446094,0.5555555555553905
0.0,0.4444444444446145,0.5555555555553855
0.0,0.4444444444446196,0.5555555555553804
0.0,0.4444444444446248,0.5555555555553752
0.0,0.44444444444463044,0.5555555555553696
0.0,0.4444444444446368,0.5555555555553632
0.0,0.4444444444446445,0.5555555555553554
0.0,0.4444444444446545,0.5555555555553454
0.0,0.4444444444446688,0.5555555555553312
0.0,0.4444444444446923,0.5555555555553077
0.0,0.4444444444447428,0.5555555555552572
0.0,0.44444444444492,0.55555555555508
0.0,0.44444444444555303,0.555555555554447
0.0,0.4444444444456847,0.5555555555543154
