0.15,0.65,0.2
0.1513398433197981,0.6481219051842096,0.20053825149599225
0.1565943091141791,0.6407463948925557,0.20265929599326524
0.1579723159633609,0.6388094618218932,0.20321822221474586
0.16925528263130601,0.6229088433958111,0.20783587397288292
0.2724444205678283,0.47485691849468126,0.2526986609374904
0.34373184493590836,0.3737046542672139,0.28256350079687775
0.42641959612914604,0.27067475352939274,0.3029056503414613
0.5532230477691689,0.1614259388368156,0.28535101339401553
0.6382976898362989,0.1112919585937449,0.2504103515699563
0.7399652091837023,0.065172763098306,0.19486202771799166
0.8313735083031966,0.033261042693624,0.13536544900317948
0.9005826516471178,0.01480488133880175,0.08461246701408051
0.9478816163741428,0.00549320816407994,0.04662517546177729
0.9745138777788084,0.0018134442365503613,0.023672677984641302
0.9848852040390701,0.0008013090810643718,0.014313486879865535
0.9896879936154994,0.00043922914730173447,0.009872777237198798
0.9937615224850673,0.00019853933091905671,0.006039938184013613
0.9963473777204587,0.0,0.0036526222795413613
0.9977960006055198,0.0,0.0022039993944801984
0.9986717332063865,0.0,0.0013282667936135894
0.9992000973138313,0.0,0.000799902686168613
0.9995185017133431,0.0,0.0004814982866568838
0.9997102421022958,0.0,0.00028975789770424007
0.9998256566739754,0.0,0.00017434332602462145
0.999895110276788,0.0,0.00010488972321193801
1.0,0.0,0.0
