0.45,0.35,0.2
0.4478393404647635,0.3514658964644204,0.20069476307081613
0.4403487292500567,0.35648261034728995,0.20316866040265333
0.4382509903817575,0.35786825291403,0.2038807567042124
0.42211565114041716,0.36820076510016087,0.20968358375942203
0.34329743785763706,0.39098892103272126,0.2657136411096417
0.3445027674740837,0.3550029936793523,0.30049423884656407
0.3737718717800424,0.28560300074246225,0.3406251274774953
0.4116472592304072,0.22034885064158516,0.36800389012800766
0.4806120781760278,0.13065812104468386,0.3887298007792883
0.5522952411302835,0.06908513828801911,0.37861962058169735
0.6025304367855961,0.041731940839190726,0.35573762237521317
0.6566981708983198,0.02330988939170559,0.3199919397099745
0.6891616825141464,0.016420277658155655,0.2944180398276979
0.7182278385336935,0.012281292187847948,0.2694908692784585
0.7421153526030054,0.010122996140542498,0.24776165125645205
0.763532407796333,0.009197118937153782,0.22727047326651328
0.781720878216919,0.009605532102601809,0.20867358968047905
0.795034473414485,0.012012185939461835,0.19295334064605324
0.8006162147424092,0.01864753632706778,0.18073624893052317
0.7910958695255867,0.0347600109544599,0.17414411951995326
0.7809760254386987,0.045318776428014344,0.17370519813328705
0.7464191730990909,0.07591101734541611,0.17766980955549302
0.6948468879098793,0.11531028270265523,0.18984282938746552
0.6416768076896119,0.1468892090949057,0.2114339832154825
0.6176145353201813,0.15119538075460265,0.23119008392521612
0.6126373591251166,0.14010139067493302,0.24726125019995038
0.624337600895116,0.11392202774915504,0.261740371355729
0.6365199312438976,0.0980727089786707,0.26540735977743163
0.6623296687769537,0.0735459981234643,0.26412433309958216
0.6926361476416768,0.05395519248379345,0.2534086598745298
0.7093610410757092,0.04646856105220884,0.244170397872082
0.7377729623526844,0.040068223264633766,0.2221588143826818
0.7464728027159288,0.04554948884549901,0.20797770843857227
0.7342248692227596,0.0630738585896706,0.20270127218756973
0.7018877971040762,0.08769306349763073,0.2104191393982931
0.6805206773748728,0.09676448195086076,0.2227148406742665
0.675790683266731,0.09033248148662493,0.23387683524664402
0.6879673965534492,0.07495791707567713,0.23707468637087373
0.7058607375874141,0.06282002568521479,0.23131923672737115
0.7181833420055102,0.058997692856133876,0.22281896513835603
0.7209742040940715,0.06190133454425702,0.2171244613616714
0.7044742057180395,0.07728503415005415,0.2182407601319063
0.6950209139375936,0.08006812637829304,0.22491095968411337
0.6946365636262071,0.0787930832102694,0.2265703531635235
0.7015900903874608,0.07090028541167027,0.22750962420086893
0.7097983129067135,0.06702808541639185,0.22317360167689473
0.709577540945101,0.07014506707952732,0.2202773919753718
0.7028855055459623,0.07470884823469034,0.22240564621934727
0.7014772717957352,0.0738116759524061,0.22471105225185872
0.7059855256637724,0.07027722340117178,0.22373725093505586
0.7065641532155623,0.0713312317661169,0.22210461501832085
0.7036863587734317,0.07264368467217572,0.2236699565543927
0.7054864934457374,0.07126075084740383,0.2232527557068588
0.7051927271847178,0.07197349029687952,0.22283378251840277
0.7047344704125243,0.07189661445276072,0.2233689151347149
0.7049660126821389,0.07195832209413948,0.22307566522372166
0.7050337416694358,0.07181206411242282,0.2231541942181414
0.7049209988812905,0.07190168894276039,0.22317731217594924
0.7049542271211029,0.07189125787026569,0.2231545150086314
0.7049605282838051,0.07188366427229367,0.22315580744390134
0.7049592008628051,0.07188292513491303,0.22315787400228193
0.7049608893083169,0.07188180075201733,0.22315730993966582
0.7049662646241892,0.07187909804206145,0.22315463733374935
0.7049628655219111,0.07188085761222901,0.22315627686585987
0.7049609952823191,0.0718817751143316,0.22315722960334924
0.7049611949626098,0.07188167434108728,0.22315713069630294
0.7049623398298063,0.07188110806594283,0.22315655210425087
0.7049626879002986,0.07188093598942324,0.2231563761102782
0.7049626479374885,0.0718809889828264,0.22315636307968514
0.7049621802774335,0.07188142692339636,0.22315639279917016
0.7049621113474602,0.07188113415582946,0.2231567544967103
0.704962159252721,0.07188122276662733,0.22315661798065178
0.704961210189285,0.07188174151634606,0.22315704829436891
0.70496450258825,0.07188005220104403,0.22315544521070593
0.7049618265027021,0.07188136392570875,0.22315680957158907
0.7049618270371732,0.07188136180820358,0.22315681115462319
0.7049618256891838,0.07188136259552122,0.22315681171529497
