0.15,0.4,0.45
0.15179559414066357,0.3961918933769481,0.4520125124823884
0.16039385944793552,0.3783018016142435,0.461304338937821
0.1623939247798078,0.37422052648981075,0.46338554873038146
0.18007796088823189,0.33940225131137225,0.4805197878003959
0.2432053249568195,0.23256979829053814,0.5242248767526424
0.3293279286716755,0.1280044869333042,0.5426675843950204
0.420026566469834,0.0615722806570633,0.5184011528731027
0.47918144978271326,0.0360049043275737,0.48481364588971304
0.5445980822357948,0.018766721864632782,0.43663519589957256
0.5865354454940362,0.011969457716773142,0.40149509678919065
0.6208650379235682,0.008152967860852562,0.3709819942155793
0.6568929686434996,0.005402136741435551,0.3377048946150649
0.6874699193344941,0.00382450283013918,0.30870557783536673
0.7149675359462153,0.0028583793517954494,0.2821740847019892
0.7390590092471082,0.0022987892121252005,0.25864220154076656
0.7612597071469551,0.0020031360456693606,0.23673715680737545
0.7810226733171152,0.0019541793560050444,0.21702314732687983
0.7989398586115691,0.002229613520738458,0.19883052786769245
0.8138271002609313,0.0031470469570565596,0.18302585278201208
0.823026162723803,0.005209247927600232,0.17176458934859684
0.8262941929920823,0.009555816526242007,0.16414999048167567
0.8216583286664482,0.018668738478221338,0.15967293285533057
0.8035565638232193,0.03766399663510217,0.15877943954167867
0.7891396850041185,0.05091684523047163,0.15994346976540985
0.7414633697530068,0.09156263193165151,0.16697399831534174
0.672423680767781,0.14491639680375704,0.18265992242846202
0.6021722155240025,0.18858841689322856,0.20923936758276904
0.5679331975917039,0.19402439829381432,0.23804240411448188
0.5639980947926494,0.17813399682266898,0.2578679083846816
0.5841219119517331,0.13473871466106488,0.28113937338720196
0.6198776127350836,0.09216880553858488,0.2879535817263316
0.6510050513285742,0.06658069103864811,0.28241425763277767
0.6875374454512309,0.045815203044925194,0.26664735150384394
0.7233454950179933,0.03345344213912219,0.24320106284288456
0.7415519911755709,0.030410675654151405,0.2280373331702776
0.756649909595265,0.03149730374991061,0.2118527866548245
0.760902422469361,0.03874120277907818,0.20035637475156073
0.7417785418681984,0.06280750413175175,0.1954139540000499
0.7062856300093827,0.09043361290271844,0.20328075708789894
0.6716019993264793,0.10793727942271009,0.22046072125081045
0.662540028494197,0.0993227041612695,0.23813726734453358
0.6671735214378024,0.09081009366063693,0.2420163849015608
0.6859628604923005,0.07170626085441571,0.24233087865328384
0.7062861867355952,0.059078150138480896,0.234635663125924
0.7231498322045099,0.05414032071493384,0.22270984708055627
0.7272451220733335,0.056080610346029125,0.21667426758063743
0.7144250515193522,0.07253388887236684,0.21304105960828096
0.6965108684980572,0.08324418373333083,0.22024494776861206
0.6903744798756635,0.08121253204864577,0.2284129880756908
0.6986817798892674,0.07159432636751645,0.22972389374321622
0.7098871517375455,0.06540296508063984,0.2247098831818147
0.7131793852683005,0.06701709401523619,0.21980352071646342
0.7035016816990346,0.07528171525729363,0.2212166030436718
0.7005549407704802,0.07386194744412428,0.22558311178539558
0.7069313364467122,0.06946017004458868,0.2236084935086991
0.7069546334408275,0.0713668526468561,0.22167851391231627
0.7040817918689399,0.07325602716229128,0.22266218096876883
0.7031834340980939,0.07287474486720256,0.2239418210347035
0.7057295998280753,0.07098959771586529,0.22328080245605947
0.7053718277823301,0.07195541752543494,0.22267275469223508
0.7045274519497331,0.07199800381711927,0.22347454423314755
0.7052029037057858,0.0718245789196136,0.22297251737460067
0.7049358293921646,0.07183011253720119,0.22323405807063426
0.70489496057016,0.07193419812047543,0.2231708413093647
0.7049788422427029,0.07188080345380704,0.22314035430349008
0.704970074309742,0.07187676200161043,0.22315316368864763
0.7049624169830842,0.0718809889155053,0.22315659410141053
0.7049611981508336,0.0718817102391932,0.22315709160997332
0.7049615256450041,0.07188150269032596,0.2231569716646699
0.7049620500805606,0.0718812532114448,0.2231566967079947
0.7049620072581936,0.07188127687023288,0.22315671587157357
0.7049616549736096,0.07188144312434308,0.22315690190204726
0.7049616319368713,0.07188145379007255,0.22315691427305615
0.7049618318391018,0.07188135844350944,0.22315680971738872
