0.35,0.4,0.25
0.34907794565575273,0.3998792324682287,0.25104282187601856
0.34641053238815267,0.3992481808795394,0.25434128673230794
0.3456163692823598,0.3989608112350435,0.2554228194825967
0.34046057385788875,0.395122749494237,0.26441667664787427
0.3450629150116484,0.3452442324917658,0.3096928524965858
0.38068887618985114,0.26889221175129424,0.3504189120588547
0.41968879725711206,0.20546089076722873,0.3748503119756592
0.49631642559216915,0.11300042637849275,0.3906831480293381
0.5700866302643828,0.057201880235850794,0.3727114894997665
0.6288016849067729,0.031063453674761522,0.3401348614184656
0.6739188108336797,0.019010950078252615,0.30707023908806774
0.7073653294654947,0.013399030673145112,0.2792356398613603
0.7346750123355945,0.010495668657366142,0.2548293190070393
0.7571336273362236,0.009191794593939226,0.23367457806983705
0.7764264692737839,0.00913253934058263,0.2144409913856335
0.7851595895344142,0.009724018747578096,0.20511639171800763
0.7980894009233462,0.013164473958016903,0.18874612511863684
0.800350400787142,0.021649343619859613,0.17800025559299845
0.7864030235021608,0.04011100436736867,0.17348597213047043
0.7501867745535855,0.072968933179414,0.17684429226700052
0.7261330323123786,0.09233959429518562,0.18152737339243583
0.6997629966375897,0.11203366370322536,0.18820333965918506
0.6424622774733958,0.146886924120811,0.2106507984057932
0.6175019357461844,0.1519797159341243,0.23051834831969129
0.6118601479728412,0.14180556137372244,0.24633429065343646
0.6274430911779101,0.10898097603340966,0.26357593278868025
0.6488706257197058,0.08491800792903675,0.2662113663512576
0.6723593607937183,0.0659403914236069,0.2617002477826749
0.7024869290752748,0.04912753703951707,0.24838553388520812
0.7223519499989687,0.04217177800119443,0.23547627199983698
0.7403847337149349,0.040082286428162806,0.21953297985690237
0.7466540383412432,0.04591156704082283,0.207434394617934
0.731975994181893,0.06529247480715256,0.20273153101095448
0.6995351167055398,0.08916066791936914,0.21130421537509114
0.6798349618648096,0.09696276674754419,0.2232022713876462
0.6755377063005997,0.09063604812263082,0.23382624557676956
0.6867106623135765,0.07601654505453427,0.23727279263188925
0.704391772643663,0.06351410595185839,0.23209412140447866
0.7177037941788934,0.05892952273019224,0.22336668309091431
0.717848739349335,0.06680452073302583,0.21534673991763914
0.7022266131769503,0.0785239612308431,0.2192494255922067
0.6945981287498482,0.07870064636998446,0.22670122488016742
0.6999022727783923,0.0721730176299362,0.22792470959167144
0.7091114563504514,0.06708519163074197,0.22380335201880666
0.7103474599680971,0.06923920490226036,0.2204133351296425
0.70373443178375,0.07438845397054406,0.22187711424570597
0.7015399428724978,0.07368540222565388,0.22477465490184834
0.7060496310274839,0.0702467854266413,0.22370358354587486
0.7065890102812149,0.07131258577991642,0.22209840393886873
0.7036719155288454,0.0729111501077445,0.22341693436340998
0.7046659019967414,0.07165659358805058,0.22367750441520803
0.705589850058907,0.07162945717999684,0.22278069276109622
0.704533212549538,0.07210470797301075,0.22336207947745124
0.7052333665686616,0.0717123237464443,0.22305430968489406
0.7048070960794545,0.07197176772632868,0.22322113619421696
0.7050319124217775,0.07185501158129715,0.22311307599692537
0.7049735410315795,0.0718608985127248,0.2231655604556958
0.7049570923884081,0.07188051014682781,0.22316239746476418
0.7049605546682466,0.07188135794276168,0.22315808738899176
0.7049617589524828,0.07188127677207015,0.22315696427544707
0.7049617448971988,0.07188139923230492,0.22315685587049625
0.7049617016207412,0.07188142553936111,0.22315687283989757
0.7049623600151976,0.07188109478646895,0.22315654519833333
0.7049628713056685,0.07188083643130838,0.22315629226302308
0.7049615003069868,0.07188152620884411,0.22315697348416919
