0.4,0.4,0.2
0.3977201522645648,0.40167016737270916,0.20060968036272608
0.3896517106870299,0.4075446904173083,0.20280359889566185
0.3874328777659438,0.409149890845828,0.20341723138822826
0.3702574895556557,0.4214104766923246,0.20833203375201972
0.27091363320610307,0.4806961423820185,0.2483902244118783
0.24233490728608675,0.47778366699100905,0.27988142572290425
0.2508382030773161,0.4219424996127814,0.3272192973099025
0.2825245168662328,0.35009812108337085,0.36737736205039634
0.34747944012214094,0.23711419228648994,0.41540636759136906
0.40616942961127234,0.1582010960738369,0.4356294743148909
0.4742455601801262,0.09179823475356794,0.4339562050663058
0.5362182218005574,0.0520192679923931,0.41176251020704946
0.6029246431141944,0.026207286627285855,0.37086807025851976
0.6523886118205829,0.015190040263597352,0.3324213479158197
0.6892034795647864,0.010116934233518329,0.30067958620169516
0.7173645734363633,0.007579481905235037,0.2750559446584018
0.7414034885572501,0.006176764874045142,0.2524197465687047
0.7627413838531719,0.005514249574498932,0.2317443665723292
0.7820292014883288,0.005562597020714085,0.21240820149095718
0.7981694371550199,0.0066864785767304195,0.19514408426824964
0.8087931961312697,0.009856824590700279,0.18134997927803015
0.8109663181888761,0.01664474518754446,0.1723889366235795
0.8001498258566317,0.03210104894530038,0.16774912519806787
0.7603098265408443,0.0690257505368818,0.17066442292227368
0.7370609189312182,0.08824575285623969,0.1746933282125422
0.6845312460754238,0.12794872123963416,0.187520032684942
0.6256177631951461,0.1630210764515652,0.21136116035328872
0.5996648200368908,0.16728664765351123,0.23304853230959793
0.5955256820185532,0.1495070589829228,0.25496725899852396
0.6168711332766434,0.11120438955180922,0.2719244771715473
0.6408977922981086,0.0851503542918696,0.2739518534100218
0.6661567117057701,0.06509735056574387,0.2687459377284861
0.700451961065762,0.04635260620803477,0.2531954327262033
0.7295215861949191,0.037259923567968235,0.23321849023711266
0.7442573776412232,0.036138575374070545,0.21960404698470634
0.7522693176211301,0.041162235047388605,0.20656844733148128
0.7412937936137975,0.059005031321662765,0.19970117506453966
0.7070675389847246,0.08658815856744398,0.20634430244783145
0.6792066958260072,0.10064339737479991,0.22014990679919286
0.6703533583012217,0.09491904292714513,0.2347275987716332
0.6836584440969341,0.07676313004235483,0.23957842586071118
0.7039782875184099,0.062392380717995896,0.2336293317635942
0.7187339374411718,0.05714242787750856,0.22412363468131963
0.7208945714127714,0.06472773268871712,0.21437769589851147
0.7016776545025493,0.07961360822312687,0.21870873727432394
0.6961706472090016,0.0816814387426843,0.22214791404831422
0.6928989259633896,0.08022646473606634,0.22687460930054404
0.6992441603421643,0.07210731877665345,0.22864852088118232
0.709506028522887,0.06641184910386368,0.22408212237324932
0.7114320643042207,0.06844274542001204,0.22012519027576727
0.7042907628616372,0.07441327469321074,0.22129596244515212
0.7007553679730848,0.07444783698996289,0.2247967950369523
0.7049244106599304,0.07059501621043342,0.22448057312963626
0.7074995121152197,0.07021882318600753,0.22228166469877275
0.7045007053478869,0.07290206566441626,0.2225972289876968
0.7038049735112234,0.07230050279821477,0.2238945236905618
0.7058587070001148,0.0713308700101494,0.22281042298973586
0.7044529491298815,0.07231833577385041,0.22322871509626804
0.7051420855368467,0.07163423770203224,0.22322367676112118
0.7049480396431259,0.07198701120930268,0.22306494914757147
0.704966352374563,0.07182143540023798,0.2232122122251991
0.7049216678647862,0.07193147553912277,0.223146856596091
0.7049967274048932,0.07185889738656709,0.22314437520853983
0.704961297723927,0.07187615895731864,0.22316254331875443
0.7049619478161443,0.07188006814408579,0.22315798403976989
0.7049621736742071,0.07188103024374651,0.22315679608204647
0.7049620210780861,0.07188125040413505,0.22315672851777887
0.7049618603274515,0.07188134310490496,0.22315679656764364
0.7049615922449511,0.07188149706565145,0.22315691068939733
0.7049615431101807,0.0718815201719308,0.2231569367178885
0.704961933534256,0.07188130187579662,0.22315676458994732
