0.45,0.4,0.15
0.4464207681877725,0.403277090574497,0.15030214123773053
0.4318131508627745,0.41669112337573366,0.1514957257614919
0.4282439022050716,0.4199790813340573,0.1517770164608712
0.3998240058458356,0.446326895759632,0.15384909839453245
0.21858915653891675,0.6272876192554241,0.15412322420565916
0.14407946253522227,0.7140101592716849,0.14191037819309293
0.06145971285464577,0.8289193572178108,0.10962092992754338
0.01967359776605483,0.9074352366489359,0.07289116558500924
0.0050791205217402295,0.9510334157193042,0.04388746375895559
0.002220998700174975,0.9656767879584259,0.03210221334139903
0.0011255605019685453,0.9740584770052951,0.024815962492736366
0.0005058073953942118,0.9811689882772288,0.018325204327376998
0.00022371541460912352,0.9863270249561936,0.01344925962919729
0.0,0.990172847081736,0.009827152918263969
0.0,0.9928443136202089,0.007155686379791113
0.0,0.994500165692882,0.005499834307118012
0.0,0.9957781452974717,0.0042218547025282835
0.0,0.996762300745113,0.003237699254886944
0.0,0.9975188907095821,0.0024811092904178833
0.0,0.9978285329041582,0.002171467095841774
0.0,0.9983543583848103,0.0016456416151896642
0.0,0.998796793559725,0.0012032064402749845
0.0,0.9991206167278674,0.0008793832721325664
0.0,0.9993574688971245,0.0006425311028754744
0.0,0.9995306240725689,0.00046937592743112285
0.0,0.9996571673382741,0.00034283266172586323
0.0,0.9997496221738923,0.0002503778261076679
0.0,0.9998171585377182,0.00018284146228180883
0.0,0.9998664856181769,0.00013351438182315536
0.0,1.0,0.0
