0.6,0.05,0.35
0.6016357453171604,0.04916486727543678,0.34919938740740286
0.6090370082389558,0.045533996025108665,0.34542899573593555
0.6106151752368959,0.04479052734722476,0.3445942974158794
0.6228157503694874,0.03939366710287391,0.3377905825276386
0.6718897309764846,0.023237896721622457,0.3048723723018928
0.7085856948395356,0.01589481724753155,0.275519487912933
0.7354424781853777,0.012580560578223038,0.25197696123639934
0.7579774924830951,0.011129005128023,0.230893502388882
0.776370391284946,0.011269395301418296,0.21236021341363567
0.7900691272388416,0.013525216602540975,0.19640565615861738
0.7961786265266265,0.020181790441495907,0.18363958303187758
0.786969672489615,0.03632618866264516,0.17670413884773986
0.7647087306187875,0.058262431968342535,0.17702883741286998
0.7347553318647859,0.08345791403439584,0.18178675410081818
0.6933055010898032,0.11424372840570853,0.19245077050448836
0.6404683843685175,0.14361665089098744,0.2159149647404952
0.6281055020844988,0.1458948774911168,0.22599962042438454
0.619321389439159,0.1357186248174731,0.24495998574336783
0.6332600636822652,0.106339060360497,0.2604008759572379
0.653407171509187,0.08376525261100876,0.2628275758798042
0.6758157309707012,0.06575649641203243,0.2584277726172663
0.7059831873983415,0.0492402869505432,0.24477652565111535
0.7246913614538459,0.043119933107668,0.23218870543848602
0.740352952826152,0.04230427612758584,0.21734277104626232
0.7433078420256977,0.050075059958872785,0.20661709801542955
0.7281333954717352,0.06764034625164367,0.2042262582766212
0.7061385793995854,0.08420463881276606,0.20965678178764852
0.6824284454957527,0.09505655662500688,0.22251499787924042
0.6783496854980061,0.08762672112915289,0.23402359337284107
0.6922667470297036,0.07208207860201102,0.2356511743682854
0.7092244046363142,0.0618275119808206,0.22894808338286524
0.719233959826088,0.06013862353081131,0.22062741664310068
0.7127658549001263,0.0711588666417368,0.2160752784581369
0.7001334690418435,0.07907612496053545,0.22079040599762115
0.6952990440685787,0.07897399687905858,0.22572695905236276
0.6981379441990172,0.07406939871673893,0.22779265708424393
0.708470384702164,0.06748920084319249,0.22404041445464354
0.7102506528929003,0.06901075084506808,0.22073859626203166
0.7030045352830196,0.07453167277911053,0.2224637919378698
0.7019726699703768,0.07328401767227433,0.22474331235734896
0.7066027006576862,0.07021680440594705,0.2231804949363668
0.706096117375739,0.07171050949257228,0.22219337313168885
0.7037669686627043,0.07258757048345175,0.22364546085384407
0.7055821355906626,0.07128497376019034,0.22313289064914704
0.7049158995457567,0.07213009849605899,0.22295400195818432
0.7048178087272403,0.07184129650360722,0.2233408947691524
0.7049813445844061,0.07194626696652448,0.22307238844906943
0.7050242426131601,0.07181476464773215,0.2231609927391077
0.704920457925469,0.07190376069452376,0.22317578138000735
0.7049558530467716,0.0718905136376099,0.22315363331561855
0.7049607069973044,0.07188348574128346,0.2231558072614121
0.7049596745002645,0.07188265790351822,0.2231576675962173
0.704961081039835,0.07188170931372977,0.2231572096464353
0.7049622587023,0.07188113979244372,0.22315660150525635
0.7049623602456347,0.07188109893470375,0.2231565408196615
0.7049615081527996,0.0718815194504336,0.22315697239676693
0.7049613680583292,0.07188158804196763,0.22315704389970312
0.704963417795402,0.07188057760857917,0.22315600459601892
0.7049633525433119,0.07188066428107484,0.22315598317561328
0.7049626065271257,0.07188138580784587,0.22315600766502847
0.704962252885177,0.07188090243524355,0.2231568446795795
0.7049612287349014,0.071881833151545,0.22315693811355367
0.7049599186321347,0.07188255851189543,0.22315752285596996
0.7049616328868716,0.07188147189856624,0.22315689521456217
0.7049618269756242,0.07188136156295692,0.223156811461419
0.7049618270068478,0.07188136182232831,0.22315681117082392
0.7049618269250767,0.07188136187020457,0.2231568112047188
0.7049618270139169,0.07188136181896268,0.22315681116712044
