0.35,0.45,0.2
0.347675299641077,0.4518463492679388,0.20047835109098416
0.3392734326073975,0.4585198212237786,0.2022067461688239
0.3370054086760654,0.4603216719182188,0.2026729194057158
0.31933646971046725,0.4743746429669924,0.20628888732254022
0.2041777161319516,0.5707820836078693,0.2250402002601791
0.1413712734047071,0.6366054177639834,0.22202330883130958
0.11464074306424414,0.6711624856397315,0.21419677129602435
0.06662714252828171,0.7483895967351715,0.1849832607365468
0.04442028431378991,0.7938840193841741,0.1616956963020361
0.019507822648431115,0.8602733682243328,0.12021880912723608
0.006877420215974291,0.911734507049173,0.08138807273485281
0.0038031723181779793,0.9311265885653133,0.06507023911650876
0.0011593968967517124,0.9573527287982552,0.04148787430499315
0.0004311927453929903,0.9710575196614226,0.028511287593184456
0.00019342914491571764,0.9787704894491225,0.021036081405961787
0.0,0.9836723823198537,0.016327617680146286
0.0,0.9880710955084351,0.011928904491564874
0.0,0.9913223800849474,0.008677619915052504
0.0,0.9937060517726881,0.006293948227311854
0.0,0.9954447746099154,0.004555225390084522
0.0,0.9967083439675771,0.0032916560324228726
0.0,0.9976241253057827,0.0023758746942173035
0.0,0.9982865412661247,0.0017134587338752901
0.0,0.9987650078638401,0.0012349921361598352
0.0,0.9991102514580407,0.0008897485419592876
0.0,0.9993591813484446,0.0006408186515553462
0.0,0.999538570339498,0.0004614296605020525
0.0,0.9996677954178952,0.0003322045821048023
0.0,0.9997461972773154,0.00025380272268456597
0.0,0.9997951579265696,0.00020484207343041269
0.0,0.9998463947770785,0.0001536052229214729
0.0,0.9998877114767422,0.00011228852325779126
0.0,1.0,0.0
