0.1,0.55,0.35
0.1004612436695855,0.5486432855218344,0.35089547080858013
0.10206325521018719,0.5439955195231928,0.3539412252666201
0.10257376411736302,0.5425337695889647,0.3548924662936723
0.1072080637566039,0.5296197587248942,0.36317217751850184
0.1473700978549062,0.43204845247287216,0.42058144967222166
0.18965764373084534,0.345337635973578,0.46500472029557666
0.2601418018668352,0.22724003532974685,0.512618162803418
0.33141201916502516,0.1391961812648698,0.5293917995701051
0.4168622608140621,0.07064224511085063,0.5124954940750873
0.49288979002666244,0.035463605415688965,0.4716466045576486
0.5246491665786172,0.02593329838957126,0.44941753503181164
0.5637402231216759,0.017284805054103177,0.418974971824221
0.6096252576834664,0.010455964937368448,0.3799187773791652
0.6466186450769812,0.006870580413884707,0.3465107745091341
0.6786950338784143,0.0047719378751098,0.31653302824647594
0.707373956009083,0.0034959020063522256,0.2891301419845647
0.7324299012709422,0.0027503288626139787,0.26481976986644384
0.7555660023558973,0.0023327419354860187,0.2421012557086165
0.7763350315482599,0.002204635245576499,0.22146033320616365
0.79475253723338,0.002414663024861944,0.20283279974175805
0.8104079260535435,0.0032426785542153495,0.18634939539224118
0.8206607386801293,0.005214979041648466,0.1741242822782223
0.824750260365729,0.009382332700394113,0.16586740693387686
0.8209839524428577,0.01809879998427545,0.16091724757286693
0.8038884476622788,0.03650285037842638,0.15960870195929486
0.7700280489350002,0.06693133122237355,0.16304061984262627
0.7309201347425188,0.0993996588309541,0.16968020642652717
0.6627611773352364,0.1508437635543597,0.1863950591104039
0.5966124709475741,0.18915606188109127,0.21423146717133473
0.5707423462742384,0.19044620283376443,0.23881145089199712
0.5698379974696502,0.1661269682811846,0.26403503424916513
0.5962232222280712,0.12034472958078313,0.2834320481911456
0.6256045840385287,0.08820311352135939,0.28619230244011196
0.6558022143252891,0.06430221574921752,0.27989556992549347
0.6921945178088368,0.044448408519440756,0.26335707367172256
0.725397867445453,0.033521793531677196,0.2410803390228698
0.7433250139263039,0.030853622966314193,0.225821363107382
0.7570042614396227,0.032614931020136476,0.21038080754024088
0.7585981837181814,0.04288545148116733,0.19851636480065124
0.7422951195028794,0.06190539931903117,0.19579948117808937
0.7223754767311632,0.07857838300229537,0.19904614026654147
0.6869944778571467,0.1014993157516516,0.21150620639120166
0.6665032104982981,0.10744791541242467,0.2260488740892772
0.662637014302023,0.10281988237396286,0.23454310332401404
0.6729252067639494,0.08418220549482443,0.24289258774122624
0.6974636015919172,0.06405614701604011,0.2384802513920426
0.7139982465922642,0.056186805576247556,0.2298149478314883
0.7268814534583966,0.056488706289349155,0.21662984025225424
0.7193553309467527,0.06815603158839968,0.21248863746484764
0.6972135231993819,0.08282727519694433,0.21995920160367377
0.6906038477470644,0.08122405945015791,0.2281720928027776
0.6956413285750439,0.07431101869169224,0.23004765273326386
0.7083456094443125,0.06600096572117375,0.2256534248345138
0.7131970818702974,0.06658304617122318,0.2202198719584793
0.7044897791706811,0.07472645565536797,0.22078376517395096
0.7002240840983811,0.07440186977718906,0.22537404612442993
0.7063106320866817,0.06969012889557273,0.22399923901774565
0.7073566593572266,0.07092694554592599,0.22171639509684746
0.7034513855396037,0.07338122385983564,0.2231673906005608
0.7038170642567161,0.07214961465759036,0.22403332108569368
0.7060306400831143,0.07123215989944331,0.22273720001744238
0.704402291360198,0.07241433078331722,0.22318337785648473
0.705039894893285,0.07164130434697186,0.22331880075974306
0.7050551853479985,0.07194117353513746,0.22300364111686413
0.7049569341856636,0.0718163988543788,0.2232266669599576
0.7049026683908742,0.07194108245517924,0.2231562491539466
0.7049983795066069,0.07186235485929311,0.2231392656340999
0.7049682461957909,0.07187254039520984,0.22315921340899927
0.7049629023763775,0.07187939432254217,0.22315770330108034
0.7049627910917996,0.07188072517631569,0.22315648373188468
0.7049628627038533,0.07188084804227808,0.22315628925386854
0.7049610395123349,0.0718817610370171,0.2231571994506481
0.7049602661023086,0.07188213067964822,0.22315760321804323
0.7049628864187166,0.0718808391990419,0.2231562743822415
0.7049621119950009,0.0718812218232531,0.22315666618174607
0.7049605128488735,0.07188200827967337,0.22315747887145307
0.7049616910581775,0.07188142854502891,0.22315688039679363
