0.25,0.55,0.2
0.24784868291028642,0.55204291019134,0.20010840689837367
0.23969531555141052,0.5598580828774583,0.2004466015711312
0.23759210824079288,0.5618935638538356,0.20051432790537158
0.22106208034849317,0.5781975548104828,0.200740364841024
0.1288752201003125,0.6834913528589939,0.1876334270406936
0.05335183709216267,0.8018857299649269,0.1447624329429103
0.02631067214559874,0.8609960039802861,0.11269332387411521
0.010528774218035249,0.909227437111989,0.0802437886699758
0.0027731806361743034,0.9487173833954727,0.04850943596835308
0.0013594984967631703,0.9616094047141656,0.03703109678907129
0.0006482057825696652,0.971385765118098,0.0279660290993323
0.0002736599293352054,0.9795608734528928,0.020165466617771938
0.00011321040930363657,0.9854584405003858,0.01442834909031052
0.0,0.9897340281170783,0.010265971882921637
0.0,0.992725684230778,0.007274315769222046
0.0,0.9948603486938541,0.0051396513061458425
0.0,0.9963760391671156,0.0036239608328844384
0.0,0.9972874406078305,0.0027125593921695154
0.0,0.9979711410412583,0.0020288589587417966
0.0,0.9984833615984834,0.001516638401516582
0.0,0.9988667371391796,0.001133262860820348
0.0,0.9991534680112061,0.0008465319887938963
0.0,0.999332362260116,0.0006676377398839413
0.0,0.9994752730123387,0.0005247269876612304
0.0,0.9995348286219925,0.00046517137800749267
0.0,0.9996462526928351,0.00035374730716484587
0.0,0.9997408565645393,0.00025914343546072773
0.0,0.9998101756530254,0.00018982434697455245
0.0,0.9998609606580476,0.0001390393419524067
0.0,0.9998981632552675,0.00010183674473259564
0.0,1.0,0.0
