0.30000000000000004,0.6000000000000001,0.10000000000000002
0.2955048955621578,0.6047006510435734,0.0997944533942687
0.2751477459006767,0.6261223820425948,0.09872987205672859
0.27514774590067664,0.6261223820425947,0.09872987205672856
0.2708315433865354,0.6306937475901516,0.09847470902331293
0.23739337715549347,0.6664923665587579,0.09611425628574871
0.10235662488304102,0.8211703572559349,0.07647301786102409
0.035176769905596934,0.9119617242761976,0.05286150581820551
0.010330328786399752,0.956087054464608,0.033582616748992364
0.003995212841592302,0.9725232301046682,0.023481557053739437
0.001843742930396278,0.9806296442673627,0.017526612802241083
0.0008241596017287758,0.9862571517189035,0.012918688679367778
0.0003543486163237442,0.9902648255140535,0.009380825869622822
0.00015101577235447422,0.9930605574012669,0.0067884268263786775
0.0,0.9950992912806285,0.004900708719371582
0.0,0.996468648390833,0.003531351609166892
0.0,0.9974585367741691,0.002541463225830944
0.0,0.9981725881356605,0.001827411864339596
0.0,0.9986868710409676,0.0013131289590322932
0.0,0.9990568617363583,0.0009431382636415982
0.0,0.9992830701025949,0.0007169298974051338
0.0,0.9994551184817843,0.00054488151821574
0.0,0.9995859338771361,0.0004140661228637968
0.0,0.9996853748739847,0.0003146251260153172
0.0,0.999725752820371,0.00027424717962894283
0.0,0.9997919384266595,0.00020806157334059343
0.0,0.9998476151409154,0.00015238485908466287
0.0,0.999888398266886,0.00011160173311391749
0.0,1.0,0.0
