0.75,0.05,0.2
0.7498352336510623,0.05022670870396971,0.19993805764496805
0.7493172960381976,0.050921634530263646,0.1997610694315388
0.7491396846614095,0.051154317569420585,0.19970599776917
0.7476021685958213,0.05307199314270134,0.19932583826147748
0.7284209041193312,0.07140338824189692,0.20017570763877182
0.6932225794542751,0.09556394636021809,0.2112134741855068
0.6732095657044211,0.10253373088831785,0.224256703407261
0.6685444019879293,0.0975260362825357,0.23392956172953494
0.6783133635086511,0.08138113821291103,0.24030549827843778
0.7006210700451381,0.06381862344833521,0.23556030650652676
0.7155251183255763,0.057304356649779405,0.22717052502464435
0.7242387103906874,0.059525194905428166,0.21623609470388436
0.7123451940737149,0.0730335695839281,0.21462123634235694
0.6983738580447044,0.08133269668512767,0.22029344527016798
0.6923895887216387,0.08071579572189602,0.2268946155564653
0.6972589957312914,0.07362298359159059,0.229118020677118
0.7081492954760121,0.06665722468591334,0.22519347983807458
0.7121454690082181,0.0673062523604417,0.22054827863134016
0.7042347652214588,0.07452875899433777,0.22123647578420358
0.7010111750892468,0.07381817510568914,0.22517064980506413
0.7064767845246551,0.06985525866097077,0.22366795681437407
0.7067716568405541,0.07134013289328987,0.22188821026615607
0.7033834196593032,0.07290276019212058,0.22371382014857616
0.7051665652882836,0.07128949612510907,0.22354393858660743
0.7055838919825125,0.0717127695842739,0.22270333843321363
0.7045697538498339,0.07200682656085307,0.22342341958931317
0.7051928054630282,0.07180607234328164,0.2230011221936902
0.7048855235828664,0.07187534524407821,0.22323913117305544
0.7049140718914514,0.0719294879647627,0.22315644014378594
0.704978837783651,0.07187850836596318,0.22314265385038587
0.7049696695575008,0.07187667667813909,0.22315365376435997
0.7049635068479377,0.0718803176106671,0.22315617554139514
0.7049619501217096,0.07188133451402416,0.22315671536426623
0.704961772749832,0.07188143198966496,0.223156795260503
0.7049618580353281,0.07188134558167561,0.22315679638299646
0.7049615443834735,0.07188148273826968,0.22315697287825687
0.7049612359437047,0.07188166199218374,0.22315710206411157
0.7049609215808542,0.07188185620155672,0.22315722221758907
0.7049609539047256,0.07188180536201463,0.2231572407332598
0.7049613893573569,0.07188136211857565,0.22315724852406751
0.7049615496146958,0.07188159523667195,0.2231568551486322
0.7049618840248144,0.071881388273565,0.22315672770162054
0.7049618293034766,0.07188139516253222,0.22315677553399116
0.7049613014895008,0.07188173959703573,0.22315695891346354
0.7049618269650417,0.07188136174916847,0.22315681128578976
0.7049618270211893,0.07188136181547967,0.22315681116333116
0.7049618270139294,0.07188136181901171,0.22315681116705888
