0.85,0.05,0.1
0.8489952413518809,0.05089420857139789,0.10011055007672123
0.8441077202034598,0.05525528397508071,0.10063699582145942
0.8430128028138364,0.05623463394758805,0.10075256323857562
0.8336529057745142,0.0646364012750098,0.10171069295047594
0.7445040805370783,0.1458842216225826,0.10961169784033907
0.5857763624257946,0.2921398245487741,0.12208381302543131
0.42062194856575763,0.44777150785856235,0.13160654357568002
0.21210041878671076,0.6615614879532968,0.12633809325999248
0.10218373047637051,0.7933215082038724,0.10449476131975714
0.038529242757646714,0.8864347718528475,0.0750359853895058
0.015092306490274335,0.9317110659068549,0.053196627602870736
0.005549599239222448,0.9579047761605503,0.03654562460022734
0.002812079888180768,0.9689188432650484,0.028269076846770894
0.0012355220168757458,0.9780592309488304,0.02070524703429394
0.0005322388442673741,0.9844205687684836,0.01504719238724913
0.00022600293739479335,0.9888997670680802,0.010874229994524809
0.0,0.9921722608411313,0.00782773915886874
0.0,0.9943823562911492,0.005617643708850758
0.0,0.9959766745398053,0.004023325460194702
0.0,0.9971227610293167,0.002877238970683249
0.0,0.9979445526730618,0.0020554473269382497
0.0,0.9985327414423959,0.0014672585576041533
0.0,0.9989531827240773,0.0010468172759227244
0.0,0.9992012791314294,0.0007987208685706332
0.0,0.9994065448132574,0.0005934551867425262
0.0,0.9995591335986577,0.0004408664013422954
0.0,0.9996725302427193,0.0003274697572806481
0.0,0.9997567826160738,0.00024321738392614378
0.0,0.9998193708954788,0.00018062910452128336
0.0,0.9998658599890873,0.00013414001091273896
0.0,1.0,0.0
