0.1,0.05,0.85
0.10295729227784317,0.04834730137076087,0.848695406351396
0.12243090631794691,0.03913311769398185,0.8384359759880712
0.1258282309844272,0.03777219931483084,0.8363995697007419
0.15507153393176062,0.02822793306023567,0.8167005330080037
0.2570474436976904,0.01123416672677326,0.7317183895755364
0.3426633392729607,0.0052939765664976966,0.6520426841605416
0.39478209218728166,0.003299046542164758,0.6019188612705536
0.45399451318316636,0.0018789224033853955,0.5441265644134483
0.5060816906779764,0.0011121710596607485,0.49280613826236286
0.553723977247633,0.0006698157261496502,0.4456062070262174
0.5932521338184978,0.00043113344235385075,0.4063167327391482
0.6274743533287763,0.00029093627980370483,0.37223471039142
0.6601539253159792,0.0001989732142736127,0.3396471014697473
0.688882643088188,0.00014331451926974457,0.3109740423925423
0.7154044064573428,0.00010791176993938729,0.28448768177271777
0.7392684538727347,0.0,0.26073154612726535
0.7615912767800566,0.0,0.23840872321994339
0.7822141103250325,0.0,0.2177858896749675
0.8003892617616578,0.0,0.19961073823834227
0.8164280970414057,0.0001134039845906473,0.1834584989740036
0.8282832338481995,0.00018424703523264068,0.17153251911656775
0.8368857914555725,0.00033435103571178063,0.1627798575087158
0.8431283941203751,0.0006588230880991584,0.1562127827915258
0.8467566288305816,0.0012036621102045901,0.15203970905921388
0.8489851072217093,0.002272278704200432,0.14874261407409023
0.8493642792407418,0.004409245955320341,0.14622647480393788
0.8467538281630074,0.008699562351050733,0.14454660948594197
0.8386872454186872,0.017367665100279202,0.14394508948103363
0.8189646249983841,0.035828893384812766,0.1452064816168031
0.7670206674639298,0.08128709227781301,0.15169224025825712
0.7375799525863994,0.1061188999241225,0.15630114748947818
0.6643984819689939,0.16511647193349296,0.1704850460975132
0.5759479177016583,0.2283479539668053,0.19570412833153644
0.5093874184644318,0.2566289399211784,0.23398364161438986
0.49749967506927684,0.23392659282311404,0.2685737321076091
0.515132387244099,0.18842056973158305,0.29644704302431785
0.5591602660077845,0.12464390696469996,0.3161958270275156
0.5866574011933562,0.0958158499152056,0.31752674889143834
0.626027049782235,0.0645615685868553,0.3094113816309096
0.6697882129710546,0.040954505960890925,0.28925728106805454
0.7082944941251414,0.027927504011011513,0.26377800186384714
0.7356288266416771,0.02248827487624094,0.24188289848208194
0.7560503931366053,0.02085700348514444,0.22309260337825026
0.7713397103189341,0.022857468481898856,0.20580282119916704
0.7762553761294064,0.03085139041303552,0.19289323345755807
0.7574944543231935,0.055405689981519984,0.18709985569528662
0.7184332968725353,0.0878764772658319,0.1936902258616327
0.6849799704254238,0.11017722351301082,0.2048428060615654
0.6678258785235096,0.11889645792620654,0.2132776635502839
0.6461139859765109,0.11987870785978912,0.23400730616369997
0.6492540146657083,0.10410734250147947,0.24663864283281223
0.6730953389061106,0.07635319133705971,0.2505514697568298
0.696117712216115,0.06016142277818254,0.24372086500570242
0.7170553322855998,0.05090542988959103,0.23203923782480915
0.7289302677107324,0.04885755128694468,0.22221218100232293
0.733879432911433,0.05491566954591011,0.21120489754265687
0.7134647458203504,0.07577346441932672,0.2107617897603229
0.6927850316419827,0.08752030207818391,0.2196946662798333
0.6853099473451736,0.08432922513075901,0.2303608275240674
0.6965297258363248,0.07145943639642414,0.23201083776725115
0.7106132736098085,0.06354701086112616,0.22583971552906537
0.7161431843245297,0.06455041829789537,0.21930639737757499
0.7049120236469403,0.0754253327902011,0.21966264356285875
0.6980048493377086,0.07717708406226576,0.22481806660002562
0.6998922584274201,0.073582814157509,0.22652492741507094
0.7069876032966356,0.06882519927109569,0.22418719743226878
0.7088138902098025,0.06981432337760544,0.2213717864125922
0.703714673858772,0.07375158525093772,0.22253374089029035
0.703195247661142,0.07243897125203907,0.22436578108681898
0.7052521168726468,0.07095996150872746,0.22378792161862576
0.7064331840502274,0.07098924231513845,0.2225775736346341
0.7042593329778335,0.07261637034849674,0.2231242966736698
0.7048996761231068,0.07164174840421812,0.22345857547267511
0.7052032463038315,0.07188116828270623,0.22291558541346237
0.7049241227886143,0.07181025036070375,0.2232656268506819
0.704883217981008,0.07196308669598002,0.22315369532301213
0.7050143176571478,0.07185212689383799,0.22313355544901414
0.7049655493165113,0.07187087953450795,0.22316357114898072
0.7049614857152037,0.07187960419861236,0.22315891008618396
0.7049626033275913,0.07188066206544176,0.223156734606967
0.7049619995434823,0.07188128555856911,0.2231567148979487
0.7049616208709051,0.07188146472754162,0.22315691440155333
0.7049617945459598,0.0718813747649362,0.22315683068910408
