0.25,0.15,0.6
0.2538021813630595,0.14589541016949928,0.6003024084674412
0.2752807463751791,0.12441925900786396,0.6002999946169569
0.2791989303301026,0.1208017102616563,0.5999993594082411
0.3109921698987168,0.09457942426089957,0.5944284058403837
0.39236518717669266,0.04833717493750052,0.5592976378858069
0.47236053116304433,0.023271645217975614,0.50436782361898
0.5393828359124239,0.011847609926538789,0.4487695541610374
0.5912396051860582,0.006747093739880274,0.4020133010740615
0.6315917652744509,0.004266889212300093,0.36414134551324906
0.6655557508690405,0.0028860034705938103,0.3315582456603657
0.6949350173568909,0.002074557574921293,0.30299042506818796
0.7218804331078628,0.0015703732654845746,0.27654919362665276
0.7353789019605196,0.0013904279878652834,0.26323067005161516
0.7592854455928145,0.001183114838509308,0.23953143956867629
0.7798134386370514,0.0011361302818819453,0.21905043108106653
0.7985002014626257,0.0012760518827381504,0.20022374665463605
0.8139803160070912,0.0017519005650466115,0.1842677834278622
0.8246656147407418,0.0028311886822990607,0.17250319657695917
0.8307199943075175,0.005094119838968254,0.16418588585351424
0.8315909640105433,0.009864364524668694,0.158544671464788
0.8245927386132854,0.019928167488588333,0.15547909389812625
0.8038260403665922,0.04047776044665126,0.15569619918675648
0.7677842276475914,0.07224345229749923,0.1599723200549095
0.722979424463484,0.1092822595791299,0.16773831595738614
0.6670395401742168,0.15223275136793468,0.18072770845784844
0.5896696801025444,0.2008867422407858,0.20944357765666993
0.552732963568077,0.20503634065060627,0.24223069578131678
0.55075971878557,0.18665747835004673,0.2625828028643834
0.5735383199066447,0.13963780084234684,0.2868238792510085
0.6114381276582712,0.0944084552443974,0.2941534170973314
0.6439983283118238,0.06741340218244721,0.28858826950572897
0.6820816619422048,0.045534149524819885,0.2723841885329754
0.7195634659931118,0.0322796832493259,0.24815685075756222
0.7389541365170637,0.028596061860621073,0.2324498016223152
0.756973271594773,0.02852866830599881,0.21449806009922825
0.7644230420618758,0.03349683138621196,0.20208012655191215
0.7563331066124669,0.04999489280029688,0.19367200058723621
0.7322624519208829,0.07250602010809667,0.19523152797102034
0.6975716310623216,0.0974443041747956,0.20498406476288294
0.6671646433084173,0.11130106034995167,0.22153429634163105
0.6585808069936182,0.10313836911557663,0.23828082389080518
0.6732970639035271,0.08152110810102901,0.245181827995444
0.6980812110154092,0.06245824653583743,0.23946054244875345
0.7180400976261884,0.05383057134933607,0.22812933102447563
0.7268840445057546,0.053297152119798435,0.21981880337444692
0.7248603240297341,0.06350638909706323,0.2116332868732027
0.6980795620333023,0.08324969774345108,0.21867074022324662
0.6890393938201157,0.08326277855962298,0.22769782762026142
0.689707766053724,0.0807959396821643,0.22949629426411175
0.6995865884126644,0.07052779203161606,0.2298856195557195
0.7105313540365331,0.06485338052786066,0.22461526543560623
0.7136548709227166,0.0669418590654493,0.21940327001183402
0.702914937750507,0.07575939858452455,0.22132566366496859
0.6995408055639009,0.07503374038801065,0.22542545404808847
0.7052355460451364,0.07002392088558772,0.22474053306927594
0.7082437130013851,0.06983593474504204,0.22192035225357282
0.7041642180615254,0.07330217377026464,0.22253360816821008
0.7035738776725086,0.07230029129829935,0.22412583102919206
0.7060969066683112,0.0712437880852117,0.2226593052464772
0.7042647013059868,0.07242409472722008,0.2233112039667931
0.7052673647981345,0.07154160885346081,0.2231910263484047
0.7049097146160214,0.07203689768364481,0.22305338770033376
0.7049730759689721,0.07180007575381477,0.22322684827721329
0.704913381288305,0.07194542391269557,0.22314119479899938
0.7050068814635204,0.0718511237920987,0.22314199474438098
0.7049594492010345,0.07187572503026633,0.2231648257686992
0.7049613717944239,0.07188009451087635,0.22315853369469985
0.7049627115484722,0.07188064370265651,0.2231566447488713
0.7049625492467285,0.07188099933722779,0.22315645141604368
0.7049588657142194,0.07188288442219631,0.2231582498635844
0.7049614002047483,0.07188156650684041,0.22315703328841135
0.704962205710713,0.0718811743421113,0.22315661994717576
0.7049633878860353,0.07188059176768188,0.22315602034628285
0.7049610721848847,0.07188173421883882,0.22315719359627653
0.7049616398353435,0.0718814540425147,0.22315690612214184
