0.1,0.2,0.7
0.10249331197117682,0.19552524441671906,0.7019814436121041
0.11767881896813076,0.1707141673493241,0.7116070136825451
0.12055372968555474,0.16644403268110253,0.7130022376333428
0.14577959246195493,0.13377283080004052,0.7204475767380045
0.2378582559668695,0.06194084470412203,0.7002008993290084
0.32343148062978716,0.03016188990001205,0.6464066294702008
0.41870978243873475,0.012898570321868641,0.5683916472393967
0.4839691204954931,0.0068703385114188996,0.509160540993088
0.5369091319334247,0.003975298943858385,0.4591155691227169
0.5802192694150488,0.002477141858616045,0.4173035887263352
0.6182175588516003,0.001608806091638723,0.38017363505676094
0.6514831426939632,0.0010943429909315125,0.3474225143151053
0.6811071905821743,0.0007784871855676879,0.3181143222322581
0.7083488207569782,0.0005778386306993122,0.29107334061232243
0.7327316122243367,0.0004563140187600611,0.2668120737569033
0.756541883199487,0.00038398750203710603,0.24307412929847594
0.7775184653180202,0.0003614696666970632,0.22212006501528284
0.7960822511372279,0.0003922846078034562,0.20352546425496865
0.8126873097429685,0.0005178826778279083,0.18679480757920364
0.8251925849957218,0.0008182281314111224,0.17398918687286724
0.8338077156028347,0.0014550998370357463,0.16473718456012953
0.8392062949487741,0.002820111823722891,0.15797359322750307
0.8410328254069822,0.0058118548403406495,0.15315531975267718
0.8385775058846523,0.01086484620797542,0.15055764790737214
0.8300274256343617,0.0205600299698563,0.14941254439578208
0.8110485206533409,0.03861932439573551,0.15033215495092353
0.7939448993313437,0.05392334499879494,0.1521317556698614
0.7337671607474393,0.10503495124156986,0.1611978880109909
0.6685786039346346,0.15665386671023776,0.17476752935512763
0.5882181238781115,0.2118542873095963,0.19992758881229225
0.5392423873784843,0.23156628751067168,0.22919132511084403
0.5267275263250676,0.20330814405993933,0.26996432961499317
0.5355647475866312,0.1807755852992707,0.28365966711409807
0.5790536392105412,0.11657882709145788,0.304367533698001
0.632881986587801,0.0678039476347705,0.2993140657774284
0.6676648833291831,0.0472659955997445,0.2850691210710724
0.7075847074340295,0.03186772184657715,0.26054757071939344
0.7354593569177117,0.025725075020456456,0.23881556806183185
0.7559506556157527,0.024325478563153886,0.21972386582109343
0.7680174028362227,0.027235346155477486,0.20474725100829994
0.7688800000691116,0.03780716148105142,0.193312838449837
0.7630126629256445,0.04622093127948934,0.19076640579486612
0.7374780447838392,0.07061301624506156,0.19190893897109937
0.6982469326057671,0.09948518025082624,0.20226788714340668
0.6614565260849001,0.11680712434202148,0.22173634957307828
0.6530034508920676,0.1055555220561803,0.24144102705175205
0.6673809573115429,0.08460823182175578,0.24801081086670126
0.6929746207822166,0.06381088591981357,0.24321449329796993
0.7149937740489632,0.05314933777176345,0.23185688817927338
0.730949200241077,0.052299959944242684,0.21675083981468024
0.7265874577801936,0.06317307999368188,0.21023946222612452
0.7004639345870682,0.08309270493963916,0.2164433604732926
0.692491152597305,0.08635316864949268,0.22115567875320233
0.6874062907618284,0.0858328140124151,0.22676089522575665
0.6914401956687228,0.07691682687242477,0.23164297745885248
0.7041220027742853,0.06703324940199519,0.2288447478237195
0.7134888168094884,0.06374777915665018,0.2227634040338615
0.712510294408826,0.06921373808652095,0.21827596750465314
0.7024870723291692,0.07631166825066892,0.22120125942016194
0.6988149031403512,0.0755494389720977,0.22563565788755116
0.7040838237795156,0.07047803273269058,0.22543814348779384
0.7085517359994824,0.06900165625943008,0.22244660774108754
0.7061885468642333,0.07223568789516183,0.22157576524060502
0.7027137703793714,0.07332251542133518,0.22396371419929337
0.7055007954547975,0.0709292677199384,0.22356993682526416
0.7058678627331796,0.07162207729078948,0.22251005997603085
0.7042120424572476,0.07228713950081475,0.2235008180419377
0.7054336625819079,0.07153017468214909,0.22303616273594312
0.704737572423528,0.0721118992770065,0.22315052829946563
0.7050291848834402,0.07176263819944147,0.2232081769171182
0.7049313077072634,0.071947347284972,0.22312134500776462
0.7050037872227933,0.07183519345661137,0.2231610193205953
0.7049306694674532,0.07190010604321932,0.22316922448932752
0.704960007323967,0.07188729112878525,0.22315270154724778
0.7049621331999923,0.07188231332309249,0.22315555347691518
0.704961257846478,0.07188185828073385,0.22315688387278818
0.7049617789405886,0.07188138396025938,0.2231568370991521
0.7049615650931293,0.07188154900869671,0.223156885898174
0.7049618266849697,0.07188136171051106,0.2231568116045194
0.704962164890129,0.07188120486185455,0.22315663024801644
0.7049618270412269,0.07188136181968063,0.22315681113909241
0.7049618270131899,0.07188136181940447,0.2231568111674056
