0.7000000000000001,0.20000000000000004,0.10000000000000002
0.6966969494327904,0.20310174750460536,0.10020130306260432
0.6813120583141283,0.2175621874641991,0.10112575422167258
0.6778176203650011,0.22084970285986838,0.10133267677513046
0.6487353977947831,0.24825544137238478,0.10300916083283213
0.45321422688106716,0.4356711644667083,0.11111460865222454
0.2388804894686854,0.6548783477460787,0.10624116278523588
0.1129250001275902,0.7995346821697598,0.08754031770265014
0.04152098078367089,0.8960989881140751,0.06238003110225411
0.012882305050197999,0.9465593472964475,0.04055834765335459
0.005756355736017245,0.9642749605220764,0.02996868374190636
0.002492174443341382,0.9756647043508162,0.0218431212058424
0.001054829110294265,0.9831723624598803,0.015772808429825442
0.0004392910169355174,0.9882445609731886,0.011316148009875885
0.00018084154950541437,0.9917370383739288,0.008082120076565887
0.0,0.9942455937542389,0.005754406245761082
0.0,0.9959126124167965,0.004087387583203504
0.0,0.9971012625654153,0.0028987374345846076
0.0,0.9979465460506532,0.0020534539493466844
0.0,0.9985465015591719,0.0014534984408280625
0.0,0.998895272866227,0.001104727133773036
0.0,0.9991605821722115,0.0008394178277884443
0.0,0.9993623062944478,0.000637693705552258
0.0,0.9995156288928658,0.00048437110713421056
0.0,0.9995778749967248,0.000422125003275179
0.0,0.9996797998732971,0.0003202001267028602
0.0,0.9997655180517199,0.0002344819482801376
0.0,0.9998283019924814,0.00017169800751865372
0.0,0.9998742819588846,0.0001257180411154341
0.0,1.0,0.0
