0.6,0.25,0.15
0.5971737611124299,0.25242590976021306,0.15040032912735718
0.5857048754982344,0.26225703383324506,0.1520380906685206
0.5828309329245662,0.2647172853476335,0.15245178172780033
0.5596405637240205,0.28452262183338733,0.15583681444259223
0.3773783257366533,0.43851091606411113,0.18411075819923547
0.22911121155469236,0.571828295177528,0.1990604932677797
0.14431451373606077,0.6656683627438813,0.1900171235200579
0.10750080204143414,0.7149043829436478,0.1775948150149181
0.044739526801987575,0.820606435159435,0.13465403803857745
0.020185712375758835,0.8787677964515892,0.1010464911726519
0.007813025349531544,0.9212944314011262,0.07089254324934215
0.002914288806245176,0.9482325379865939,0.0488531732071608
0.001266813929029994,0.9631000678495024,0.035633118221467676
0.0005308995192778378,0.9738443131208671,0.02562478735985498
0.0002165459901399659,0.9815464374620362,0.01823701654782394
0.0,0.9871169172792017,0.012883082720798314
0.0,0.9909491832380795,0.009050816761920568
0.0,0.9932266357497681,0.006773364250231885
0.0,0.9949405701561268,0.005059429843873229
0.0,0.9962261715584833,0.0037738284415167926
0.0,0.9971880967287337,0.002811903271266334
0.0,0.9979065010985102,0.00209349890148986
0.0,0.9984422891513622,0.0015577108486378255
0.0,0.998841467084045,0.0011585329159551005
0.0,0.9989734924398529,0.0010265075601470896
0.0,0.9992198123057194,0.0007801876942804975
0.0,0.999428769971689,0.0005712300283110198
0.0,0.9995818379266518,0.0004181620733482391
0.0,0.9996939299164871,0.00030607008351281974
0.0,0.9997759963402353,0.00022400365976470458
0.0,0.9998360699429227,0.00016393005707727632
0.0,0.9998800391447298,0.0001199608552701797
0.0,1.0,0.0
