0.45,0.3,0.25
0.44943116536259137,0.2994485609526282,0.25112027368478046
0.4478859114912565,0.2974557799859276,0.25465830852281585
0.44746750401820906,0.2967338808372094,0.2557986151445815
0.44543025070772496,0.2894059776877744,0.26516377160450066
0.45937016356657157,0.23837294196268377,0.3022568944707448
0.511136648038102,0.1536357219438506,0.3352276300180475
0.5467741879664128,0.1122737084499069,0.34095210358368033
0.5872191822216968,0.07656515602136635,0.33621566175693685
0.6362723359790657,0.046419654848321175,0.3173080091726132
0.6784483052736973,0.029743066368612285,0.29180862835769045
0.7053837917873933,0.02266196610350903,0.2719542421090977
0.7321587858671931,0.017989916863892418,0.24985129726891447
0.7541314544075828,0.015991052783414478,0.2298774928090028
0.7726496640540211,0.016408836565623353,0.2109414993803556
0.779652926833208,0.0179089372787569,0.20243813588803514
0.7857797095230363,0.025716647154260922,0.18850364332270275
0.7725595806978276,0.04542916314628778,0.1820112561558846
0.7462566982288413,0.06967845338113496,0.18406484839002368
0.7160505176403106,0.09349094168015605,0.19045854067953336
0.6677449117867067,0.12453006657984525,0.20772502163344814
0.6401436252883338,0.1329761750655922,0.22688019964607398
0.6336441700914006,0.12556042262510186,0.2407954072834975
0.6450260434336154,0.10056526450096863,0.254408692065416
0.6700176377313263,0.07469262733664792,0.2552897349320257
0.6905873504030214,0.06032184024619158,0.24909080935078703
0.7177212626727314,0.048044609317439035,0.23423412800982957
0.7371227727863502,0.04660037615306459,0.21627685106058525
0.7356712121658973,0.0570373727371476,0.20729141509695517
0.6970984463781872,0.08751794223782695,0.21538361138398593
0.6829002513939394,0.09112084942609748,0.2259788991799631
0.6817958925666067,0.08665013874600494,0.23155396868738845
0.6862897798021813,0.07956146095689332,0.23414875924092532
0.7045582775100708,0.06520285656219953,0.2302388659277297
0.7154596010409879,0.06143493859159466,0.22310546036741735
0.7145361171720213,0.0686095145717459,0.21685436825623286
0.7022490361247842,0.0774176338160896,0.2203333300591262
0.6967625900194541,0.07721999350556018,0.22601741647498574
0.7024985480961793,0.07093498718907221,0.22656646471474848
0.7090975361304631,0.0679833302206038,0.22291913364893318
0.708040292481507,0.07111409879202127,0.2208456087264717
0.7021157841758418,0.07417420206006037,0.223710013764098
0.7038160048904523,0.0717358018274289,0.22444819328211887
0.7067119397144493,0.07064094296431739,0.22264711732123332
0.7046697623601638,0.07257032034775879,0.22275991729207753
0.7042295418691201,0.0721065058324056,0.22366395229847427
0.7054166381895728,0.07172276942023063,0.22286059239019665
0.7046845194305995,0.07198594588550801,0.2233295346838926
0.7050760313533642,0.07186461006999745,0.2230593585766384
0.7049905640113218,0.07183299508294447,0.2231764409057337
0.7049266539982268,0.07190275415138761,0.22317059185038562
0.7049569311370674,0.07188900442546232,0.22315406443747032
0.7049608212702138,0.07188295350929869,0.22315622522048767
0.7049615965977433,0.0718815381352771,0.22315686526697967
0.7049618221474411,0.07188136238700077,0.22315681546555818
0.7049618269618194,0.07188136182324176,0.22315681121493888
0.7049617938305602,0.07188138108473986,0.22315682508469997
0.7049618309160007,0.07188136023750245,0.22315680884649686
0.7049618269660659,0.07188136184168675,0.2231568111922474
