0.05,0.35,0.6
0.051120205838645856,0.3460221046989001,0.602857689462454
0.05748736443694073,0.32464746697263847,0.6178651685904207
0.05881652035328543,0.3204300299239503,0.6207534497227643
0.07097949678518829,0.28516690609903844,0.6438535971157733
0.13922348585712804,0.15669060188760386,0.7040859122552681
0.22745370923136665,0.0756645390590736,0.6968817517095597
0.30769598066962234,0.03885849275443813,0.6534455265759395
0.38879077353029107,0.019170395670809377,0.5920388307988996
0.4662775532909399,0.00926295809697006,0.52445948861209
0.5187824169093371,0.005449412092187992,0.47576817099847485
0.5618810362033403,0.003437592187872385,0.4346813716087873
0.5990538234962437,0.0022700651503982823,0.39867611135335806
0.6339719784291119,0.0015198256091860408,0.3645081959617021
0.6652597735107685,0.001057720274739623,0.33368250621449197
0.6934058456742968,0.0007692431859116706,0.30582491113979154
0.7207323315347889,0.0005781132779316973,0.2786895551872795
0.7447486119575504,0.0004696338450038927,0.2547817541974458
0.7669762761772966,0.00041647417772786374,0.23260724964497564
0.7867250363408627,0.0004180209502451361,0.21285694270889222
0.8040923397527979,0.0004928159825371528,0.195414844264665
0.8197314919610055,0.0007347443676028124,0.17953376367139168
0.8303371478112757,0.0012736550657933246,0.1683891971229311
0.8371491130145066,0.00245787974458387,0.16039300724090957
0.8399164835618774,0.004414739118127257,0.1556687773199953
0.8395090623639971,0.00821541652853866,0.15227552110746426
0.8340954682600765,0.01561438831023864,0.1502901434296849
0.8200916591610368,0.029767248306859503,0.15014109253210375
0.7797394454334655,0.06590245723187954,0.15435809733465494
0.7558157066219398,0.08628733943942796,0.15789695393863237
0.6975734897078846,0.13375318784441897,0.16867332244769642
0.6192142335504884,0.19152618563810928,0.1892595808114023
0.5455529134481172,0.22892278561101273,0.22552430094087
0.5271270271032301,0.2157686135848323,0.25710435931193765
0.5431385167840267,0.1690805712647986,0.2877809119511746
0.5852693965464097,0.11091690807174405,0.3038136953818462
0.6342302949225723,0.06760165188013938,0.29816805319728834
0.676580583790781,0.04360693860794915,0.2798124776012699
0.6965540712859501,0.035736647583118175,0.2677092811309316
0.7220221508370516,0.028533469484391588,0.24944437967855687
0.7464212830716127,0.02483163757694558,0.22874707935144176
0.7626167017069853,0.02554178564206899,0.21184151265094578
0.7699526574699411,0.031492298625798366,0.1985550439042605
0.760502736467126,0.04873949425408254,0.19075776927879154
0.7496300988461225,0.059701744551498,0.19066815660237948
0.7223646630721583,0.08238968605766755,0.19524565087017415
0.681564610253884,0.10894004289647279,0.2094953468496431
0.6582958796146785,0.11643710927404725,0.22526701111127428
0.6524886977325782,0.11032564794162704,0.23718565432579478
0.6627486742997317,0.0902196824765293,0.24703164322373908
0.6825314816851368,0.07124196811148731,0.2462265502033759
0.702864760077566,0.05840412690909228,0.23873111301334177
0.7239761117521943,0.051201518074780634,0.2248223701730251
0.7311383681017909,0.05599890649628658,0.21286272540192258
0.7166153071886978,0.07228575385942299,0.21109893895187926
0.6930109533658613,0.08609179909630577,0.22089724753783296
0.6887595323314873,0.08046825997207038,0.2307722076964422
0.7028283341373248,0.06784178203639034,0.22932988382628489
0.7127612867954867,0.06384067710409227,0.22339803610042103
0.7131446133465029,0.06845602931176813,0.21839935734172905
0.7014145412181158,0.07668161957352465,0.22190383920835968
0.6991267153630876,0.07504939031975993,0.22582389431715247
0.7053794888675102,0.06976436033728825,0.2248561507952016
0.7086161465396453,0.0695422076565311,0.22184164580382362
0.7045766168379104,0.07322501456933497,0.22219836859275466
0.7029822152260188,0.07284673987649187,0.22417104489748935
0.7060410193686366,0.07079750125988182,0.22316147937148156
0.7052609383002391,0.07210486304887427,0.22263419865088674
0.7043893592078954,0.07207149263898935,0.2235391481531152
0.7053328223285565,0.07173204644636359,0.2229351312250799
0.7047617271720958,0.07195119313969504,0.22328707968820918
0.7050119360736197,0.07189617003364039,0.22309189389274003
0.7050075962987169,0.07184662254950212,0.22314578115178096
0.7049600231073274,0.07187537299828392,0.22316460389438872
0.7049612692774374,0.07188017353616585,0.22315855718639677
0.7049621266731436,0.07188099158758056,0.2231568817392759
0.7049619788654702,0.0718812803162904,0.22315674081823939
0.7049622588033977,0.07188117734811583,0.22315656384848653
0.7049616076812809,0.07188147798172946,0.22315691433698967
0.7049609372695942,0.07188180203512239,0.2231572606952834
0.7049621094476992,0.07188121686588056,0.22315667368642025
0.7049620106586306,0.07188126885843886,0.22315672048293045
