0.1,0.35,0.55
0.10184425119999944,0.34563912822909104,0.5525166205709096
0.11180063888985625,0.322991063779019,0.5652082973311248
0.11391197918856207,0.3183738907373695,0.5677141300740685
0.1327451787389889,0.2798177539920992,0.587437067268912
0.2140965724516235,0.1567693667036339,0.6291340608447427
0.2832633890925267,0.09258066812292962,0.6241559427845438
0.35551622639922176,0.05138255755246786,0.5931012160483105
0.4361845864781829,0.025154525312621582,0.5386608882091956
0.49903882953227574,0.013704818297648927,0.4872563521700754
0.5387606646802474,0.009098097229237701,0.4521412380905148
0.5844906827135437,0.005536254138632637,0.4099730631478236
0.6226787198851262,0.003592214279791271,0.3737290658350826
0.6563884780937287,0.0024346108582398262,0.34117691104803155
0.6867510809203037,0.0017226809535185082,0.31152623812617786
0.7133572807902264,0.0012952398297018694,0.2853474793800717
0.7379284737681312,0.0010318561456809819,0.2610396700861879
0.7599985491456009,0.0008929485212905159,0.23910850233310854
0.7804828089011054,0.0008598243847262178,0.2186573667141684
0.7990487021392156,0.0009674503506905117,0.19998384751009396
0.8145273962284352,0.0013262354423964535,0.18414636832916842
0.8254315613337481,0.0021301809291364034,0.1724382577371154
0.8321518855116733,0.003804818668325748,0.16404329582000104
0.8345260436246364,0.00732331208528875,0.15815064429007486
0.8306952076612608,0.014778770367070218,0.15452602197166904
0.8160905745790077,0.03032709374618652,0.15358233167480584
0.7770564566613689,0.06549834935020248,0.15744519398842863
0.7220706026973566,0.11128397226139297,0.16664542504125046
0.6627108509008743,0.15696480109331773,0.18032434800580796
0.5870065652393194,0.20519063235616375,0.20780280240451673
0.5470110558601478,0.21183879329280114,0.24115015084705113
0.5435968758192143,0.19496369213280074,0.261439432047985
0.5640703448207134,0.14874612821383001,0.2871835269654566
0.6110707177568792,0.09196467035284034,0.29696461189028056
0.6475692189557751,0.06310346163532306,0.2893273194089019
0.6849918450677612,0.04295939461559915,0.27204876031663966
0.7267883050948307,0.02968162387307461,0.24353007103209476
0.7465134445002176,0.026990678693846824,0.2264958768059355
0.7614422194843836,0.02838583576816676,0.21017194474744955
0.7661364338541511,0.03573657759343731,0.19812698855241162
0.7468887785999921,0.060488806427568154,0.19262241497243976
0.7087928758470531,0.09075263801164175,0.20045448614130518
0.6692234878314529,0.11198833078204033,0.21878818138650685
0.6603592017746348,0.1127056906647725,0.2269351075605927
0.6570908634750813,0.10371966660090798,0.2391894699240107
0.6719248942419038,0.08212457507908022,0.24595053067901607
0.6966795162169372,0.06282509174781409,0.2404953920352487
0.717075131594966,0.05365366417249744,0.2292712042325366
0.7267152994979589,0.05254223036805795,0.22074247013398324
0.7273033630657036,0.06094962860291513,0.2117470083313813
0.6980370999931061,0.08354465743594194,0.218418242570952
0.6885028683225769,0.0834710066251719,0.22802612505225117
0.6909810447991576,0.0783410421257228,0.2306779130751197
0.698514666466345,0.07114355915735376,0.23034177437630135
0.7084633660932774,0.06536318617847536,0.22617344772824727
0.7143000739647358,0.06557443044928608,0.2201254955859781
0.7054108772247456,0.0745368722519023,0.2200522505233521
0.6992805643303146,0.0753357032400339,0.2253837324296515
0.7040927659755992,0.07063121877951288,0.2252760152448879
0.7083185415370871,0.06929102233928973,0.22239043612362322
0.7056842238970065,0.07249199027419824,0.22182378582879536
0.702937087810596,0.07308894845607253,0.22397396373333148
0.7056814677185652,0.07092663728115935,0.2233918950002754
0.7055660459329024,0.07184601047336903,0.22258794359372852
0.7043781966948234,0.07211527884642573,0.22350652445875094
0.7053502491001227,0.0716872329927308,0.22296251790714655
0.704721339952636,0.07201475782248672,0.22326390222487744
0.7050946693139376,0.07181464127156557,0.22309068941449692
0.7049202234981639,0.07188464144480715,0.22319513505702906
0.7049387341022517,0.07190009174525784,0.22316117415249045
0.7049604794360591,0.07188535041806648,0.22315417014587433
0.7049610574323866,0.07188233960211442,0.22315660296549908
0.7049614333763848,0.07188158006279544,0.2231569865608197
0.7049651974468225,0.07187966643911874,0.22315513611405888
0.7049621089120486,0.07188123330336661,0.2231566577845848
0.7049600789195463,0.07188221602368791,0.22315770505676583
0.7049603593384218,0.07188207691404061,0.2231575637475376
0.7049633500056426,0.07188061938647376,0.22315603060788372
0.7049620858758164,0.07188123576254563,0.2231566783616379
