0.15,0.75,0.1
0.15236740085601594,0.7473610052636471,0.10027159388033693
0.1634368883807101,0.7349826642321917,0.10158044738709818
0.16595525546540596,0.732157367476699,0.10188737705789506
0.18701339134321796,0.7083936912091485,0.10459291744763363
0.2905429707142137,0.5875857147578876,0.12187131452789883
0.367034631866876,0.4948559252595975,0.13810944287352644
0.4645232804664461,0.3744156762876865,0.16106104324586729
0.5330876895920557,0.2888764428136469,0.17803586759429746
0.6302064455461127,0.1688433790996443,0.20095017535424298
0.6956180492855415,0.09058925811099389,0.21379269260346465
0.739013409457929,0.04212917244439192,0.21885741809767909
0.7685576410951456,0.01429065675552615,0.21715170214932827
0.77976379696553,0.006724905050630753,0.21351129798383922
0.7877720009245306,0.0031450294001016898,0.20908296967536782
0.7945256067404955,0.001405194929603145,0.2040691983299013
0.8004245414237526,0.000625994290733835,0.19894946428551358
0.8058852230839288,0.00027822322013716107,0.19383655369593403
0.8110964460186585,0.00012340523509537138,0.18878014874624613
0.8161879019403075,0.0,0.18381209805969248
0.8210838637432717,0.0,0.1789161362567283
0.8258845790300656,0.0,0.17411542096993432
0.8305901719732836,0.0,0.16940982802671647
0.8352008144988989,0.0,0.16479918550110106
0.8397167528300375,0.0,0.16028324716996242
0.844138316926504,0.0,0.15586168307349602
0.8484659223644209,0.0,0.1515340776355791
0.8527000688632443,0.0,0.14729993113675563
0.8568413373164679,0.0,0.14315866268353195
0.8608903861488485,0.0,0.13910961385115156
0.86484794736958,0.0,0.13515205263042002
0.8687148224946776,0.0,0.1312851775053225
0.8724918784136506,0.0,0.12750812158634942
0.8761981855943151,0.0,0.12380181440568484
0.8783004544621321,0.0,0.12169954553786792
0.8806556555605943,0.0,0.11934434443940568
0.8841199586347691,0.0,0.11588004136523082
0.8875001212462019,0.0,0.1124998787537981
0.8907972584782258,0.0,0.10920274152177432
0.8940125244840642,0.0,0.1059874755159358
0.8971471088829372,0.0,0.10285289111706272
0.9002022332515953,0.0,0.0997977667484047
0.9032767536499682,0.0,0.09672324635003178
0.906511153182252,0.0,0.09348884681774812
0.9100947472361883,0.0,0.08990525276381173
0.9143164466091046,0.0,0.08568355339089541
0.9196486884340321,0.0,0.08035131156596789
0.9269946569444929,0.0,0.07300534305550714
0.9384791894649857,0.0,0.06152081053501436
0.959689180101899,0.0,0.040310819898101015
0.9692833065530077,0.0,0.030716693446992384
0.9870282073187546,0.0,0.012971792681245355
0.9946763264330056,0.0,0.005323673566994324
0.9978279699615148,0.0,0.0021720300384852507
0.9991159650947952,0.0,0.000884034905204781
0.9996405454068125,0.0,0.00035945459318750524
0.9998539020799821,0.0,0.00014609792001785523
1.0,0.0,0.0
