0.05,0.05,0.9
0.051410570308748633,0.05000461292929609,0.8985848167619553
0.05973616329965468,0.05002083590034189,0.8902430008000035
0.06145524302895829,0.05002190405782972,0.8885228529132121
0.07745348896845883,0.049996330839642875,0.8725501801918983
0.14364900148020265,0.04930088874484287,0.8070501097749544
0.2879898767024195,0.045519182369354705,0.6664909409282259
0.4242381432137824,0.04044879161652834,0.5353130651696894
0.4352654379492009,0.03999745704219668,0.5247371050086025
0.5260773769366722,0.036075869386513894,0.4378467536768139
0.761635347089599,0.023892695232344774,0.21447195767805632
0.8812806382100052,0.015675991426806025,0.10304337036318877
0.9434897425889095,0.009949189051819247,0.04656106835927126
0.9457030101652234,0.00970637009485116,0.0445906197399254
0.9606116646799776,0.007949993049238296,0.031438342270784146
0.9827964708982571,0.004698118324461973,0.012505410777280929
0.9923506820836993,0.002752606409412186,0.004896711506888597
0.9964892897557004,0.0016065853644533319,0.0019041248798461765
0.996775737571876,0.001512144195940369,0.0017121182321835858
0.9967757375718761,0.0015121441959403692,0.001712118232183586
0.9968902378561039,0.0014735576114693486,0.0016362045324266957
0.9976637481138693,0.0011981474570178531,0.001138104429112888
0.9986973613249125,0.0007739538113165103,0.0005286848637710463
0.9992864615271275,0.00048265622343868827,0.00023088224943378674
0.9995982983722619,0.0003009185198821033,0.00010078310785601901
0.9997782457185859,0.0002217542814141998,0.0
0.9997847638903864,0.00021523610961366588,0.0
0.9998304663584348,0.00016953364156524524,0.0
1.0,0.0,0.0
