0.55,0.35,0.1
0.5560311230010009,0.34611282831550394,0.09785604868349515
0.5883164661327027,0.32495076798586586,0.08673276588143158
0.5883164661327026,0.3249507679858658,0.08673276588143157
0.5944276596684849,0.3208804297552062,0.08469191057630887
0.6436658320027044,0.2873699584597924,0.06896420953750323
0.7644993889601108,0.19979512082547235,0.03570549021441688
0.8639502454834124,0.12134165325403085,0.014708101262556892
0.9264834648878535,0.0681985131640121,0.005318021948134452
0.9619764099623423,0.0362728754700919,0.0017507145675658327
0.9758259367210258,0.02336588601217188,0.0008081772668023125
0.984693974141953,0.014937701950156538,0.0003683239078904734
0.9903303324469148,0.00950318143098195,0.0001664861221032045
0.9939724772964029,0.00602752270359709,0.0
0.9961849226772671,0.0038150773227328613,0.0
0.9975882246349527,0.0024117753650473037,0.0
0.9984765328199358,0.0015234671800642538,0.0
0.9990381316646056,0.0009618683353944128,0.0
0.9993928962367792,0.0006071037632208845,0.0
0.999616888891149,0.0003831111088509625,0.0
0.9997582688754599,0.00024173112454008755,0.0
0.9998474872076578,0.00015251279234215618,0.0
1.0,0.0,0.0
