0.3,0.45,0.25
0.3020724049972671,0.4500202548857445,0.24790734011698842
0.3109892842574678,0.44959422245767844,0.2394164932848538
0.31335168807332825,0.4493551178650299,0.2372931940616419
0.33510543986841257,0.44519768114016117,0.2196968789914262
0.41184937433339763,0.4149586926247402,0.17319193304186203
0.5137463889839734,0.35975130845650677,0.12650230255951975
0.6449982500479676,0.2776721896095873,0.07732956034244504
0.7500353297433026,0.20523971680567135,0.044724953451026166
0.838394491332193,0.13920987444700778,0.022395634220799134
0.9083006738928006,0.0827681041022282,0.008931222004971285
0.945886027646147,0.05038834928940926,0.003725623064443774
0.9685490034616923,0.029957947480647826,0.0014930490576599842
0.9818567452548695,0.017559168738392545,0.0005840860067378966
0.9895687788649327,0.010205940621676724,0.00022528051339064983
0.9933712081050435,0.006526032178613815,0.00010275971634262135
0.9954894022931834,0.004510597706816636,0.0
0.9971074745945273,0.002892525405472763,0.0
0.9981467184322059,0.0018532815677941386,0.0
0.9988132426196369,0.00118675738036322,0.0
0.9992403282089743,0.0007596717910256527,0.0
0.9995138282653907,0.00048617173460929807,0.0
0.9996889078121383,0.00031109218786179563,0.0
0.9998009568118738,0.00019904318812625151,0.0
0.9998726558010536,0.00012734419894648916,0.0
1.0,0.0,0.0
