0.4,0.45,0.15
0.4040110261103075,0.4479346798222852,0.14805429406740733
0.4237318278887464,0.43733516503919845,0.13893300707205514
0.42821484769584456,0.4348351012960452,0.13695005100811025
0.4676485466277455,0.41172274100755857,0.12062871236469598
0.6175707110574699,0.31248502392001676,0.06994426502251334
0.7721469933074974,0.1974749602066934,0.0303780464858093
0.8610592912693721,0.12539690428980094,0.013543804440827013
0.9243284585675077,0.07074360019617883,0.004927941236313582
0.9417196133836059,0.05510671054421312,0.00317367607218102
0.9598204558878967,0.03849162541639936,0.0016879186957039936
0.9759642582320595,0.023335398301362435,0.0007003434665780834
0.9857058070604328,0.014008396562065605,0.00028579637750156907
0.9915250354180413,0.008359500977881407,0.00011546360407731467
0.995028945145678,0.00497105485432196,0.0
0.9970503810771238,0.002949618922876127,0.0
0.9982519838123487,0.001748016187651324,0.0
0.9989648459408873,0.0010351540591126526,0.0
0.9993303802129563,0.0006696197870437356,0.0
0.9995669209082625,0.0004330790917375461,0.0
0.9997199396958595,0.0002800603041405535,0.0
0.9998189074584877,0.0001810925415123484,0.0
0.9998829081443565,0.00011709185564343014,0.0
1.0,0.0,0.0
