0.3,0.5,0.2
0.3009002572236792,0.5006335842278192,0.1984661585485016
0.3043437633802856,0.5028082817377882,0.19284795488192613
0.30531214292161235,0.5033490401686166,0.1913388169097711
0.31382139509508084,0.5068244956173186,0.17935410928760057
0.355391055050854,0.5020071325458372,0.1426018124033089
0.4573454906038211,0.44473472679131965,0.09791978260485926
0.5238701734232145,0.39864602105277047,0.07748380552401499
0.6583307392377972,0.2973647578075177,0.04430450295468513
0.7654176823172544,0.21083112439150956,0.023751193291236056
0.8513368101120561,0.13756527587875297,0.01109791400919087
0.9144577439970025,0.0811754902578359,0.004366765745161675
0.9474211653472034,0.050675086749719704,0.0019037479030767227
0.9682035497081933,0.030994638043437113,0.0008018122483694032
0.9809529664137904,0.018716532028312145,0.0003305015578975685
0.9886513381898532,0.011214216226937869,0.00013444558320885625
0.9933121217663683,0.00668787823363164,0.0
0.9960230974920534,0.003976902507946527,0.0
0.9976390856386467,0.002360914361353381,0.0
0.9985998150131712,0.0014001849868288227,0.0
0.9990941620089874,0.0009058379910125972,0.0
0.9993583429908949,0.000641657009105151,0.0
0.9995848950466106,0.0004151049533893338,0.0
0.9997350685779748,0.0002649314220252331,0.0
0.9998312272062911,0.00016877279370876793,0.0
0.9998925001623385,0.00010749983766144668,0.0
1.0,0.0,0.0
