0.1,0.05,0.85
0.10306301382372036,0.0499727156937677,0.8469642704825119
0.12183843621095702,0.04976361067765177,0.8283979531113912
0.12565319210578518,0.04971269319763903,0.8246341146965758
0.16144388656506062,0.04910975457025671,0.7894463588646827
0.25880995300250975,0.0465839857247182,0.694606061272772
0.43303359489600746,0.04020092665876733,0.5267654784452253
0.6370347814177658,0.03084797173209478,0.3321172468501395
0.7914693270620357,0.022102769109663384,0.18642790382830096
0.86446754412328,0.01703374974968849,0.11849870612703146
0.934425550522648,0.010933820257939614,0.05464062921941233
0.97630002492312,0.00578388915859254,0.01791608591828752
0.9892673586739131,0.0034590077842976694,0.007273633541789195
0.9942261791652642,0.002278003208996771,0.003495817625739065
0.9968273534126605,0.0014976728459808607,0.0016749737413586066
0.9982892560045342,0.0009529762594989819,0.0007577677359667766
0.9990514998454841,0.000606033849095265,0.0003424663054205572
0.9994600333641303,0.0003852782677561934,0.0001546883681135705
0.999755090718561,0.00024490928143909417,0.0
0.999844351687657,0.0001556483123430758,0.0
1.0,0.0,0.0
