0.15,0.1,0.75
0.15414615360582462,0.09989238904781306,0.7459614573463623
0.1786637656661788,0.09910753573668046,0.7222286985971408
0.18371737054039122,0.09891643946357075,0.7173661899960381
0.23038698569153523,0.09675209712172426,0.6728609171867405
0.357031715469182,0.08835911121994357,0.5546091733108744
0.5230886744974229,0.07410820675106335,0.4028031187515138
0.7044750941337838,0.05515710734776076,0.2403677985184554
0.8444923209791881,0.03679983733356701,0.11870784168724498
0.9245041394988309,0.0230627301434308,0.05243313035773829
0.9687588873032486,0.012731019892592357,0.018510092804159037
0.9837777264597568,0.008010160172186599,0.00821211336805661
0.9902451491481429,0.005503740330006213,0.00425111052185091
0.9946068368743064,0.0034857174518567145,0.0019074456738369244
0.996953560827464,0.002197482341547291,0.0008489568309887215
0.9982389420342189,0.0013838983506703566,0.0003771596151107926
0.9989616075518549,0.0008710087606992632,0.00016738368744586405
0.9994519493943812,0.0005480506056187717,0.0
0.9996552709939384,0.00034472900606168956,0.0
0.9997831845851521,0.0002168154148479102,0.0
0.99986364425356,0.00013635574643996025,0.0
1.0,0.0,0.0
