0.2,0.15,0.65
0.2049581608482605,0.14972818167198068,0.6453136574797589
0.23327468066904944,0.14788394842549044,0.6188413709054602
0.23918380379569493,0.14744240305658787,0.6133737931477172
0.2928647161122279,0.1427076127737838,0.5644276711139883
0.47642282022607374,0.12027886877099705,0.40329831100292923
0.6456389744483364,0.09405104561581532,0.26030997993584826
0.7631679193944646,0.07237431248763378,0.16445776811790172
0.8508250178760947,0.05320616339695197,0.09596881872695337
0.9224081242648845,0.03394099210560675,0.04365088362950881
0.9671003205182495,0.018228651796266992,0.014671027685483569
0.9825617707712944,0.011198631570237946,0.00623959765846779
0.9905471986150309,0.006831667882765303,0.002621133502203766
0.9947543661859218,0.004151824826307773,0.0010938089877703635
0.9970272917434154,0.0025179136200330883,0.00045479463655146617
0.9982860673604554,0.0015252127801516138,0.0001887198593929855
0.999076663778193,0.0009233362218070024,0.0
0.9994413184813445,0.0005586815186555358,0.0
0.9996620287733848,0.00033797122661515276,0.0
0.9997955720449968,0.00020442795500317525,0.0
0.999876357655772,0.00012364234422800171,0.0
1.0,0.0,0.0
