0.25,0.2,0.55
0.25551815619080853,0.19945548260052168,0.5450263612086699
0.2860468747556394,0.19601370588065672,0.517939419363704
0.29247625944262573,0.19520622418541636,0.512317516371958
0.34993766038904073,0.18697852271945856,0.4630838168915007
0.5292609603989282,0.15363227005282243,0.3171067695482494
0.7167157091390515,0.1095663126121281,0.17371797824882046
0.8527424943611843,0.0694029016334584,0.07785460400535729
0.9286258036020066,0.0407742243949436,0.03059997200304981
0.9634428379904437,0.024259828397970744,0.012297333611585574
0.9774742556198271,0.016364898102861295,0.006160846277311404
0.986751746810158,0.010446456964371343,0.0028017962254707515
0.9920959086011208,0.006639469239405891,0.0012646221594733336
0.9952228311050065,0.004208911467278546,0.0005682574277149155
0.9970813889392007,0.0026639485440901473,0.0002546625167091516
0.9982015745470709,0.0016844849757972032,0.00011394047713193057
0.9989354267197041,0.0010645732802958012,0.0
0.9993275008427461,0.0006724991572538968,0.0
0.9995752665793369,0.00042473342066311225,0.0
0.9997317851897461,0.00026821481025384635,0.0
0.9998306395682963,0.00016936043170372208,0.0
0.9998930655618671,0.00010693443813286106,0.0
1.0,0.0,0.0
