0.4,0.2,0.4
0.40821639624577233,0.19836635999648367,0.39341724375774406
0.4537597960995131,0.1888728979969322,0.3573673059035547
0.46254563578762414,0.18696222212518937,0.3504921420871865
0.5352479454086737,0.17026270544640712,0.29448934914491914
0.7412778466593426,0.11421990669656877,0.14450224664408873
0.8422384798174132,0.08020510290569069,0.07755641727689622
0.9118807787975818,0.05195670958162912,0.03616251162078908
0.9615984414734848,0.026969213542007535,0.01143234498450764
0.972118482371701,0.020698449670778912,0.007183067957520127
0.9820303296214693,0.014243202208652266,0.0037264681698784604
0.9894424240882579,0.008919070809248147,0.001638505102494018
0.9937198331131627,0.005564330986687012,0.0007158359001503642
0.9962247197872066,0.0034637281594736536,0.00031155205331980966
0.9977114430041656,0.0021532647978656505,0.0001352921979687606
0.9986623981942634,0.0013376018057365954,0.0
0.9991695695219395,0.0008304304780606011,0.0
0.9994845845245082,0.0005154154754918941,0.0
0.999680158349951,0.0003198416500490173,0.0
0.9998015437758052,0.00019845622419474923,0.0
0.999876869795304,0.0001231302046961021,0.0
1.0,0.0,0.0
