0.15,0.25,0.6
0.15204010336067755,0.25035997653880876,0.5975999201005137
0.1615309484545291,0.2518069665500986,0.5866620849953723
0.1638456791562329,0.25210534265134515,0.584048978192422
0.18485915318171858,0.25393214013481863,0.5612087066834628
0.29023390240004243,0.24713340225936004,0.46263269534059737
0.41221466683337726,0.22339902680710155,0.3643863063595213
0.5137352134068988,0.19794029625713735,0.28832449033596386
0.6871463225471356,0.1461509304264056,0.16670274702645888
0.8160467557433879,0.09948290488748207,0.08447033936913007
0.8791996955931941,0.07245456133233039,0.04834574307447545
0.938301796531501,0.04265207814774652,0.019046125320752505
0.9659780442837113,0.026025486348953818,0.007996469367334877
0.978442512329471,0.017553260969554934,0.0040042267009741265
0.9866727714953905,0.011439147362778884,0.001888081141830659
0.991690297808439,0.007425419756803606,0.0008842824347574872
0.9947793911459559,0.00480818576197682,0.0004124230920672794
0.9966995122112288,0.003108641693101594,0.0001918460956696589
0.9979919484644051,0.0020080515355948314,0.0
0.9987038644648852,0.0012961355351147588,0.0
0.99916369340081,0.0008363065991899832,0.0
0.9994605190483781,0.0005394809516219388,0.0
0.9996251113149008,0.00037488868509917496,0.0
0.9997395069848787,0.0002604930151212869,0.0
0.999782862957063,0.0002171370429369967,0.0
0.9998559737254333,0.00014402627456675793,0.0
1.0,0.0,0.0
