0.55,0.25,0.2
0.5576598299949044,0.246923049214873,0.19541712079022264
0.5994084474143283,0.22967520870504385,0.17091634388062796
0.5994084474143282,0.2296752087050438,0.17091634388062793
0.6069608023988434,0.22646915347594038,0.16657004412521625
0.6663542858504347,0.2003176926313727,0.1333280215181927
0.792824356238206,0.13830594238396923,0.06886970137782478
0.8825833487443393,0.08703292167854035,0.030383729577120364
0.935942943690306,0.0518508738692973,0.012206182440396694
0.9671334253111139,0.028582346353302458,0.004284228335583663
0.9799805522018439,0.018099489958016746,0.0019199578401394041
0.9877659005701974,0.011383584654150614,0.0008505147756520485
0.9924962191403723,0.007129690097061382,0.00037409076256637554
0.9953822786203804,0.004453900270872988,0.00016382110874663133
0.9972218895684992,0.002778110431500795,0.0
0.9982690581196675,0.00173094188033256,0.0
0.9989221436696337,0.001077856330366215,0.0
0.9993290661020581,0.0006709338979419314,0.0
0.9995824592588788,0.00041754074112124444,0.0
0.9997401900802496,0.0002598099197504305,0.0
0.9998383507161889,0.00016164928381102908,0.0
0.9998994301837187,0.00010056981628125515,0.0
1.0,0.0,0.0
