0.15,0.4,0.45
0.1538155092943957,0.39612992147244586,0.4500545692331585
0.1749640491690039,0.37479832962078546,0.45023762121021066
0.17916990106305095,0.3705784218830944,0.45025167705385466
0.21460954393467677,0.3352802015358046,0.4501102545295187
0.33811658134424527,0.21547366446891258,0.44640975418684214
0.4203690597335176,0.13892134982632756,0.4407095904401549
0.48241562709186936,0.08424085028831527,0.4333435226198154
0.5360762302633849,0.04153694485744348,0.42238682487917173
0.567553874602845,0.020849573081455026,0.4115965523156999
0.5806246243383185,0.013986131030131532,0.40538924463154996
0.596963437968781,0.007405978992644316,0.3956305830385747
0.6098330762089204,0.003960563034344482,0.38620636075673526
0.621098450455924,0.002093005535834378,0.3768085440082416
0.6312761640457798,0.0011056128244318598,0.3676182231297883
0.6404093718276721,0.0005988778821335444,0.3589917502901943
0.6490524131989402,0.00032583868704428654,0.3506217481140155
0.6574410525054595,0.00017648447500341247,0.3423824630195371
0.6656056319528924,0.0,0.3343943680471076
0.6734230518365512,0.0,0.3265769481634489
0.680713784743608,0.0,0.319286215256392
0.6877876759527579,0.0,0.3122123240472422
0.6946895372134472,0.0,0.3053104627865528
0.7014518995145235,0.0,0.2985481004854764
0.7081369254736809,0.0,0.29186307452631916
0.7114685938544708,0.0,0.28853140614552925
0.7173298761780483,0.0,0.2826701238219517
0.7235654120887697,0.0,0.2764345879112303
0.7293683689019452,0.0,0.27063163109805477
0.7349518987717295,0.0,0.2650481012282705
0.7403294833194163,0.0,0.2596705166805837
0.7455016812466487,0.0,0.2544983187533512
0.7502637168277,0.0,0.24973628317229996
0.754818945143738,0.0,0.24518105485626204
0.7591836386550593,0.0,0.2408163613449407
0.7632085454749119,0.0,0.23679145452508807
0.7672084948222282,0.0,0.23279150517777175
0.7706344416074504,0.0,0.22936555839254957
0.7740251578510451,0.0,0.22597484214895494
0.7769668340956051,0.0,0.22303316590439498
0.7795822128332444,0.0,0.22041778716675559
0.7817637312705714,0.0,0.21823626872942856
0.7836005409706911,0.0,0.2163994590293089
0.7850261567247665,0.0,0.21497384327523358
0.786130976914494,0.0,0.213869023085506
0.7868205489718407,0.0,0.21317945102815924
0.7872052325523725,0.0,0.2127947674476275
0.7873641704378951,0.0,0.21263582956210492
0.7873978946753077,0.0,0.2126021053246922
0.7874140175735761,0.0,0.21258598242642388
0.7874149407915578,0.0,0.21258505920844223
0.7874149642587585,0.0,0.2125850357412416
0.7874149657563596,0.0,0.2125850342436403
0.787414965806413,0.0,0.21258503419358699
0.7874149658068528,0.0,0.21258503419314725
0.7874149658068498,0.0,0.2125850341931502
