0.3,0.4,0.3
0.3027427462033743,0.39728280511697733,0.29997444867964845
0.3139408462555235,0.38619948779649604,0.2998596659479804
0.3167124983569661,0.38345883264098607,0.2998286690020478
0.33899595014218775,0.36146184871472253,0.2995422011430898
0.5053529306370423,0.1996406946283057,0.295006374734652
0.61540396433571,0.0967201323860271,0.2878759032782628
0.6664766307732679,0.052097144913830454,0.2814262243129017
0.7032338279539808,0.02363351680736883,0.2731326552386503
0.7181107861555199,0.01411080832036519,0.2677784055241148
0.7302982290629926,0.007880717323834776,0.2618210536131726
0.7389343239905553,0.004616312626672671,0.256449363382772
0.7458317987330283,0.002766826434487321,0.2514013748324845
0.7516919341552674,0.0016884535925383104,0.24661961225219425
0.756866812549243,0.001048024180325121,0.24208516327043178
0.7613608905349044,0.0006743233035131023,0.2379647861615824
0.7654796781430256,0.0004418175825391457,0.23407850427443525
0.7692871738477747,0.00029479733610238303,0.23041802881612292
0.7726881066601015,0.0002033588301572514,0.22710853450974128
0.775917982133649,0.00014180476838715136,0.22394021309796386
0.7786671201992048,0.00010374372996653233,0.22122913607082856
0.7811229331026344,0.0,0.21887706689736566
0.7830567569195932,0.0,0.2169432430804067
0.7846331094865235,0.0,0.21536689051347643
0.7858015857698967,0.0,0.2141984142301033
0.7866363927754916,0.0,0.21336360722450834
0.7871037180659943,0.0,0.21289628193400564
0.7873241525412298,0.0,0.21267584745877022
0.7873937642661789,0.0,0.2126062357338211
0.787404089774687,0.0,0.21259591022531302
0.7874069569035181,0.0,0.21259304309648186
0.787407028547429,0.0,0.21259297145257097
0.7874070323360022,0.0,0.2125929676639977
0.7874070325440303,0.0,0.21259296745596964
0.7874070325641683,0.0,0.2125929674358317
0.7874070325641747,0.0,0.21259296743582531
0.7874070325641748,0.0,0.21259296743582523
0.7874071671384625,0.0,0.21259283286153752
0.7874081647216141,0.0,0.21259183527838593
0.7874126900467893,0.0,0.21258730995321068
0.7874152314687446,0.0,0.21258476853125535
0.7874200538362249,0.0,0.21257994616377507
0.7874150433205208,0.0,0.21258495667947913
0.7874149670332788,0.0,0.21258503296672113
0.7874149660210154,0.0,0.21258503397898473
0.7874149659855597,0.0,0.21258503401444032
