0.2,0.5,0.3
0.20224513816948272,0.49774113157259225,0.300013730257925
0.21169541683636103,0.4882434077538431,0.3000611754097958
0.21402344012796468,0.48590619056155565,0.30007036931047965
0.23316329059936172,0.4667260195913095,0.3001106898093287
0.34493030785442974,0.35580023333545735,0.29926945881011285
0.34772640583164377,0.35304694264777553,0.29922665152058076
0.37005745704107246,0.33109611422577573,0.29884642873315187
0.47891935766249266,0.22519269991571814,0.29588794242178923
0.4812976522690049,0.22290358410919947,0.2957987636217957
0.4998000178927118,0.20514007809845383,0.2950599040088344
0.5799154250181621,0.12943852251106233,0.29064605247077563
0.581494578549462,0.12797324969399476,0.2905321717565433
0.5936025297185042,0.11678592724700906,0.2896115430344866
0.6435011687720922,0.07188522079030664,0.28461361043760114
0.6444476790106828,0.07105925384937392,0.28449306713994327
0.6516750897548678,0.06479579490745042,0.2835291153376819
0.6811705593586136,0.04028679027434283,0.27854265036704345
0.6811705593586137,0.040286790274342836,0.2785426503670435
0.6817370925792239,0.039837935933420617,0.2784249714873554
0.6860721599718205,0.036439251446340144,0.2774885885818393
0.7101742908865176,0.019091783859517843,0.27073392525396445
0.72602598044182,0.009951113297980133,0.26402290626019986
0.7363016698710705,0.0055596914366961,0.2581386386922334
0.7437352480806664,0.003299997650601234,0.2529647542687324
0.7499075854213058,0.0020006774092276684,0.24809173716946656
0.75529584435216,0.0012338618366666248,0.24347029381117338
0.75952787557913,0.0008219028334729545,0.23965022158739702
0.7595863163497396,0.0008171835686545622,0.23959650008160585
0.7600483451569702,0.0007807099637938314,0.23917094487923596
0.7634241207584109,0.0005553746291482052,0.2360205046124409
0.7677573263854923,0.00035295032212448126,0.2318897232923833
0.7713705862190592,0.00023890016573071266,0.22839051361521007
0.7746468203584989,0.00016625493278070393,0.22518692470872043
0.7753362369212876,0.00015389228956371704,0.2245098707891485
0.7753362369212877,0.00015389228956371706,0.22450987078914852
0.7753628836447952,0.0001534323459709143,0.22448368400923394
0.7755738093549827,0.00014983716484322901,0.22427635348017416
0.7771261806228449,0.00012572528135399474,0.2227480940958012
0.7800125619757061,0.0,0.21998743802429396
0.7824450055966202,0.0,0.21755499440337983
0.7841078534008471,0.0,0.215892146599153
0.7854180839414793,0.0,0.21458191605852078
0.7863650766817448,0.0,0.2136349233182552
0.7869540535810328,0.0,0.21304594641896726
0.7872653166248598,0.0,0.2127346833751403
0.7873778953623232,0.0,0.21262210463767692
0.7874009975254135,0.0,0.21259900247458655
0.7874012093227959,0.0,0.2125987906772041
0.7874027920842258,0.0,0.21259720791577416
0.787410386472138,0.0,0.21258961352786204
0.7874149943389719,0.0,0.21258500566102823
