0.2,0.55,0.25
0.20116394970252555,0.5488279419962825,0.250008108301192
0.20509304355435562,0.544873004432324,0.2500339520133204
0.20627773694157872,0.5436809743372156,0.2500412887212057
0.21591611443585845,0.5339904993559875,0.250093386208154
0.3018064549852825,0.4481432921082199,0.2500502529064975
0.45367171611662666,0.2982256728592273,0.24810261102414596
0.573849711414649,0.1816751280844728,0.2444751605008781
0.6268179260795768,0.13136782254538376,0.24181425137503937
0.6936145721674788,0.06998843671560122,0.23639699111692003
0.7270723730571359,0.04117719273237487,0.23175043421048927
0.7455154566982175,0.026566931618360618,0.22791761168342184
0.757132661281423,0.01822335885722249,0.2246439798613546
0.765113089574358,0.013091472650973608,0.22179543777466854
0.7709844695929511,0.009741491914461902,0.2192740384925871
0.775073098721194,0.007672601959232247,0.2172542993195738
0.7768781748510746,0.00683710789984268,0.21628471724908266
0.7795130791361767,0.0057098428295742215,0.21477707803424892
0.7811737960126985,0.005058063115361081,0.2137681408719404
0.7822118677621677,0.004674370988175858,0.2131137612496563
0.7827451598155089,0.00448442862341218,0.21277041156107898
0.7829667441325526,0.004406944052033755,0.2126263118154136
0.7830233057186735,0.004387302422466585,0.21258939185886003
0.7830297718263581,0.004385058256050185,0.21258516991759172
0.783029970611153,0.0043849892890931936,0.2125850400997539
0.7830299807713553,0.004384984876317958,0.21258503435232667
0.7830299812784033,0.0043849847005039315,0.21258503402109283
0.7830300119182309,0.0043849540803145405,0.21258503400145468
0.7830300119022452,0.004384954084156455,0.21258503401359843
0.7830300118999824,0.004384954086416138,0.2125850340136015
