0.05,0.6,0.35
0.051004136695264705,0.5988822419543248,0.3501136213504104
0.0561289183107782,0.5932170609093893,0.3506540207798326
0.057250846430941346,0.5919848982602294,0.3507642553088294
0.06701519085746677,0.5813637008119854,0.35162110833054794
0.12745406849263527,0.5179829758178395,0.35456295568952534
0.21425349768209848,0.4300832614920481,0.35566324082585343
0.32413465109624484,0.321320074319388,0.3545452745843672
0.45807979040918195,0.19204461639913667,0.3498755931916813
0.5551718833552157,0.10218495671767276,0.3426431599271115
0.6144252627358211,0.05136877346201625,0.33420596380216266
0.6352862500293661,0.03520237599294291,0.3295113739776911
0.6508027438147868,0.024288170164137632,0.3249090860210757
0.6708018536911443,0.01247426187653933,0.3167238844323164
0.6849095216320014,0.006405754097570942,0.30868472427042776
0.6954126937305687,0.003395829566698507,0.3011914767027328
0.7037316072967733,0.0018838881150863697,0.2943845045881404
0.7110633367789517,0.001059528913111662,0.28787713430793666
0.7177938396027338,0.0006011388797844715,0.2816050215174817
0.7241113572205913,0.0003435704350719339,0.2755450723443368
0.7301218536833826,0.00019762500286202832,0.2696805213137555
0.7356554894646259,0.0001169116428688388,0.26422759889250524
0.7410496577249098,0.0,0.2589503422750902
0.7462763780458412,0.0,0.2537236219541588
0.7489362850277744,0.0,0.2510637149722256
0.7533723588399635,0.0,0.24662764116003652
0.7580022628761337,0.0,0.2419977371238663
0.7622128676872836,0.0,0.23778713231271636
0.7661700142241944,0.0,0.23382998577580555
0.7697229137606604,0.0,0.23027708623933957
0.7730170247790695,0.0,0.22698297522093047
0.7760426834930064,0.0,0.22395731650699363
0.7786846334836797,0.0,0.22131536651632033
0.7811290103615205,0.0,0.21887098963847956
0.783098693453715,0.0,0.21690130654628498
0.7846887533622335,0.0,0.21531124663776652
0.7858464054918907,0.0,0.21415359450810934
0.7866506746248463,0.0,0.21334932537515375
0.787118839477831,0.0,0.21288116052216902
0.787336399219081,0.0,0.21266360078091892
0.7874025937270576,0.0,0.21259740627294252
0.7874141923783207,0.0,0.21258580762167933
0.7874148530122661,0.0,0.21258514698773395
0.7874148715417851,0.0,0.21258512845821487
0.7874148724143749,0.0,0.21258512758562514
0.7874148724504929,0.0,0.21258512754950704
0.7874148724510417,0.0,0.2125851275489583
0.7874148724508037,0.0,0.21258512754919634
