0.1,0.65,0.25
0.10067125813500984,0.6493057626049513,0.2500229792600389
0.10301787140182944,0.6468805908121614,0.2501015377860092
0.1037082021964234,0.6461676627456779,0.25012413505789877
0.10938727715362345,0.6403110975381019,0.2503016253082746
0.1656271734976107,0.5829132856848854,0.25145954081750377
0.3013397473988245,0.4468113783637391,0.2518488742374363
0.4330315800617124,0.31668668379240456,0.25028173614588306
0.5289139705526045,0.22322268555426383,0.2478633438931316
0.6022667076608432,0.15288507029460585,0.24484822204455095
0.6717210655705322,0.08813698824694335,0.2401419461825244
0.7165400266683205,0.04856095240440902,0.23489902092727033
0.7258310701689448,0.04080636710104323,0.23336256273001202
0.7446560191053925,0.02596362361758717,0.22938035727702033
0.7570957150777499,0.017148563797509234,0.2257557211247409
0.7651726329350524,0.012093772674860427,0.22273359439008697
0.7709923509252558,0.008901003649606344,0.220106645425138
0.7751500232349684,0.006902696888422281,0.21794727987660942
0.7782731765509773,0.005576823124799688,0.21615000032422316
0.7805015369648665,0.004728962565111626,0.21476950047002194
0.7820943414186461,0.004174591889078759,0.2137310666922752
0.7830573005006405,0.003860570992249807,0.21308212850710972
0.7835370191393696,0.0037100799186121376,0.2127529009420183
0.7837278572889939,0.0036513139673315853,0.2126208287436746
0.7837740367088011,0.003637176249046568,0.2125887870421524
0.7837787112032805,0.0036357484288325145,0.21258554036788704
0.7837794155154967,0.0036355332741316217,0.21258505121037177
0.7837794393312976,0.003635525569633199,0.21258503509906918
0.7837794409126891,0.0036355250488889204,0.21258503403842197
0.7837794442496151,0.0036355217363479918,0.21258503401403706
0.783779468088732,0.00363549789717814,0.21258503401408996
0.7837794680884211,0.003635497897975011,0.2125850340136039
