0.25,0.1,0.65
0.2545785944892137,0.09617798096404269,0.6492434245467437
0.2805704380148368,0.07517498632608764,0.6442545756590756
0.28453489855791025,0.07208806850441837,0.6433770329376713
0.31318151444313563,0.05092699565935709,0.6358914898975073
0.3593829110384214,0.022774711595221136,0.6178423773663575
0.39124423748190645,0.009855404916572557,0.5989003576015209
0.4024800163042918,0.0068305395112832545,0.5906894441844249
0.41967247338413,0.003627801013734183,0.5766997256021358
0.4247789028987913,0.0029604320020435683,0.5722606650991652
0.4258644539652182,0.002832874291102454,0.5713026717436793
0.43423887611227957,0.001998561072667457,0.563762562815053
0.4499691162708281,0.0009988682613784163,0.5490320154677936
0.4648982801012875,0.0004980047645258188,0.5346037151341867
0.47914158481260644,0.00024927079232007284,0.5206091443950736
0.4874612219115039,0.00016451690177103094,0.5123742611867251
0.48822582943236226,0.00015828975953830445,0.5116158808080995
0.49423180199305267,0.00011663488429320394,0.5056515631226541
0.5071822661483947,0.0,0.49281773385160527
0.520621998868556,0.0,0.479378001131444
0.5331113265835032,0.0,0.4668886734164967
0.5334201488046628,0.0,0.46657985119533724
0.5337284093914513,0.0,0.46627159060854867
0.5348315575036013,0.0,0.46516844249639866
0.5434047559897364,0.0,0.45659524401026363
0.5700028300805686,0.0,0.42999716991943143
0.5709176268726265,0.0,0.4290823731273736
0.5780371483547689,0.0,0.42196285164523106
0.624506961311608,0.0,0.37549303868839207
0.6840785522386995,0.0,0.31592144776130054
0.7205193641730085,0.0,0.2794806358269914
0.7207624954794135,0.0,0.27923750452058654
0.7226689348974803,0.0,0.2773310651025197
0.7357583303332123,0.0,0.2642416696667877
0.7604930679555696,0.0,0.2395069320444304
0.7605944796767113,0.0,0.23940552032328868
0.7613906971020817,0.0,0.23860930289791832
0.7668999347217765,0.0,0.2331000652782234
0.7755599687608424,0.0,0.22444003123915743
0.7755599687608425,0.0,0.22444003123915746
0.7756093990022814,0.0,0.22439060099771863
0.7759971274457035,0.0,0.22400287255429652
0.7786578236626125,0.0,0.2213421763373875
0.7852428410523982,0.0,0.21475715894760192
0.7871099393961261,0.0,0.21289006060387397
0.7873972445913754,0.0,0.21260275540862464
0.7874088832275122,0.0,0.21259111677248776
0.7874089919873156,0.0,0.21259100801268432
0.7874097949013044,0.0,0.21259020509869558
0.7874133357761306,0.0,0.2125866642238695
0.7874149388332313,0.0,0.21258506116676879
