0.6,0.1,0.3
0.6014256823043584,0.09871244560522392,0.29986187209041765
0.6073149960991245,0.09341276423432422,0.2992722396665512
0.6086598409281275,0.09220705513368627,0.2991331039381862
0.6188921612908553,0.08309326085139311,0.29801457785775154
0.6744554369308621,0.03649540068347813,0.28904916238565975
0.7002221490026583,0.01825913908312629,0.2815187119142154
0.7156293256247923,0.00966559226285198,0.2747050821123557
0.7261965576707478,0.00533849528140191,0.2684649470478502
0.7343525496565267,0.003027435843162651,0.2626200145003106
0.7409058563638039,0.0017889400841354295,0.2573052035520607
0.7466799358575164,0.001073701179229823,0.25224636296325387
0.751937944506245,0.0006528486902261932,0.24740920680352885
0.7566284632562197,0.00040970389314495034,0.2429618328506352
0.7610458934725608,0.0002599235866238157,0.2386941829408154
0.7632774435559052,0.00020544007852570047,0.23651711636556907
0.7672815114012081,0.00013359321612417915,0.23258489538266763
0.770936930352275,0.0,0.22906306964772505
0.7741987724869812,0.0,0.2258012275130188
0.7771537950351379,0.0,0.2228462049648621
0.7796797657691534,0.0,0.22032023423084648
0.7818797472260121,0.0,0.218120252773988
0.7836701114636692,0.0,0.2163298885363308
0.7851564260497491,0.0,0.21484357395025086
0.7861877047215015,0.0,0.21381229527849863
0.7868613260067194,0.0,0.21313867399328054
0.7872180367633961,0.0,0.21278196323660395
0.7873209807555956,0.0,0.21267901924440447
0.7873990169521377,0.0,0.21260098304786235
0.7874114148703253,0.0,0.21258858512967468
0.7874121187825841,0.0,0.21258788121741587
0.7874121371139471,0.0,0.212587862886053
0.7874121383126176,0.0,0.2125878616873824
0.7874121383528054,0.0,0.2125878616471946
0.7874121383542317,0.0,0.21258786164576818
0.7874121383539857,0.0,0.2125878616460143
0.7874121971940943,0.0,0.2125878028059057
0.7874126259108006,0.0,0.2125873740891993
0.7874143563684736,0.0,0.21258564363152652
0.7874150699692168,0.0,0.21258493003078327
0.7874175484483658,0.0,0.21258245155163422
0.7874149907696746,0.0,0.21258500923032544
0.7874149662247707,0.0,0.2125850337752293
0.7874149685836401,0.0,0.2125850314163599
