0.35,0.25,0.4
0.3543585348336737,0.24580759930205875,0.39983386586426756
0.37536645193390344,0.22567734708073764,0.39895620098535894
0.37956967440940664,0.22166572710969262,0.3987645984809008
0.41201209968663766,0.19090124813829923,0.3970866521750632
0.5103672102816224,0.10071447227773767,0.38891831744064004
0.5706854036721527,0.05006236250514659,0.37925223382270074
0.6070721866457729,0.023996417459805065,0.368931395894422
0.6254544970808338,0.013560919200005383,0.3609845837191609
0.6402691661535135,0.007279115690863671,0.3524517181556229
0.6515540034767099,0.004011353566996919,0.34443464295629317
0.6609359770562855,0.00225030347567254,0.33681371946804206
0.6692397926648129,0.0012756731214348714,0.3294845342137523
0.6771770061894581,0.0007118490483299468,0.322111144762212
0.6846560382633368,0.0003987552616146701,0.31494520647504853
0.6917939866678697,0.0002242375908175222,0.30798177574131275
0.6986760097317826,0.00012639876606817033,0.3011975915021494
0.7054235868077552,0.0,0.2945764131922448
0.7117424189831606,0.0,0.28825758101683946
0.7150323836380686,0.0,0.28496761636193135
0.7209876277719879,0.0,0.2790123722280122
0.7271016201849064,0.0,0.27289837981509346
0.7327710603917169,0.0,0.26722893960828314
0.7382191311714562,0.0,0.2617808688285438
0.7434592826353136,0.0,0.2565407173646864
0.7482885437439226,0.0,0.25171145625607744
0.7529089017247416,0.0,0.2470910982752584
0.7573317988526976,0.0,0.24266820114730228
0.761561075367375,0.0,0.23843892463262503
0.7654514635628924,0.0,0.23454853643710755
0.7692844728108614,0.0,0.2307155271891386
0.7725477134727953,0.0,0.22745228652720467
0.7757500679338383,0.0,0.2242499320661617
0.7784972473389189,0.0,0.22150275266108113
0.780905433663768,0.0,0.219094566336232
0.7828754895168709,0.0,0.21712451048312909
0.7844909936642326,0.0,0.21550900633576733
0.7856984834135814,0.0,0.2143015165864186
0.7865742995819548,0.0,0.21342570041804526
0.787074298440757,0.0,0.21292570155924292
0.7873174495922785,0.0,0.21268255040772158
0.7873981050497361,0.0,0.21260189495026388
0.7874109055176342,0.0,0.21258909448236576
0.7874148513846998,0.0,0.2125851486153002
0.7874149572292798,0.0,0.21258504277072013
0.7874149622312374,0.0,0.21258503776876264
0.7874149624952992,0.0,0.21258503750470084
0.7874149624982879,0.0,0.21258503750171218
0.7874149624982949,0.0,0.21258503750170515
0.7874149624982957,0.0,0.2125850375017043
