0.3,0.3,0.4
0.3044593285398434,0.2956515576617632,0.3998891137983935
0.32619872372416925,0.27452242356050427,0.3992788527153264
0.3306294576444227,0.2702305590592836,0.3991399832962938
0.3655160493485252,0.23661933817765354,0.3978646124738212
0.49060023059432756,0.1197314264838327,0.38966834292183977
0.5553740621823523,0.06356634029519966,0.38105959752244806
0.6019872659700853,0.028270863286678827,0.36974187074323583
0.6291837699582465,0.012452885128176872,0.3583633449135766
0.6432257529884507,0.006752357383758135,0.35002188962779124
0.6539775724793513,0.0037750867551296875,0.34224734076551905
0.6630997648066504,0.0021331767791548037,0.3347670584141948
0.6712210759005235,0.0012169631471271559,0.32756196095234935
0.6787101562492277,0.0006990258990720379,0.3205908178517003
0.6857683237133225,0.00040363977849500014,0.3138280365081825
0.6925110496738095,0.0002340526513733742,0.30725489767481723
0.6990118254970162,0.00013612518972256252,0.30085204931326104
0.7056352192368731,0.0,0.294364780763127
0.7120958537940649,0.0,0.28790414620593496
0.7183611757423072,0.0,0.2816388242576927
0.7219122004643513,0.0,0.2780877995356486
0.7271098146734581,0.0,0.27289018532654186
0.7329459835478188,0.0,0.2670540164521812
0.7383774434437201,0.0,0.2616225565562799
0.743588386083611,0.0,0.256411613916389
0.7485877593950335,0.0,0.2514122406049664
0.7531808105288326,0.0,0.24681918947116746
0.7575598040027824,0.0,0.24244019599721744
0.7617333114965208,0.0,0.23826668850347918
0.7657038423404233,0.0,0.2342961576595767
0.769334903437389,0.0,0.23066509656261105
0.7728461682823323,0.0,0.22715383171766765
0.7757947682666145,0.0,0.22420523173338539
0.7786321246203408,0.0,0.2213678753796593
0.7810030173747794,0.0,0.21899698262522058
0.7830122400426475,0.0,0.21698775995735256
0.784580095596075,0.0,0.21541990440392494
0.7857839340600151,0.0,0.2142160659399849
0.7866009450755894,0.0,0.21339905492441058
0.7871003424053276,0.0,0.21289965759467253
0.7873253157285426,0.0,0.2126746842714574
0.7874005857425973,0.0,0.21259941425740278
0.7874140481751445,0.0,0.21258595182485562
0.7874148999647859,0.0,0.21258510003521414
0.7874149587278705,0.0,0.21258504127212943
0.7874149619676156,0.0,0.21258503803238432
0.7874149621161228,0.0,0.2125850378838772
0.7874149621280699,0.0,0.21258503787193006
0.7874149621174276,0.0,0.21258503788257238
