0.3,0.4,0.3
0.2977035397020314,0.40250464435325,0.29979181594471865
0.2887227399642087,0.4124511567367543,0.298826103299037
0.28641680739748787,0.41504499225586866,0.29853820034664347
0.2677846529353744,0.43663569009666464,0.29557965696796107
0.19191162902909417,0.5383037611161496,0.26978460985475616
0.12554428691579445,0.6507395486506579,0.22371616443354767
0.06940529595508102,0.77046864035559,0.16012606368932894
0.037766258351518055,0.8536549679548066,0.10857877369367536
0.01727794711635812,0.9189386207837789,0.06378343209986298
0.006475584150336111,0.9616175973058904,0.031906818543773544
0.002283523837514044,0.9826374816442449,0.015078994518241018
0.0015699342893720708,0.9869326637388736,0.011497401971754393
0.0007989176858353193,0.99215949960186,0.007041582712304739
0.0003569057556767618,0.9957252184288315,0.003917875815491786
0.00015876478422980614,0.997670060015514,0.0021711752002561467
0.0,0.9987993636355514,0.0012006363644485633
0.0,0.9993369392224352,0.0006630607775649083
0.0,0.9996340556701974,0.0003659443298026616
0.0,0.9997981067483322,0.00020189325166770458
0.0,0.9998886364609586,0.00011136353904134754
0.0,1.0,0.0
