0.8,0.05,0.15
0.7992203996622375,0.05070759452955877,0.15007200580820382
0.7957033945208781,0.05390730813989255,0.1503892973392293
0.7948624619116902,0.054674192002929146,0.15046334608538064
0.7876768285542819,0.06125523119075968,0.15106794025495834
0.729890658617147,0.11585215858117749,0.1542571828016754
0.6194497970438646,0.22714401662304828,0.15340618633308722
0.5024067576617454,0.3530707362071719,0.14452250613108272
0.3529271700327936,0.5242691264964512,0.12280370347075525
0.20388551962489943,0.707081194253893,0.08903328612120756
0.08971297583917504,0.8585990423240633,0.051687981836761654
0.04412752046641006,0.9243745528248231,0.03149792670876679
0.017831952210661486,0.9656778688115591,0.016490178977779355
0.006425490226336842,0.9856907045975687,0.007883805176094397
0.0028591940538724068,0.9927636794690771,0.004377126477050586
0.001263955290658999,0.9963205522710291,0.0024154924383118287
0.0005568391501050555,0.9981144238067118,0.0013287370431831094
0.0002837377760946245,0.9989037458182561,0.0008125164056493281
0.0001433351200870599,0.9993630083243258,0.0004936565555872019
0.0,0.9997001688764746,0.0002998311235254
0.0,0.999817954837478,0.0001820451625219965
0.0,0.9998894831540286,0.00011051684597139508
0.0,1.0,0.0
