0.75,0.15,0.1
0.7471314053206234,0.15293253107833793,0.0999360636010387
0.7326092092942783,0.16781860946857902,0.09957218123714262
0.7294364196396536,0.17107965308937564,0.09948392727097079
0.7020474540025061,0.19935555265188135,0.09859699334561253
0.576379879980167,0.3316604570841648,0.0919596629356681
0.3872622689823726,0.5377174029190585,0.07502032809856896
0.23465589309476595,0.7102255523894722,0.05511855451576192
0.11048847087896158,0.8563272219914393,0.03318430712959917
0.05413706636789888,0.9257691287348616,0.020093804897239553
0.025190503350253017,0.9631946997209117,0.011614796928835401
0.010662591765966232,0.9831011474420154,0.006236260792018233
0.005200751824190546,0.9910979007700593,0.0037013474057502127
0.002320783289543217,0.9956225500714748,0.002056666638982036
0.0010317810670051868,0.997829323805618,0.0011388951273769488
0.00045784467215682716,0.9989125832606949,0.0006295720671483315
0.00020296779974390182,0.9994493221151701,0.00034771008508604654
0.0,0.9998080332442946,0.0001919667557053854
0.0,0.9998940579820285,0.0001059420179715283
0.0,1.0,0.0
