0.45,0.25,0.3
0.4481871163349684,0.2512691596681021,0.3005437239969295
0.4419371296244429,0.25564777485851176,0.30241509551704543
0.4419371296244428,0.2556477748585117,0.3024150955170454
0.44011515752796404,0.2569251346208699,0.30295970785116616
0.4254813541659484,0.2672001088812431,0.30731853695280853
0.30871351582894035,0.35044886120402663,0.34083762296703296
0.2352968319161049,0.40516936198564824,0.3595338060982469
0.1520330214306822,0.4769181540385091,0.37104882453080856
0.12435872441069938,0.5082953589230816,0.367345916666219
0.06360891700269704,0.6236424871548873,0.31274859584241566
0.038315900989789264,0.7131707820522455,0.24851331695796525
0.02417551722370353,0.7837514870877458,0.1920729956885507
0.008781783869255714,0.8908601097553015,0.10035810637544275
0.003332273715673231,0.9453242638267912,0.051343462457535516
0.0010889437432557232,0.9757842471528033,0.02312680910394097
0.00041257713610247084,0.9881159638142827,0.01147145904961492
0.000203659774256627,0.9929251031493923,0.006871237076351099
0.0,0.9961401244063179,0.0038598755936821226
0.0,0.99783994570333,0.0021600542966699527
0.0,0.9987936369154118,0.0012063630845882555
0.0,0.9993270245995194,0.0006729754004805811
0.0,0.999624815276868,0.0003751847231320484
0.0,0.999790907967543,0.00020909203245690996
0.0,0.9998834951128116,0.00011650488718839489
0.0,1.0,0.0
