0.5,0.35,0.15
0.49667170232833174,0.3525831913290789,0.1507451063425893
0.4834095241465368,0.3626888575070206,0.15390161834644256
0.4801530723919879,0.36512033442475667,0.15472659318325546
0.45488810049653167,0.38317202008044476,0.1619398794230236
0.3539260270002489,0.41111600037528356,0.23495797262446752
0.34253144969530536,0.36547784705606345,0.2919907032486312
0.35294405289278136,0.2743564336679908,0.37269951343922775
0.37252334164859524,0.18379625055661883,0.44368040779478596
0.3907318857716649,0.1112424658456796,0.49802564838265545
0.4052522519812807,0.05671016849606154,0.5380375795226578
0.41395226649558087,0.024920246135255522,0.5611274873691636
0.41764506202973906,0.011582674819801,0.5707722631504599
0.4193998746214037,0.0052736563768213994,0.5753264690017749
0.420206923774727,0.002378053888351675,0.5774150223369214
0.42057250358731785,0.001067603204604554,0.5783598932080776
0.42073696189398996,0.0004783323176341467,0.5787847057883759
0.42081071365131506,0.00021412106718028386,0.5789751652815046
0.42088406666259737,0.0,0.5791159333374027
0.42087656316009725,0.0,0.5791234368399027
0.4208732063907858,0.0,0.5791267936092143
0.4208717047898623,0.0,0.5791282952101376
0.42087103308770357,0.0,0.5791289669122964
0.4208707326223589,0.0,0.579129267377641
0.42087059821885964,0.0,0.5791294017811404
0.42087053809768854,0.0,0.5791294619023115
0.42087051120417573,0.0,0.5791294887958243
0.42087049917389735,0.0,0.5791295008261027
0.4208704937921643,0.0,0.5791295062078357
0.42087049138442345,0.0,0.5791295086155765
0.42087049030699286,0.0,0.5791295096930071
0.4208704898246295,0.0,0.5791295101753705
0.4208704896084484,0.0,0.5791295103915516
0.42087048951133454,0.0,0.5791295104886655
0.42087048946748123,0.0,0.5791295105325188
0.42087048944745203,0.0,0.5791295105525479
0.42087048943807986,0.0,0.5791295105619202
0.4208704894334746,0.0,0.5791295105665254
0.42087048943100175,0.0,0.5791295105689983
0.42087048942948274,0.0,0.5791295105705172
0.42087048942839034,0.0,0.5791295105716097
0.4208704894274888,0.0,0.5791295105725112
0.4208704894266406,0.0,0.5791295105733594
0.42087048942570726,0.0,0.5791295105742927
0.42087048942469707,0.0,0.5791295105753028
0.4208704894234563,0.0,0.5791295105765436
0.4208704894218013,0.0,0.5791295105781987
0.42087048941932553,0.0,0.5791295105806745
0.42087048941484123,0.0,0.5791295105851588
0.4208704894097947,0.0,0.5791295105902053
0.4208704893835335,0.0,0.5791295106164666
0.42087048919164766,0.0,0.5791295108083524
