0.25,0.4,0.35
0.25066762095875095,0.3943876045129184,0.35494477452833073
0.254553765416922,0.36558883559909416,0.37985739898398385
0.2554700087715615,0.3594251222958408,0.38510486893259777
0.26418431097142847,0.3067461986717805,0.42906949035679115
0.2917134915487768,0.16725008257882293,0.5410364258724003
0.30835770998370793,0.0902830431912309,0.6013592468250613
0.3154604444534053,0.05827765582854505,0.6262618997180496
0.32284504485639237,0.025394713236396124,0.6517602419072115
0.3264779834825724,0.009343704561915168,0.6641783119555125
0.3272236358289117,0.006058604626054596,0.6667177595450338
0.3278895012947463,0.0031276057459068665,0.6689828929593469
0.32828112939991094,0.0014048633350748434,0.6703140072650142
0.32845743901053076,0.0006295597147645972,0.6709130012747047
0.32853652838544417,0.0002818262194714259,0.6711816453950844
0.328571949260046,0.0001261015238512986,0.6713019492161026
0.32860633849806664,0.0,0.6713936615019334
0.32860318512230785,0.0,0.6713968148776921
0.32860177462979573,0.0,0.6713982253702043
0.3286011437400294,0.0,0.6713988562599706
0.3286008615570261,0.0,0.6713991384429738
0.32860073534338824,0.0,0.6713992646566117
0.3286006788910605,0.0,0.6713993211089395
0.3286006536411567,0.0,0.6713993463588434
0.3286006423472643,0.0,0.6713993576527356
0.3286006372955188,0.0,0.6713993627044812
0.32860063503571596,0.0,0.6713993649642841
0.32860063402467304,0.0,0.671399365975327
0.32860063357216635,0.0,0.6713993664278337
0.32860063336947765,0.0,0.6713993666305224
0.32860063327852584,0.0,0.6713993667214742
0.3286006332375508,0.0,0.6713993667624493
0.328600633218929,0.0,0.6713993667810709
0.32860063321030536,0.0,0.6713993667896947
0.32860063320615335,0.0,0.6713993667938466
0.32860063320400157,0.0,0.6713993667959984
0.32860063320274435,0.0,0.6713993667972556
0.3286006332018873,0.0,0.6713993667981126
0.3286006332012093,0.0,0.6713993667987908
0.3286006332006,0.0,0.6713993667994
0.3286006331999825,0.0,0.6713993668000175
0.32860063319930116,0.0,0.6713993668006988
0.3286006331984896,0.0,0.6713993668015105
0.32860063319744137,0.0,0.6713993668025587
0.3286006331959403,0.0,0.6713993668040596
0.32860063319358984,0.0,0.6713993668064102
0.32860063318809013,0.0,0.6713993668119098
0.32860063316631954,0.0,0.6713993668336805
0.32860063301887127,0.0,0.6713993669811287
0.32860063297853337,0.0,0.6713993670214666
