0.4,0.45,0.15
0.39663439048241517,0.45242396577415045,0.1509416437434345
0.38314910462698015,0.4618296652983886,0.15502123007463134
0.38314910462698004,0.4618296652983885,0.1550212300746313
0.37995139687822566,0.463979768542583,0.1560688345791914
0.355731579160765,0.4789866182192928,0.16528180261994224
0.280113707488454,0.47716762472152174,0.24271866779002432
0.2739203878727955,0.41773978987578114,0.30833982225142337
0.277880515288468,0.3739911858379163,0.34812829887361557
0.29499578939396753,0.27152549062955844,0.4334787199764741
0.3204111656125159,0.1525596761522183,0.5270291582352659
0.3350641689672218,0.08927709162213707,0.5756587394106412
0.3429952122065751,0.055893766932049206,0.6011110208613758
0.3506108906885732,0.024268104640233143,0.6251210046711937
0.3544015468672121,0.008660071640553985,0.6369383814922339
0.3551418643339814,0.005621207018302215,0.6392369286477164
0.35580192426809953,0.002914274285037148,0.6412838014468633
0.35619296141825824,0.0013117050622080554,0.6424953335195337
0.3563693530434684,0.0005890709176118217,0.6430415760389198
0.356448646607938,0.0002642773158081776,0.6432870760762539
0.3564842361611658,0.00011850997508355519,0.6433972538637507
0.3565191415699524,0.0,0.6434808584300475
0.35651584800369257,0.0,0.6434841519963074
0.35651437153894694,0.0,0.6434856284610532
0.35651370967655244,0.0,0.6434862903234475
0.35651341298366296,0.0,0.643486587016337
0.3565132799857849,0.0,0.6434867200142151
0.3565132203670852,0.0,0.6434867796329148
0.35651319364177736,0.0,0.6434868063582228
0.3565131816614348,0.0,0.6434868183385651
0.35651317629074336,0.0,0.6434868237092566
0.3565131738829259,0.0,0.6434868261170741
0.35651317280326045,0.0,0.6434868271967396
0.3565131723189585,0.0,0.6434868276810415
0.35651317210153716,0.0,0.6434868278984628
0.3565131720037489,0.0,0.6434868279962511
0.35651317195958787,0.0,0.6434868280404121
0.356513171939466,0.0,0.643486828060534
0.35651317193012017,0.0,0.6434868280698798
0.3565131719256048,0.0,0.6434868280743952
0.35651317192325477,0.0,0.6434868280767452
0.3565131719218754,0.0,0.6434868280781246
0.35651317192093107,0.0,0.6434868280790689
0.35651317192018184,0.0,0.6434868280798182
0.3565131719195054,0.0,0.6434868280804946
0.3565131719188189,0.0,0.643486828081181
0.35651317191804927,0.0,0.6434868280819507
0.3565131719171412,0.0,0.6434868280828587
0.35651317191601445,0.0,0.6434868280839855
0.35651317191426624,0.0,0.6434868280857339
0.35651317191119614,0.0,0.6434868280888039
0.3565131719041036,0.0,0.6434868280958964
0.3565131718745812,0.0,0.6434868281254188
0.35651317169374364,0.0,0.6434868283062565
