0.4,0.5,0.1
0.39525548929824306,0.5043997017247384,0.10034480897701863
0.3744782657097255,0.523568871205501,0.10195286308477358
0.36987568085355904,0.5277918200841522,0.10233249906228882
0.3341754988777645,0.5602038885570344,0.10562061256520103
0.19252098473057633,0.6763082108713433,0.1311708043980804
0.13744973682203787,0.7020157583682604,0.1605345048097018
0.11042834116858449,0.6884638434506414,0.20110781538077413
0.09890967647766695,0.6260689093069225,0.27502141421541065
0.10535279035789127,0.47273792888331956,0.4219092807587892
0.1168852238405549,0.34342867732302645,0.5396860988364186
0.12795986591739944,0.23368452144217564,0.638355612640425
0.1394163175617803,0.12581565635192946,0.7347680260862903
0.14680857195502678,0.057922024184161675,0.7952694038608116
0.1505138126471295,0.02424349946293502,0.8252426878899355
0.1519075086709881,0.011626676560579363,0.8364658147684325
0.15248424809250066,0.006413168349531696,0.8411025835579676
0.152861354508896,0.003006595869295738,0.8441320496218082
0.1530388347108295,0.0014039667781736505,0.8455571985109969
0.15312340775943664,0.0006404207578233445,0.84623617148274
0.1531620184381683,0.0002918642050458986,0.8465461173567859
0.15317962157610987,0.00013295872885674085,0.8466874196950334
0.15319691938145838,0.0,0.8468030806185416
0.15319552051323188,0.0,0.8468044794867681
0.15319488344932694,0.0,0.8468051165506731
0.15319459332895136,0.0,0.8468054066710486
0.1531944612089288,0.0,0.8468055387910712
0.15319440104208612,0.0,0.8468055989579139
0.15319437364238736,0.0,0.8468056263576127
0.15319436116464152,0.0,0.8468056388353585
0.1531943554822491,0.0,0.8468056445177509
0.15319435289441105,0.0,0.8468056471055889
0.15319435171581003,0.0,0.84680564828419
0.15319435117896493,0.0,0.846805648821035
0.15319435093437067,0.0,0.8468056490656294
0.1531943508228652,0.0,0.8468056491771349
0.15319435077196736,0.0,0.8468056492280326
0.15319435074866983,0.0,0.8468056492513302
0.15319435073794122,0.0,0.8468056492620587
0.15319435073293644,0.0,0.8468056492670636
0.1531943507305382,0.0,0.8468056492694618
0.153194350729327,0.0,0.8468056492706729
0.15319435072865634,0.0,0.8468056492713437
0.15319435072823184,0.0,0.8468056492717682
0.15319435072791945,0.0,0.8468056492720806
0.15319435072765242,0.0,0.8468056492723477
0.15319435072739437,0.0,0.8468056492726056
0.1531943507271304,0.0,0.8468056492728696
0.1531943507268258,0.0,0.8468056492731741
0.15319435072643128,0.0,0.8468056492735687
0.1531943507258954,0.0,0.8468056492741046
0.15319435072513146,0.0,0.8468056492748686
