0.15,0.7,0.15
0.1481242225700668,0.7006385610392751,0.15123721639065815
0.1402556377523358,0.7027138407245921,0.15703052152307206
0.1385746839314448,0.7030093882458192,0.15841592782273606
0.12639638554406354,0.7029514444619256,0.17065216999401084
0.10438989495604745,0.6777255836035149,0.21788452144043766
0.09812110693925798,0.5775457620898655,0.32433313097087646
0.10452551129709249,0.47065578928314517,0.4248186994197624
0.11829699794296326,0.317851521287364,0.5638514807696727
0.13075190348941715,0.19560103073294882,0.6736470657776341
0.14164749154416809,0.09326309370835684,0.7650894147474752
0.14491047550691313,0.06312343490450725,0.7919660895885796
0.14885806089238593,0.026896842312055656,0.8242450967955585
0.1506798568776465,0.01025597731854734,0.8390641658038062
0.1510369359442331,0.006999581729863022,0.8419634823259039
0.1514075614617541,0.0036214218492135477,0.8449710166890323
0.15162659095453104,0.0016258597654200695,0.8467475492800489
0.15172513991414296,0.0007281886327888992,0.8475466714530682
0.1517693210122699,0.00032578849272094253,0.8479048904950092
0.15178909607742608,0.00014568586698149685,0.8480652180555924
0.1518078285931067,0.0,0.8481921714068932
0.15180631565539748,0.0,0.8481936843446025
0.15180563933153643,0.0,0.8481943606684635
0.15180533700498453,0.0,0.8481946629950154
0.1518052018622677,0.0,0.8481947981377324
0.1518051414525156,0.0,0.8481948585474844
0.1518051144489282,0.0,0.8481948855510718
0.15180510237807893,0.0,0.848194897621921
0.15180509698223443,0.0,0.8481949030177657
0.15180509457014646,0.0,0.8481949054298535
0.15180509349181046,0.0,0.8481949065081896
0.15180509300966719,0.0,0.8481949069903328
0.15180509279402457,0.0,0.8481949072059753
0.15180509269750886,0.0,0.8481949073024911
0.15180509265424338,0.0,0.8481949073457566
0.15180509263478092,0.0,0.8481949073652191
0.1518050926259586,0.0,0.8481949073740415
0.15180509262189243,0.0,0.8481949073781077
0.1518050926199522,0.0,0.8481949073800478
0.15180509261896238,0.0,0.8481949073810376
0.15180509261839734,0.0,0.8481949073816026
0.1518050926180222,0.0,0.8481949073819779
0.15180509261773192,0.0,0.848194907382268
0.15180509261747704,0.0,0.848194907382523
0.15180509261722258,0.0,0.8481949073827775
0.15180509261694555,0.0,0.8481949073830545
0.15180509261661956,0.0,0.8481949073833804
0.15180509261620526,0.0,0.8481949073837947
0.15180509261562528,0.0,0.8481949073843748
0.15180509261472322,0.0,0.8481949073852768
0.15180509261282676,0.0,0.8481949073871733
0.15180509260779698,0.0,0.848194907392203
0.15180509259046324,0.0,0.8481949074095368
0.15180509248653806,0.0,0.8481949075134619
