0.1,0.75,0.15
0.09865163484346015,0.7501842569079522,0.15116410824858764
0.09294736715536654,0.750394717471505,0.15665791537312848
0.09174464683659025,0.7503012183617546,0.15795413480165524
0.08305210357485548,0.7475965621787606,0.16935133424638396
0.06768246926768157,0.7211387900107349,0.2111787407215836
0.06195022239689376,0.631382760763779,0.3066670168393273
0.06875721323464656,0.46363159227868544,0.46761119448666794
0.07731494744568133,0.32646527713847673,0.5962197754158419
0.08538218201566979,0.20842052174208067,0.7061972962422496
0.09240373599508123,0.10950960234980388,0.798086661655115
0.09480991252230955,0.07612866446899112,0.8290614230086992
0.09796466129326976,0.032663731721180034,0.8693716069855503
0.09938268766457015,0.013223487126628616,0.8873938252088013
0.09987954644466944,0.006424761370915861,0.8936956921844147
0.10012490323422721,0.0030698076285665117,0.8968052891372064
0.1002457749742668,0.0014176013404008302,0.8983366236853324
0.10030169200531859,0.000653392291172678,0.8990449157035088
0.10032748620023481,0.0003008938906343792,0.8993716199091308
0.10033936920362946,0.00013850876266624073,0.8995221220337043
0.10035123729300185,0.0,0.8996487627069981
0.1003503022703588,0.0,0.8996496977296412
0.1003498719847305,0.0,0.8996501280152696
0.10034967397772397,0.0,0.899650326022276
0.10034958286073349,0.0,0.8996504171392665
0.10034954093156542,0.0,0.8996504590684345
0.10034952163709109,0.0,0.8996504783629089
0.10034951275835538,0.0,0.8996504872416446
0.10034950867259061,0.0,0.8996504913274094
0.1003495067923874,0.0,0.8996504932076126
0.10034950592710794,0.0,0.8996504940728921
0.10034950552886153,0.0,0.8996504944711384
0.10034950534552763,0.0,0.8996504946544723
0.10034950526108907,0.0,0.8996504947389109
0.10034950522215874,0.0,0.8996504947778412
0.10034950520416974,0.0,0.8996504947958303
0.10034950519581723,0.0,0.8996504948041828
0.10034950519189907,0.0,0.899650494808101
0.10034950519002146,0.0,0.8996504948099786
0.10034950518908285,0.0,0.8996504948109172
0.10034950518857631,0.0,0.8996504948114237
0.10034950518826861,0.0,0.8996504948117314
0.10034950518804436,0.0,0.8996504948119556
0.10034950518786462,0.0,0.8996504948121353
0.10034950518769872,0.0,0.8996504948123013
0.10034950518753416,0.0,0.8996504948124658
0.10034950518734959,0.0,0.8996504948126505
0.10034950518713046,0.0,0.8996504948128695
0.10034950518682507,0.0,0.8996504948131749
0.10034950518635766,0.0,0.8996504948136423
0.10034950518553179,0.0,0.8996504948144682
0.10034950518347042,0.0,0.8996504948165296
0.10034950517398024,0.0,0.8996504948260198
0.10034950510028062,0.0,0.8996504948997194
0.10034950509555032,0.0,0.8996504949044497
