0.6,0.1,0.3
0.6000525412124583,0.09893235776329219,0.30101510102424944
0.6003376964107298,0.09458364549977345,0.3050786580894967
0.6004241552495626,0.09351418629494218,0.30606165845549516
0.6013220462953581,0.0849260600764861,0.31375189362815586
0.6078595242712307,0.04887404077268058,0.34326643495608883
0.6140986878584724,0.023696618043177776,0.36220469409834977
0.6177311987498093,0.010497081306653977,0.3717717199435368
0.6194666544434734,0.004437247929183394,0.3760960976273433
0.6199466462680554,0.0027848843826493385,0.37726846934929525
0.6203544006918863,0.0013887141193590236,0.3782568851887547
0.6205796437307827,0.0006203385618448184,0.3788000177073725
0.6206806373356396,0.0002764692249271987,0.37904289343943315
0.6207257227019252,0.00012308896789644283,0.3791511883301783
0.6207798144167673,0.0,0.3792201855832326
0.6207698815808564,0.0,0.3792301184191436
0.6207654623967087,0.0,0.37923453760329134
0.6207634964087704,0.0,0.3792365035912297
0.6207626218149075,0.0,0.3792373781850925
0.6207623026849038,0.0,0.3792376973150962
