0.75,0.15,0.1
0.7473860013702518,0.15251270707390263,0.10010129155584557
0.7349365382690889,0.16447007226433646,0.10059338946657466
0.732126811133073,0.16716646430848123,0.10070672455844583
0.7084567424459146,0.18984652747149824,0.10169673008258713
0.5633388149728922,0.32702766326841126,0.10963352175869655
0.40195617099054004,0.4718865691762871,0.12615725983317289
0.29291417255203306,0.5545223174580207,0.1525635099899462
0.2242803646832715,0.5721065503766997,0.20361308494002886
0.2036339815616781,0.5090800308359452,0.2872859876023766
0.2102519155053924,0.4134699718020027,0.37627811269260486
0.23158648640835883,0.2734814321450276,0.49493208144661355
0.2519921895639717,0.16089027232769723,0.5871175381083311
0.26301374200355115,0.10308288931596504,0.6339033686804838
0.27153005248814915,0.059288061393921246,0.6691818861179296
0.27845284904667733,0.024117777100476717,0.697429373852846
0.28153530810790584,0.008562678101766098,0.709902013790328
0.28211709681683256,0.00563340276829496,0.7122495004148724
0.282656105989169,0.002921334069508877,0.7144225599413221
0.2829750554358212,0.0013173244435849274,0.7157076201205939
0.28311916586535835,0.0005927835996955265,0.7162880505349462
0.2831840721665844,0.0002664953560337183,0.7165494324773818
0.28321326355711735,0.00011975634699738042,0.7166669800958853
0.2832416236847922,0.0,0.7167583763152078
0.2832391255321488,0.0,0.7167608744678512
0.28323800326152127,0.0,0.7167619967384787
0.28323749910530854,0.0,0.7167625008946915
0.2832372726263447,0.0,0.7167627273736553
0.2832371708870026,0.0,0.7167628291129974
0.2832371251834207,0.0,0.7167628748165792
0.2832371046522397,0.0,0.7167628953477603
0.2832370954289949,0.0,0.716762904571005
0.28323709128549335,0.0,0.7167629087145065
0.28323708942390996,0.0,0.7167629105760901
0.28323708858740765,0.0,0.7167629114125924
0.2832370882113914,0.0,0.7167629117886086
0.2832370880422342,0.0,0.7167629119577659
0.28323708796600205,0.0,0.716762912033998
0.2832370879315136,0.0,0.7167629120684864
0.28323708791577723,0.0,0.7167629120842228
0.2832370879084646,0.0,0.7167629120915353
0.2832370879049362,0.0,0.7167629120950638
0.28323708790310764,0.0,0.7167629120968924
0.2832370879020427,0.0,0.7167629120979573
0.28323708790132085,0.0,0.7167629120986793
0.2832370879007531,0.0,0.7167629120992469
0.28323708790024404,0.0,0.716762912099756
0.28323708789973073,0.0,0.7167629121002693
0.2832370878991587,0.0,0.7167629121008413
0.28323708789848806,0.0,0.7167629121015119
0.28323708789766316,0.0,0.7167629121023369
0.2832370878963912,0.0,0.7167629121036088
0.2832370878941896,0.0,0.7167629121058104
0.28323708788925045,0.0,0.7167629121107495
0.2832370878696177,0.0,0.7167629121303823
0.283237087736653,0.0,0.716762912263347
0.283237087702309,0.0,0.7167629122976911
