0.75,0.2,0.05
0.7458485417364926,0.20414445683505736,0.050007001428450056
0.7245180976105685,0.22543814854431915,0.050043753845112365
0.7199807226141492,0.2299675321328238,0.050051745253026934
0.681506216990374,0.26837165283853015,0.05012213017109593
0.4958121405557344,0.4536375307154846,0.05055032872878103
0.2999913997206828,0.6487440951992701,0.05126450508004718
0.1514539449527371,0.7967647417459099,0.0517813133013531
0.06761025447380878,0.8820627788900828,0.050326966636108486
0.024889862287926307,0.9292792747557976,0.04583086295627596
0.010507345386325306,0.9482524144543337,0.04124024015934081
0.005247453583361348,0.9571324576117051,0.03762008880493368
0.0022822732883199994,0.9641528823501462,0.033564844361533896
0.0009786152158351193,0.9692042251985526,0.029817159585612252
0.00041466976014044516,0.9731808510792033,0.026404479160656136
0.00017391090531855612,0.9765024755008125,0.023323613593868812
0.0,0.979439902695114,0.02056009730488599
0.0,0.9819112399438265,0.01808876005617355
0.0,0.9841106220758199,0.015889377924180104
0.0,0.985749837920044,0.014250162079955905
0.0,0.987243224773098,0.012756775226902021
0.0,0.9885892153829107,0.011410784617089298
0.0,0.9898004978779956,0.010199502122004406
0.0,0.990889055539218,0.009110944460781905
0.0,0.9918661183847403,0.008133881615259747
0.0,0.9927421404804027,0.0072578595195973575
0.0,0.9935267976755248,0.006473202324475216
0.0,0.9938876783990801,0.006112321600919884
0.0,0.9945186027120761,0.005481397287923848
0.0,0.9951503665864655,0.004849633413534507
0.0,0.9957108133446801,0.004289186655319837
0.0,0.9962076647873638,0.0037923352126362025
0.0,0.9966478793902844,0.0033521206097156227
0.0,0.9970377112977225,0.0029622887022775052
0.0,0.9973827687396969,0.0026172312603031126
0.0,0.9976880706770196,0.0023119293229804543
0.0,0.997958100854206,0.0020418991457940086
0.0,0.9981968587332724,0.0018031412667275776
0.0,0.9984079070058739,0.0015920929941261792
0.0,0.9985946897245804,0.001405310275419536
0.0,0.9987673397010624,0.0012326602989377199
0.0,0.9989324864943138,0.0010675135056862452
0.0,0.9990896807350247,0.0009103192649753791
0.0,0.99924977010996,0.0007502298900400732
0.0,0.9994110802110825,0.0005889197889175116
0.0,0.9994914807042666,0.0005085192957334134
0.0,0.9997012379012538,0.0002987620987463394
0.0,0.999863873855226,0.00013612614477408067
0.0,1.0,0.0
