0.35,0.35,0.3
0.3514477486769414,0.34942685639875737,0.2991253949243012
0.35591137204022094,0.347758340462178,0.29633028749760104
0.35727535674080774,0.34728051609339805,0.29544412716579427
0.3672512314785782,0.34434347492221945,0.2884052935992025
0.39036021395079207,0.35636453728113465,0.25327524876807334
0.3535402780009867,0.4113139595042895,0.2351457624947238
0.28811508053938933,0.47411475632902367,0.23777016313158708
0.23644575403557702,0.5120910435517606,0.25146320241266246
0.20811043726017703,0.521790418082786,0.27009914465703694
0.21887774143827574,0.4914064953614191,0.2897157632003052
0.27633970058503704,0.432196875877534,0.291463423537429
0.31873115531763363,0.40747503239315475,0.2737938122892116
0.3200179624025308,0.4220480385189393,0.25793399907853004
0.29126443572529986,0.45339257033226044,0.25534299394243976
0.26054744607728925,0.474782780599423,0.26466977332328767
0.2574851097847892,0.46734706772584617,0.27516782248936456
0.28412513307523,0.43994586296848925,0.2759290039562806
0.29786842520621726,0.43628068922119845,0.2658508855725843
0.28603201958084185,0.4503639712743321,0.263604009144826
0.2733671885106923,0.4586626333520474,0.26797017813726026
0.27711009390986874,0.4508792952161242,0.2720106108740071
0.28797394105645674,0.44329668928967,0.2687293696538732
0.28308074631115887,0.45002313931366905,0.26689611437517213
0.2793256795511633,0.45093562943427457,0.26973869101456227
0.2843361249866922,0.4469257452461277,0.26873812976718015
0.28183337255628704,0.4499391299137034,0.2682274975300095
0.2821664491026748,0.44873264302252097,0.2691009078748043
0.28217255922643186,0.4492973224432312,0.268530118330337
0.2824874057679078,0.4487722110332144,0.2687403831988778
0.28214715518458955,0.44909644615717387,0.26875639865823664
0.28224182471997206,0.44905234454963694,0.26870583073039106
0.2822604998004273,0.4490252071640496,0.26871429303552313
0.2822605021663189,0.4490208385865128,0.26871865924716837
0.2822622352093575,0.4490188266181729,0.2687189381724696
0.28226397892057703,0.44901784226831215,0.2687181788111109
0.2822632077574032,0.4490190150936417,0.2687177771489551
0.28226201974526904,0.449019923661905,0.268718056592826
0.2822624100740603,0.44901915640938567,0.26871843351655417
0.2822636961419725,0.4490180270779331,0.26871827678009447
0.28226280697241446,0.4490190629619174,0.2687181300656681
