0.35,0.4,0.25
0.34947180167604325,0.40080314329183836,0.24972505503211845
0.3480639147086617,0.4028780947173261,0.24905799057401226
0.34748922304822544,0.40370101442281764,0.24880976252895698
0.3424374279501432,0.4104896153909875,0.24707295665886936
0.2882647158977849,0.4650642982631743,0.24667098583904085
0.24193341204620472,0.49631362801214024,0.261752959941655
0.23377015618938596,0.48802677321081844,0.2782030705997956
0.2779697803658779,0.4382256793017212,0.283804540332401
0.30855944588849166,0.42078294352807,0.27065761058343835
0.3080293800396051,0.43047392737350176,0.2614966925868932
0.2831403865882236,0.456439316850511,0.26042029656126553
0.2647083968261609,0.4664107434634361,0.2688808597104031
0.27183882055436515,0.45346047848437543,0.27470070096125937
0.29170772653093296,0.4385117156744958,0.2697805577945712
0.28950400046275915,0.44519658514957045,0.2652994143876703
0.27686165172914345,0.455364847229486,0.26777350104137054
0.2789202081267419,0.4501591368331254,0.27092065504013263
0.28619788110362027,0.4456545814793154,0.2681475374170644
0.2808281024013915,0.4511023927943793,0.26806950480422925
0.28137306804404166,0.44911340270770317,0.2695135292482552
0.2832293636754398,0.4485060231649582,0.26826461315960204
0.28148811410005165,0.4495870492410515,0.268924836658897
0.2827629661060554,0.44860036975914075,0.2686366641348039
0.28196974519294704,0.4492629429632106,0.2687673118438423
0.2823998311609901,0.448930855140758,0.268669313698252
0.28226505097810933,0.4489914621767918,0.2687434868450989
0.2822458724619549,0.44902908505313494,0.2687250424849102
0.2822586577799738,0.4490217939522147,0.26871954826781164
0.28226257666307253,0.44901906001141667,0.2687183633255107
0.28226285281790203,0.44901900552479423,0.2687181416573037
0.28226283634493043,0.44901902719770637,0.2687181364573633
0.2822627644562534,0.4490191005087939,0.2687181350349526
0.2822627665821053,0.4490190963163927,0.268718137101502
0.28226283589512563,0.44901902751295986,0.2687181365919146
