0.65,0.05,0.3
0.6532254839822487,0.05005907678796174,0.2967154392297896
0.6656656160336323,0.050465518517657494,0.2838688654487102
0.6684755406336316,0.050602908925306,0.28092155044106243
0.6881284621089836,0.052219114943274005,0.25965242294774243
0.7282077758852183,0.06693066415375518,0.20486155996102656
0.7235254439678332,0.10505995344584802,0.17141460258631877
0.6631289247323284,0.18324450826906818,0.1536265669986034
0.541237488285969,0.3113017036327568,0.1474608080812742
0.3869052672557033,0.4613208068270415,0.15177392591725522
0.31641085909795463,0.5267645698831264,0.15682457101891903
0.221999353874467,0.6122378862906871,0.16576275983484592
0.12722992538704594,0.7004564713574348,0.1723136032555193
0.08775127287654255,0.742002964996663,0.17024576212679446
0.03431057815370301,0.8135480888136397,0.1521413330326573
0.017860517062979905,0.8455526328988778,0.13658685003814225
0.0052321081904656095,0.8847854584597444,0.10998243334978997
0.001683096748217467,0.9082252745508911,0.09009162870089152
0.0008065913955487427,0.9198555755453441,0.07933783305910715
0.00034859258044005783,0.9308736159596717,0.06877779145988834
0.00014015760657897468,0.9408344701423653,0.05902537225105571
0.0,0.9495407218817506,0.05045927811824932
0.0,0.9570145487491848,0.04298545125081525
0.0,0.9624472653346191,0.037552734665380935
0.0,0.9672524438350893,0.0327475561649106
0.0,0.9714884030093087,0.02851159699069133
0.0,0.97521151431039,0.024788485689610062
0.0,0.9784752934686787,0.021524706531321387
0.0,0.9807774736053968,0.019222526394603274
0.0,0.9829392625358654,0.017060737464134532
0.0,0.9848672236497216,0.01513277635027839
0.0,0.9865846684784385,0.013415331521561486
0.0,0.9881130093698253,0.01188699063017472
0.0,0.9886922898560061,0.011307710143993876
0.0,0.9899214539415763,0.010078546058423697
0.0,0.9911055687165435,0.008894431283456397
0.0,0.9921601585047173,0.007839841495282801
0.0,0.9930918534754443,0.0069081465245557075
0.0,0.9939144953704531,0.006085504629546928
0.0,0.9946404744467741,0.005359525553225921
0.0,0.9952808572418279,0.004719142758172059
0.0,0.995845508901016,0.00415449109898399
0.0,0.996343208705399,0.0036567912946009868
0.0,0.9967848686714432,0.0032151313285567716
0.0,0.9971851865982423,0.002814813401757645
0.0,0.9975575959070316,0.00244240409296835
0.0,0.9979163695844209,0.0020836304155790963
0.0,0.9982601578223357,0.0017398421776643868
0.0,0.9986108774642122,0.0013891225357878095
0.0,0.9987980958763193,0.0012019041236807117
0.0,0.9992225477344494,0.0007774522655505825
0.0,0.999620829309438,0.00037917069056199725
0.0,0.9998270582897375,0.00017294171026251248
0.0,1.0,0.0
