0.1,0.6,0.3
0.10021005431708359,0.5997441011293579,0.3000458445535585
0.10070696770611352,0.5991344634516805,0.300158568842206
0.10092189080429446,0.5988689912993496,0.300209117896356
0.10270960679329302,0.5966228827192163,0.30066751048749074
0.1243325113811286,0.5673885196602538,0.3082789689586175
0.15977014016344374,0.5214917311772387,0.3187381286593176
0.20058942955725179,0.4753654611023743,0.3240451093403739
0.25725116503123857,0.4227467580610766,0.3200020769076848
0.32804896824646645,0.3755721815188039,0.2963788502347297
0.36489285294722,0.36878137100386027,0.2663257760489197
0.35610396077492373,0.3969424581459213,0.24695358107915502
0.30763170539145274,0.4504034714595888,0.24196482314895837
0.24970476501309566,0.49584625019571976,0.25444898479118466
0.22573424964380356,0.5021103840273863,0.27215536632881027
0.24421305780677172,0.4688397560045144,0.2869471861887139
0.2842984800498761,0.4314343899274899,0.284267130022634
0.3145484832923266,0.4187618421267838,0.2666896745808897
0.3042613738325709,0.4372660672325997,0.2584725589348294
0.2783902197420018,0.4611232009534933,0.2604865793045049
0.2618651679529746,0.46794793613961044,0.2701868959074149
0.27377090508550783,0.4506508808444199,0.2755782140700722
0.2923531466882186,0.43725558320260166,0.2703912701091797
0.2907892502828108,0.4442958296088299,0.2649149201083594
0.2764842160474878,0.45608730838775946,0.26742847556475285
0.27793286783543353,0.45088671769285876,0.27118041447170776
0.28670513896504757,0.4448088356861799,0.26848602534877253
0.2817374228908235,0.4506773488444766,0.26758522826469994
0.2805834280878856,0.4498115619982801,0.2696050099138343
0.28376099860082965,0.44790121838537766,0.26833778301379274
0.2812953669635376,0.44993976101728206,0.26876487201918037
0.2827525460581187,0.4484542704746493,0.26879318346723186
0.28197379175585013,0.44935156716769536,0.26867464107645445
0.2824586448751246,0.44884154930384795,0.2686998058210274
0.28220242768510456,0.44904410751907753,0.26875346479581796
0.2822331116648659,0.4490496251893686,0.26871726314576555
0.28225731333652443,0.4490258894535221,0.2687167972099534
0.28226201484538616,0.44901961917999006,0.26871836597462384
0.28226299722205067,0.44901884923758845,0.268718153540361
0.28226352042767294,0.44901953524082083,0.2687169443315062
0.28226082963148574,0.4490213375609959,0.2687178328075183
0.28226445655668664,0.4490148993915249,0.2687206440517885
0.28226530994625487,0.44901731638641845,0.2687173736673267
0.2822620868889018,0.4490199723620748,0.26871794074902344
0.28226199878259695,0.44902000213713167,0.26871799908027133
0.28226193513975634,0.4490196744197124,0.26871839044053125
0.2822625683742287,0.44901928302944166,0.26871814859632964
0.2822577260611524,0.449024419791787,0.2687178541470605
0.28221437598454885,0.4490664066147762,0.2687192174006749
0.2822627149483637,0.44901905899425865,0.26871822605737766
0.2822628322224593,0.4490190308966667,0.268718136880874
0.2822628361079598,0.4490190273334331,0.26871813655860716
0.28226283542543895,0.44901902797084614,0.26871813660371496
