0.15,0.1,0.75
0.15558123845403815,0.0987272008216791,0.7456915607242828
0.19098475721571986,0.09121106117705366,0.7178041816072265
0.19745821599989172,0.08993199273771578,0.7126097912623925
0.252437811253406,0.08007537361857973,0.6674868151280143
0.40624136696798663,0.0596887521802051,0.5340698808518083
0.5328802590501042,0.048805818696488874,0.418313922253407
0.621638660367886,0.044710549105981386,0.33365079052613267
0.6916554202163232,0.04632547599797661,0.26201910378570015
0.7322418064356592,0.0569929762115971,0.21076521735274367
0.738603196542853,0.08565636542497101,0.175740438032176
0.6963337188375859,0.1484172709906525,0.1552490101717616
0.6048183929585524,0.24857297521471872,0.14660863182672887
0.5014664186636787,0.35278767698567,0.14574590435065124
0.3319280579853605,0.5142676763076295,0.15380426570701003
0.1971439432506304,0.6367499565654013,0.16610610018396832
0.10858211942239143,0.7216753302674096,0.16974255031019891
0.0740196905686253,0.7602409526526974,0.1657393567786773
0.02648139060313333,0.829393596265242,0.14412501313162465
0.010864442924565308,0.8654345518583231,0.12370100521711158
0.0063871882533428435,0.8809993160876967,0.11261349565896046
0.002973732740166713,0.8986231778474838,0.09840308941234942
0.0010913748805760864,0.9162520980458349,0.08265652707358903
0.0003726217941341214,0.9308180688138276,0.0688093093920383
0.00015126831323945255,0.9407010890695191,0.05914764261724152
0.0,0.9493511684084118,0.050648831591588235
0.0,0.9567784794308138,0.04322152056918613
0.0,0.9620697276073485,0.03793027239265155
0.0,0.9658534441155485,0.03414655588445146
0.0,0.9700519438797229,0.029948056120277077
0.0,0.9738094768503325,0.026190523149667577
0.0,0.9771232828096778,0.022876717190322155
0.0,0.9800391845342872,0.019960815465712822
0.0,0.9825998529642459,0.017400147035754054
0.0,0.984844616190177,0.015155383809822998
0.0,0.9868094058139311,0.013190594186068985
0.0,0.9885268068152865,0.011473193184713489
0.0,0.9900261818770333,0.009973818122966655
0.0,0.991333846209483,0.008666153790517057
0.0,0.9924732737176717,0.007526726282328328
0.0,0.9934653196623282,0.006534680337671853
0.0,0.9941717304290938,0.005828269570906152
0.0,0.9946602734535904,0.0053397265464096705
0.0,0.9952631946716123,0.004736805328387692
0.0,0.9958197352633875,0.004180264736612514
0.0,0.9963163107770755,0.0036836892229245304
0.0,0.9967600766527764,0.0032399233472236175
0.0,0.9971618379283006,0.002838162071699384
0.0,0.9975344072262065,0.002465592773793477
0.0,0.9978922451738177,0.0021077548261823078
0.0,0.9982499107479976,0.0017500892520023637
0.0,0.9986198827751122,0.001380117224887823
0.0,0.9990103153621906,0.0009896846378093078
0.0,0.9994150373437921,0.0005849626562079944
0.0,0.9997133004454924,0.0002866995545074892
0.0,0.9998643017107262,0.0001356982892737339
0.0,1.0,0.0
