0.2,0.1,0.7
0.20651068801197867,0.09860734540181669,0.6948819665862047
0.24555651741545367,0.09083241674889919,0.6636110658356471
0.25269568993456454,0.0895095270213195,0.657794783044116
0.3111224751499185,0.07967434907047617,0.6092031757796054
0.4692397223044226,0.06010253367895473,0.4706577440166227
0.583562105143144,0.051663472479986906,0.36477442237686913
0.6612964761920977,0.05057240976634453,0.2881311140415578
0.7128029384411846,0.05776325700318835,0.229433804555627
0.7317592656833659,0.08033637752854077,0.18790435678809336
0.7073009806354279,0.12948080939816323,0.1632182099664089
0.6059812225142691,0.24485185490046746,0.1491669225852635
0.4794538595117499,0.3724397236424004,0.14810641684584974
0.3166945095480186,0.5264105685047679,0.1568949219472137
0.19001375200827186,0.6411032324734042,0.1688830155183239
0.1063774933678005,0.7216162391833849,0.17200626744881453
0.07285212931138282,0.7593125678810394,0.1678353028075778
0.02623258623967213,0.8279213576678421,0.1458460560924857
0.010586273681326523,0.8646995421533761,0.12471418416529739
0.006172904989991229,0.8804955891836225,0.11333150582638629
0.002933629469567759,0.8977088955106645,0.09935747501976777
0.001087161633556362,0.9153407492034816,0.08357208916296198
0.0003748741399873007,0.9299549865098727,0.06967013935013996
0.00015199987145497108,0.9399833347123303,0.059864665416214755
0.0,0.9487604905528331,0.051239509447166896
0.0,0.9562970803702314,0.04370291962976857
0.0,0.9616583861827073,0.0383416138172927
0.0,0.9653585753044012,0.03464142469559885
0.0,0.9696045225549584,0.030395477445041473
0.0,0.9734207189392992,0.02657928106070083
0.0,0.9767863985441169,0.02321360145588323
0.0,0.9797479538645804,0.020252046135419664
0.0,0.9823486338084907,0.017651366191509338
0.0,0.9846283339117823,0.015371666088217677
0.0,0.9866235293110381,0.013376470688961823
0.0,0.9883673156898423,0.011632684310157772
0.0,0.9898895282555319,0.01011047174446803
0.0,0.9912169139715764,0.008783086028423629
0.0,0.9923733371823616,0.007626662817638447
0.0,0.9933800031940141,0.006619996805985834
0.0,0.9940959484238239,0.005904051576176114
0.0,0.9945908854168338,0.005409114583166186
0.0,0.9952017025014068,0.004798297498593162
0.0,0.9957655002136667,0.004234499786333197
0.0,0.9962684920744098,0.003731507925590093
0.0,0.996717898115309,0.003282101884690946
0.0,0.9971246178288197,0.0028753821711802983
0.0,0.9975015695022934,0.002498430497706622
0.0,0.9978633492427788,0.002136650757221255
0.0,0.9982246919703064,0.001775308029693544
0.0,0.9985982644363107,0.001401735563689317
0.0,0.9989924155085655,0.0010075844914344922
0.0,0.9994014624517865,0.0005985375482134873
0.0,0.9997061610852157,0.0002938389147842915
0.0,0.9998608876838012,0.00013911231619880213
0.0,1.0,0.0
