0.45,0.1,0.45
0.45601439008497646,0.09906402580216009,0.4449215841128635
0.4837298759499454,0.09503559115300032,0.4212345328970543
0.4893078336005276,0.09428325491800091,0.4164089114814715
0.530235246917368,0.08942336444479643,0.38034138863783556
0.6266620758486492,0.0851735567053233,0.28816436744602747
0.6772793415474883,0.10115214976246589,0.22156850869004582
0.6732848562834574,0.14054908187420845,0.18616606184233425
0.6077177874381327,0.22735299167020293,0.16492922089166456
0.4892511153125426,0.3518911073365396,0.15885777735091774
0.3402595882487124,0.49465126662058645,0.16508914513070114
0.2041411068037115,0.6166324549473895,0.1792264382488991
0.1150141300579147,0.699477459405023,0.1855084105370623
0.08005026397866258,0.7375595463589051,0.18239018966243234
0.03262727903632642,0.8050359033340824,0.16233681762959118
0.008140508865513348,0.864723310122159,0.12713618101232776
0.0035474711506255883,0.8870010418292156,0.10945148702015879
0.001424457567465716,0.9054673149138334,0.09310822751870093
0.0005318572364844765,0.9209829564744672,0.07848518628904844
0.00018634081111745072,0.9341393678919266,0.06567429129695598
0.0,0.9433274174646016,0.05667258253539844
0.0,0.9492774883059387,0.05072251169406128
0.0,0.9558835267448135,0.04411647325518656
0.0,0.961716919547522,0.038283080452477906
0.0,0.9668463175482358,0.033153682451764185
0.0,0.9713398076729968,0.028660192327003245
0.0,0.9752632189586965,0.024736781041303463
0.0,0.9786789223108335,0.021321077689166416
0.0,0.9816450485330607,0.018354951466939287
0.0,0.9842150477180039,0.01578495228199606
0.0,0.9860764706919661,0.013923529308033823
0.0,0.9874347584780442,0.012565241521955723
0.0,0.9888969099771108,0.011103090022889268
0.0,0.9902175688104424,0.009782431189557517
0.0,0.991384514658633,0.008615485341366929
0.0,0.9924148815666983,0.00758511843330171
0.0,0.9933240640927112,0.006675935907288725
0.0,0.9941258548316844,0.005874145168315666
0.0,0.9948325805858591,0.005167419414140813
0.0,0.9954552343190994,0.004544765680900541
0.0,0.9960036009249513,0.003996399075048671
0.0,0.9964863755408948,0.0035136244591051895
0.0,0.9969193437832952,0.0030806562167048066
0.0,0.9973184757797791,0.0026815242202210127
0.0,0.9976830369048102,0.0023169630951897446
0.0,0.9980423852672397,0.001957614732760279
0.0,0.9984035438061912,0.0015964561938088112
0.0,0.9985922541490082,0.0014077458509917952
0.0,0.999030831079804,0.0009691689201961045
0.0,0.9994758343299814,0.0005241656700185714
0.0,0.9997571012624976,0.00024289873750240053
0.0,0.9998899516134673,0.00011004838653269985
0.0,1.0,0.0
