0.8,0.1,0.1
0.7979765517296254,0.10192448598192261,0.10009896228845194
0.7878869789923088,0.11154616339066382,0.1005668576170274
0.7856763623068975,0.11365939505188466,0.10066424264121793
0.7668078822261922,0.1317572015255392,0.1014349162482686
0.6470480706535111,0.24774893221181254,0.10520299713467636
0.4862067994701806,0.40330226618814713,0.11049093434167237
0.3170066022579028,0.5641815815462857,0.11881181619581158
0.18524342191251802,0.6888460664758242,0.12591051161165778
0.09002290863207058,0.7853811342840885,0.12459595708384073
0.034305521090202615,0.8540991976554777,0.11159528125431978
0.016193767231873282,0.8843918242346614,0.09941440853346535
0.007017437844277703,0.9063976734866563,0.08658488866906607
0.002748171716764884,0.9232957046790161,0.0739561236042191
0.0010191113356541874,0.9363528226730288,0.06262806599131719
0.00036065868283578637,0.9469276279568275,0.052711713360336636
0.00014788287324394477,0.9543232619847466,0.04552885514200937
0.0,0.959490586961697,0.040509413038302994
0.0,0.964639704420391,0.03536029557960894
0.0,0.9691870548709548,0.030812945129045206
0.0,0.9731902662640649,0.026809733735935138
0.0,0.9767045665033892,0.023295433496610764
0.0,0.9797820193868909,0.020217980613108998
0.0,0.98247104428507,0.01752895571493001
0.0,0.9848161633103496,0.015183836689650364
0.0,0.9868579256640194,0.013142074335980648
0.0,0.9886329645948524,0.011367035405147653
0.0,0.9901741488775422,0.009825851122457771
0.0,0.9912903797630084,0.0087096202369916
0.0,0.9922822391570081,0.007717760842991977
0.0,0.9931630619176688,0.006836938082331179
0.0,0.9939448657611794,0.00605513423882072
0.0,0.9945017550614392,0.005498244938560784
0.0,0.9947686275692124,0.005231372430787624
0.0,0.9953308341276229,0.004669165872377176
0.0,0.9958971180873455,0.004102881912654442
0.0,0.9963953328917696,0.0036046671082303346
0.0,0.9968335213580747,0.0031664786419253305
0.0,0.9972188078190153,0.0027811921809847155
0.0,0.9975574956936208,0.002442504306379122
0.0,0.9978641081890022,0.0021358918109978028
0.0,0.9981510247145391,0.0018489752854609102
0.0,0.998429906175439,0.0015700938245609732
0.0,0.9987117873040473,0.0012882126959527069
0.0,0.9990055469035808,0.0009944530964192447
0.0,0.9993153334810018,0.0006846665189982229
0.0,0.9996125496791688,0.00038745032083116145
0.0,0.9998107370273589,0.00018926297264110326
0.0,1.0,0.0
