0.3,0.15,0.55
0.306373697849196,0.14818440332344038,0.5454418988273637
0.3394881081743222,0.13928049188090127,0.5212313999447765
0.3458901260280005,0.1376574711905897,0.5164524027814098
0.3956748889630908,0.1260588806465486,0.4782662303903606
0.5214027169731988,0.10470844402600502,0.37388883900079606
0.6047677833729751,0.09978973201471418,0.2954424846123107
0.6543950211743467,0.11220448425488633,0.23340049457076714
0.6562521203731344,0.14948830882464312,0.19425957080222253
0.5991741907821198,0.22975340379765136,0.1710724054202288
0.4798807850005228,0.3567325980529066,0.16338661694657064
0.33322659584102743,0.49706252967967346,0.16971087447929908
0.2042761637782168,0.6118161729366873,0.18390766328509586
0.11888665946986277,0.6901645548968585,0.19094878563327883
0.05428300765615407,0.7655715342406009,0.18014545810324506
0.019513194431518402,0.8277076955940269,0.15277910997445468
0.008429291597070931,0.8603676808704328,0.1312030275324963
0.002592216809329139,0.8914342262112389,0.10597355697943198
0.0016388089631142566,0.9006824507257482,0.09767874031113764
0.0008172251900124702,0.9127154685456379,0.08646730626434965
0.00030688369626567737,0.9266275161728226,0.07306560013091178
0.00010895925767592633,0.9385379447489434,0.06135309599338068
0.0,0.9464184212327773,0.053581578767222644
0.0,0.9533355044113488,0.046664495588651114
0.0,0.9594565257806463,0.04054347421935358
0.0,0.9648492859137833,0.035150714086216756
0.0,0.9695818539382576,0.03041814606174244
0.0,0.9737206783465604,0.02627932165343967
0.0,0.9767342798714465,0.023265720128553553
0.0,0.9789356987090392,0.02106430129096086
0.0,0.9814240659971486,0.01857593400285144
0.0,0.9836757280939125,0.01632427190608757
0.0,0.985664328109164,0.014335671890835906
0.0,0.9874183406637982,0.012581659336201787
0.0,0.9889636786660353,0.011036321333964658
0.0,0.990323799535368,0.009676200464632004
0.0,0.9915198410020858,0.008480158997914216
0.0,0.9925707751183566,0.007429224881643461
0.0,0.9934935716098025,0.006506428390197532
0.0,0.9943033638337717,0.005696636166228336
0.0,0.9950136124018835,0.004986387598116452
0.0,0.9956362629513702,0.004363737048629761
0.0,0.996181895732034,0.0038181042679660037
0.0,0.9966598655480361,0.0033401344519638798
0.0,0.9970784312843786,0.0029215687156213884
0.0,0.9974448747519111,0.0025551252480888985
0.0,0.9976105858874891,0.00238941411251089
0.0,0.9979983842625663,0.0020016157374337104
0.0,0.9984142476528135,0.0015857523471865162
0.0,0.9988342610451761,0.0011657389548238141
0.0,0.9992771259184844,0.0007228740815155092
0.0,0.9996531481681277,0.0003468518318723519
0.0,0.9998421379372756,0.0001578620627243657
0.0,1.0,0.0
