0.35,0.2,0.45
0.35510276028951476,0.19823253364396853,0.4466647060665167
0.3787581109547599,0.19042996986967095,0.43081191917556916
0.38372510748751,0.1888731376215677,0.4274017548909223
0.4216204051863963,0.17793967014813247,0.4004399246654712
0.5249233513687714,0.1586095317364363,0.3164671168947923
0.5815259084416753,0.16620287563790698,0.2522712159204177
0.5819072467641272,0.2110573344463735,0.20703541878949933
0.5053425254798195,0.31115026983237615,0.18350720468780435
0.3832729283355161,0.43534510141753036,0.18138197024695343
0.3192049784581448,0.4947470425160811,0.18604797902577405
0.26088104244023963,0.5461327889576932,0.19298616860206716
0.16920566166286538,0.6238332916333345,0.20696104670380017
0.09753473550007993,0.6908880231064531,0.21157724139346692
0.04979934816916071,0.7526026375338029,0.19759801429703652
0.01996933721640062,0.811441466360023,0.16858919642357645
0.004132436449402307,0.8705577794163267,0.1253097841342709
0.0020444719118155605,0.8878027955859241,0.1101527325022603
0.0008822311746594143,0.9043281163363989,0.09478965248894172
0.0003307831186040767,0.919774494893077,0.07989472198831891
0.00011626128702043383,0.9330272477760034,0.06685649093697615
0.0,0.9420420027883672,0.05795799721163276
0.0,0.9499248752790497,0.050075124720950374
0.0,0.9568603959570674,0.0431396040429326
0.0,0.961808279902597,0.03819172009740298
0.0,0.9663927093580814,0.03360729064191853
0.0,0.9704691830557497,0.029530816944250294
0.0,0.9740843301096834,0.025915669890316573
0.0,0.9772827379593187,0.022717262040681245
0.0,0.9801064625485191,0.01989353745148097
0.0,0.9820114914363385,0.01798850856366155
0.0,0.9837995636872295,0.016200436312770464
0.0,0.9846284242875741,0.015371575712425862
0.0,0.9863190424626689,0.013680957537331132
0.0,0.9879415859341821,0.012058414065817901
0.0,0.9893829102731758,0.010617089726824175
0.0,0.9906559735132378,0.00934402648676221
0.0,0.9917795126060217,0.008220487393978343
0.0,0.9927703830911392,0.007229616908860811
0.0,0.9936437006521193,0.006356299347880725
0.0,0.9944129837328789,0.005587016267121083
0.0,0.9950902934936344,0.004909706506365634
0.0,0.9956863684722832,0.004313631527716754
0.0,0.9962107521834832,0.003789247816516781
0.0,0.9966796598967993,0.003320340103200646
0.0,0.9970948133546845,0.0029051866453154752
0.0,0.9974907556959929,0.002509244304007061
0.0,0.9978804277860804,0.00211957221391959
0.0,0.9982674043219832,0.001732595678016787
0.0,0.9984638887248704,0.001536111275129668
0.0,0.9989450589254174,0.0010549410745825806
0.0,0.9994316188656608,0.0005683811343391754
0.0,0.9997368905730847,0.0002631094269152712
0.0,0.9998808364260985,0.00011916357390153862
0.0,1.0,0.0
