0.3,0.3,0.4
0.30354900798698414,0.2980959302067366,0.3983550618062792
0.3188457203150179,0.2901620804777096,0.39099219920727246
0.3223794317197485,0.28839227632720565,0.3892282919530458
0.3500082783145881,0.2753777061505742,0.3746140155348377
0.4505433874265133,0.24294561387869273,0.306510998694794
0.4950153844353281,0.2518780178306073,0.2531065977340645
0.4759487501176786,0.30713569270664093,0.2169155571756804
0.34019038711782906,0.4543649907354666,0.2054446221467042
0.2400204542722791,0.5407065174566883,0.21927302827103257
0.18467278512266083,0.5829676441423478,0.23235957073499136
0.12531734741733513,0.6275531998969458,0.2471294526857191
0.08375846921856402,0.6690440854792048,0.24719744530223126
0.046220329693560665,0.727455285108259,0.22632438519818032
0.021953087276367297,0.7832386768471284,0.1948082358765043
0.009483374432108938,0.8264708831252385,0.16404574244265252
0.004971445141528247,0.8506701804694631,0.14435837438900873
0.002904863125310079,0.8668823541728562,0.13021278270183376
0.0009182111598697862,0.8938126656966556,0.10526912314347457
0.00032204104435905084,0.9122579675516684,0.08741999140397248
0.00013990917210314152,0.9241678781341961,0.07569221269370076
0.0,0.9324989653085272,0.06750103469147278
0.0,0.9419160748354927,0.05808392516450727
0.0,0.9501990434458704,0.0498009565541297
0.0,0.9574365573611329,0.04256344263886723
0.0,0.9637237840031713,0.036276215996828697
0.0,0.9682941937676828,0.031705806232317134
0.0,0.9715799890739124,0.02842001092608763
0.0,0.9750404709633596,0.024959529036640508
0.0,0.9781032527878015,0.021896747212198503
0.0,0.9808085891314668,0.019191410868533074
0.0,0.9831939310858451,0.016806068914154842
0.0,0.985293804888788,0.014706195111211982
0.0,0.9871397932802453,0.012860206719754777
0.0,0.9887605941632215,0.011239405836778526
0.0,0.9901821348355426,0.009817865164457327
0.0,0.9914277238686825,0.008572276131317502
0.0,0.9925182263910324,0.0074817736089676495
0.0,0.9934722510367051,0.006527748963294896
0.0,0.994306341309365,0.005693658690635013
0.0,0.995035163870485,0.004964836129515042
0.0,0.995565172514311,0.004434827485689022
0.0,0.9960986049306791,0.003901395069320878
0.0,0.9965684176418527,0.003431582358147261
0.0,0.9970067864147529,0.002993213585247035
0.0,0.9974599451467279,0.002540054853272147
0.0,0.997918810101592,0.0020811898984079958
0.0,0.9983973425462824,0.0016026574537175555
0.0,0.9989035100104022,0.0010964899895977776
0.0,0.999412371701112,0.0005876282988880664
0.0,0.9997282248597579,0.00027177514024216584
0.0,0.9998768748839233,0.00012312511607672944
0.0,1.0,0.0
