0.5,0.3,0.2
0.498263506949142,0.3021464634633236,0.19959002958753452
0.4916862045417126,0.31012634965912456,0.19818744579916284
0.48983568178964754,0.31233285826864204,0.19783145994171053
0.47422967144235584,0.33039491738137705,0.19537541117626717
0.3285927841498089,0.47603919722993243,0.1953680186202586
0.20208377114718398,0.5837081874853662,0.21420804136744975
0.1376874819148306,0.6364328624908592,0.22587965559431022
0.07709730773296151,0.6984805509778913,0.22442214128914725
0.042729057794069006,0.7506964423766634,0.20657449982926768
0.029264772464622606,0.7779219509088784,0.19281327662649886
0.011732016140510795,0.8268861541385872,0.1613818297209021
0.0035912496913755414,0.8678365837046087,0.1285721666040158
0.0013101356037170178,0.891888953802717,0.10680091059356593
0.0004258452932652719,0.9120758651971443,0.08749828950959034
0.00017254291394256817,0.9249629241632744,0.0748645329227831
0.0,0.9362842335883728,0.06371576641162724
0.0,0.9460323910517829,0.05396760894821708
0.0,0.9529600819972964,0.04703991800270364
0.0,0.9590958972159171,0.04090410278408293
0.0,0.9645065419121835,0.03549345808781646
0.0,0.9692591084205545,0.030740891579445512
0.0,0.973419208090511,0.02658079190948896
0.0,0.9764378761400413,0.02356212385995874
0.0,0.9791320094837528,0.02086799051624727
0.0,0.9815325582805936,0.018467441719406345
0.0,0.9826318398459857,0.01736816015401424
0.0,0.9845721079703164,0.015427892029683607
0.0,0.9864131307921199,0.013586869207880076
0.0,0.9880440461953168,0.011955953804683096
0.0,0.9894843442210102,0.010515655778989889
0.0,0.9907551372060448,0.009244862793955203
0.0,0.9918754645158003,0.008124535484199634
0.0,0.9928624342842052,0.007137565715794816
0.0,0.9937313710793136,0.006268628920686457
0.0,0.994495964276182,0.0055040357238179535
0.0,0.995168413318832,0.004831586681167966
0.0,0.9957595671874847,0.004240432812515321
0.0,0.9962790562921527,0.0037209437078472812
0.0,0.9967354157034817,0.003264584296518348
0.0,0.9971546828317391,0.002845317168260864
0.0,0.9975584944470268,0.0024415055529731318
0.0,0.9979535328721061,0.0020464671278939473
0.0,0.99815282646661,0.0018471735333900547
0.0,0.9986351922608683,0.0013648077391317218
0.0,0.9991452319867039,0.0008547680132961317
0.0,0.999584562915081,0.0004154370849189916
0.0,0.9998106811963456,0.00018931880365439076
0.0,1.0,0.0
