0.28,0.01,0.33,0.01,0.03,0.22,0.1,0.019999999999999907
0.04,0.14,0.03,0.35,0.01,0.3,0.03,0.09999999999999987
0.25,0.18,0.06,0.06,0.07,0.11,0.12,0.1499999999999999
0.24,0.11,0.04,0.05,0.08,0.07,0.05,0.3600000000000001
0.35,0.01,0.01,0.11,0.07,0.08,0.08,0.29000000000000004
0.1,0.04,0.7,0.03,0.01,0.04,0.06,0.020000000000000018
0.06,0.16,0.02,0.11,0.09,0.07,0.39,0.09999999999999998
0.05,0.32,0.06,0.19,0.01,0.03,0.19,0.1499999999999999
0.03,0.14,0.09,0.18,0.02,0.09,0.36,0.08999999999999997
0.04,0.16,0.14,0.13,0.42,0.06,0.04,0.010000000000000009
0.07,0.02,0.06,0.18,0.05,0.1,0.27,0.25
0.34,0.01,0.18,0.1,0.01,0.01,0.1,0.25
0.31,0.01,0.02,0.35,0.13,0.01,0.12,0.050000000000000044
0.1,0.18,0.32,0.07,0.07,0.06,0.05,0.1499999999999997
0.03,0.02,0.32,0.01,0.44,0.1,0.01,0.06999999999999995
0.2,0.07,0.01,0.09,0.06,0.12,0.12,0.32999999999999996
0.39,0.14,0.05,0.13,0.12,0.04,0.01,0.11999999999999988
0.07,0.19,0.25,0.02,0.01,0.23,0.22,0.010000000000000009
0.14,0.02,0.21,0.02,0.04,0.2,0.07,0.30000000000000004
0.18,0.22,0.03,0.17,0.19,0.14,0.01,0.05999999999999994
0.332,0.02,0.006,0.004,0.03,0.285,0.048,0.2749999999999999
0.141,0.011,0.048,0.047,0.188,0.314,0.151,0.09999999999999998
0.036,0.029,0.111,0.254,0.121,0.031,0.211,0.20700000000000007
0.066,0.046,0.092,0.138,0.17,0.002,0.451,0.03499999999999992
0.07,0.14,0.02,0.06,0.34,0.03,0.07,0.2699999999999998
0.15,0.06,0.05,0.18,0.29,0.12,0.02,0.13
0.115,0.028,0.26,0.039,0.133,0.066,0.094,0.265
0.02,0.04,0.03,0.42,0.27,0.05,0.11,0.05999999999999994
0.16,0.07,0.03,0.05,0.2,0.1,0.05,0.33999999999999997
0.05,0.1,0.04,0.02,0.17,0.29,0.13,0.20000000000000007
0.04,0.09,0.04,0.15,0.19,0.2,0.21,0.08000000000000007
0.07,0.25,0.11,0.26,0.17,0.01,0.04,0.08999999999999997
0.24,0.09,0.09,0.18,0.04,0.03,0.04,0.29000000000000004
0.065,0.029,0.011,0.262,0.091,0.43,0.055,0.05700000000000005
0.14,0.02,0.02,0.27,0.06,0.26,0.18,0.050000000000000044
0.2,0.09,0.28,0.03,0.03,0.03,0.27,0.06999999999999984
0.215,0.288,0.02,0.013,0.02,0.081,0.335,0.028000000000000025
0.02,0.28,0.23,0.12,0.13,0.12,0.08,0.020000000000000018
0.02,0.1,0.09,0.14,0.21,0.08,0.34,0.020000000000000018
0.04,0.04,0.17,0.2,0.15,0.23,0.06,0.1100000000000001
0.13,0.47,0.02,0.04,0.06,0.07,0.02,0.18999999999999995
0.05,0.05,0.18,0.13,0.05,0.13,0.02,0.3899999999999999
0.01,0.1,0.4,0.01,0.12,0.11,0.12,0.13
0.21,0.02,0.21,0.19,0.17,0.15,0.04,0.010000000000000009
0.219,0.018,0.007,0.016,0.14,0.008,0.42,0.17199999999999993
0.21,0.06,0.08,0.31,0.04,0.21,0.08,0.010000000000000009
0.157,0.208,0.028,0.036,0.093,0.153,0.206,0.119
0.025,0.153,0.044,0.22,0.028,0.228,0.299,0.0030000000000001137
0.24,0.02,0.02,0.28,0.11,0.09,0.08,0.16000000000000003
0.13,0.22,0.23,0.06,0.13,0.04,0.03,0.16000000000000003
0.05,0.17,0.03,0.29,0.03,0.1,0.25,0.07999999999999996
0.21,0.07,0.17,0.23,0.05,0.13,0.12,0.019999999999999907
0.071,0.04,0.172,0.251,0.019,0.247,0.088,0.11199999999999999
0.26,0.12,0.03,0.37,0.02,0.05,0.02,0.1299999999999999
0.07,0.32,0.12,0.12,0.18,0.13,0.05,0.009999999999999898
0.17,0.02,0.19,0.38,0.02,0.05,0.15,0.019999999999999907
0.09,0.05,0.08,0.12,0.06,0.18,0.01,0.4099999999999999
0.35,0.11,0.14,0.01,0.3,0.02,0.06,0.010000000000000009
0.05,0.14,0.4,0.04,0.06,0.03,0.1,0.17999999999999983
0.18,0.01,0.08,0.2,0.05,0.23,0.09,0.16000000000000003
0.12,0.02,0.02,0.14,0.19,0.26,0.11,0.14
0.262,0.208,0.008,0.011,0.029,0.36,0.08,0.04200000000000004
0.03,0.09,0.3,0.11,0.14,0.06,0.01,0.26
0.04,0.01,0.08,0.26,0.14,0.26,0.17,0.039999999999999925
0.07,0.13,0.16,0.18,0.03,0.17,0.13,0.1299999999999999
0.03,0.03,0.13,0.12,0.36,0.04,0.01,0.28
0.005,0.076,0.286,0.075,0.089,0.289,0.088,0.09199999999999997
0.04,0.03,0.1,0.54,0.01,0.04,0.14,0.09999999999999987
0.23,0.1,0.01,0.12,0.05,0.01,0.14,0.33999999999999997
0.11,0.17,0.14,0.08,0.03,0.04,0.07,0.3599999999999999
0.06,0.36,0.03,0.01,0.32,0.02,0.13,0.06999999999999995
0.22,0.14,0.1,0.21,0.11,0.06,0.13,0.030000000000000138
0.31,0.11,0.19,0.2,0.03,0.06,0.04,0.05999999999999983
0.04,0.22,0.15,0.24,0.14,0.02,0.12,0.06999999999999995
0.33,0.25,0.12,0.18,0.01,0.02,0.02,0.06999999999999984
0.22,0.03,0.01,0.33,0.03,0.16,0.08,0.1399999999999999
0.454,0.214,0.061,0.099,0.057,0.054,0.02,0.040999999999999814
0.27,0.11,0.11,0.15,0.11,0.06,0.02,0.16999999999999993
0.06,0.23,0.08,0.05,0.04,0.12,0.07,0.34999999999999987
0.019,0.075,0.025,0.469,0.177,0.13,0.031,0.07400000000000007
0.09,0.01,0.05,0.1,0.12,0.04,0.25,0.3400000000000001
0.02,0.25,0.01,0.05,0.2,0.11,0.15,0.20999999999999996
0.36,0.06,0.03,0.09,0.07,0.03,0.27,0.09000000000000008
0.01,0.06,0.43,0.1,0.06,0.16,0.1,0.08000000000000007
0.11,0.08,0.07,0.13,0.02,0.04,0.02,0.53
0.1,0.02,0.18,0.05,0.01,0.02,0.15,0.47
0.07,0.01,0.1,0.32,0.2,0.08,0.11,0.1100000000000001
0.14,0.17,0.08,0.17,0.19,0.03,0.1,0.12
0.09,0.06,0.14,0.18,0.31,0.11,0.09,0.020000000000000018
0.17,0.26,0.13,0.28,0.02,0.04,0.02,0.07999999999999985
0.36,0.22,0.03,0.08,0.06,0.15,0.02,0.07999999999999996
0.01,0.19,0.23,0.01,0.05,0.01,0.2,0.30000000000000004
0.12,0.24,0.05,0.27,0.09,0.07,0.01,0.15000000000000013
0.01,0.11,0.01,0.24,0.05,0.29,0.12,0.17000000000000004
0.04,0.08,0.16,0.17,0.19,0.05,0.18,0.1299999999999999
0.05,0.01,0.09,0.14,0.32,0.08,0.1,0.20999999999999996
0.173,0.389,0.042,0.094,0.004,0.033,0.087,0.17799999999999994
0.23,0.13,0.13,0.08,0.24,0.02,0.15,0.020000000000000018
0.05,0.139,0.008,0.028,0.114,0.188,0.385,0.08799999999999997
0.05,0.02,0.11,0.08,0.55,0.03,0.15,0.009999999999999898
0.02,0.02,0.39,0.05,0.21,0.07,0.23,0.010000000000000009
0.02,0.02,0.15,0.1,0.1,0.52,0.08,0.010000000000000009
0.01,0.1,0.29,0.15,0.02,0.04,0.01,0.38
0.05,0.09,0.07,0.33,0.15,0.25,0.02,0.039999999999999925
0.17,0.31,0.05,0.09,0.02,0.05,0.06,0.25
0.1,0.08,0.05,0.29,0.36,0.01,0.1,0.010000000000000009
0.04,0.15,0.26,0.12,0.05,0.11,0.08,0.18999999999999995
0.182,0.187,0.161,0.083,0.098,0.145,0.075,0.06900000000000006
0.08,0.08,0.14,0.2,0.27,0.09,0.02,0.12
0.1,0.2,0.07,0.03,0.14,0.12,0.01,0.32999999999999996
0.32,0.04,0.03,0.09,0.16,0.08,0.2,0.08000000000000007
0.11,0.2,0.06,0.01,0.24,0.24,0.09,0.050000000000000044
0.13,0.22,0.05,0.18,0.16,0.11,0.01,0.14
0.05,0.27,0.03,0.12,0.02,0.01,0.47,0.030000000000000027
0.07,0.128,0.072,0.339,0.222,0.008,0.06,0.10099999999999998
0.03,0.07,0.04,0.38,0.05,0.04,0.28,0.10999999999999988
0.14,0.07,0.04,0.05,0.18,0.06,0.05,0.4099999999999999
0.11,0.02,0.1,0.05,0.27,0.13,0.21,0.10999999999999999
0.42,0.077,0.152,0.009,0.142,0.001,0.128,0.07099999999999995
0.22,0.05,0.2,0.14,0.04,0.14,0.12,0.08999999999999986
0.17,0.2,0.05,0.03,0.05,0.35,0.12,0.030000000000000138
0.334,0.064,0.212,0.016,0.119,0.071,0.175,0.009000000000000119
0.18,0.04,0.19,0.28,0.02,0.17,0.04,0.07999999999999985
0.05,0.01,0.28,0.03,0.04,0.36,0.01,0.21999999999999997
0.08,0.01,0.41,0.01,0.04,0.09,0.32,0.040000000000000036
0.164,0.139,0.06,0.171,0.03,0.112,0.115,0.20899999999999996
0.04,0.32,0.34,0.08,0.02,0.03,0.1,0.07000000000000006
0.197,0.186,0.086,0.038,0.073,0.324,0.022,0.07400000000000007
0.209,0.025,0.456,0.092,0.023,0.166,0.01,0.019000000000000017
0.292,0.202,0.163,0.008,0.034,0.13,0.127,0.04399999999999993
0.11,0.28,0.08,0.17,0.03,0.04,0.02,0.2699999999999999
0.11,0.11,0.06,0.05,0.25,0.09,0.01,0.31999999999999995
0.081,0.144,0.032,0.055,0.04,0.467,0.157,0.02400000000000002
0.04,0.33,0.05,0.32,0.07,0.07,0.05,0.06999999999999984
0.396,0.018,0.311,0.017,0.008,0.108,0.026,0.11599999999999988
0.006,0.136,0.606,0.001,0.11,0.048,0.005,0.08799999999999997
0.29,0.01,0.12,0.16,0.2,0.02,0.08,0.12
0.16,0.26,0.14,0.05,0.12,0.01,0.17,0.08999999999999986
0.084,0.262,0.051,0.296,0.036,0.066,0.064,0.1409999999999998
0.28,0.08,0.06,0.13,0.08,0.12,0.12,0.13
0.01,0.21,0.24,0.22,0.1,0.09,0.11,0.02000000000000013
0.02,0.08,0.17,0.02,0.27,0.11,0.29,0.040000000000000036
0.46,0.01,0.05,0.28,0.14,0.04,0.01,0.009999999999999898
0.112,0.238,0.266,0.015,0.057,0.152,0.152,0.007999999999999896
0.08,0.06,0.02,0.12,0.2,0.12,0.04,0.3599999999999999
0.02,0.02,0.08,0.07,0.48,0.22,0.04,0.07000000000000006
0.09,0.21,0.28,0.04,0.25,0.1,0.02,0.009999999999999898
0.33,0.04,0.04,0.2,0.08,0.04,0.08,0.19000000000000006
0.03,0.48,0.07,0.03,0.03,0.05,0.14,0.16999999999999982
0.1,0.01,0.09,0.26,0.27,0.13,0.06,0.08000000000000007
0.11,0.06,0.42,0.15,0.01,0.04,0.16,0.04999999999999993
0.149,0.117,0.079,0.044,0.412,0.012,0.125,0.062000000000000055
0.053,0.091,0.032,0.042,0.212,0.069,0.173,0.32800000000000007
0.07,0.29,0.32,0.01,0.09,0.02,0.1,0.10000000000000009
0.152,0.166,0.068,0.119,0.194,0.002,0.057,0.24199999999999988
0.08,0.06,0.1,0.02,0.08,0.28,0.08,0.29999999999999993
0.271,0.29,0.058,0.049,0.009,0.218,0.046,0.05899999999999994
0.045,0.035,0.089,0.011,0.042,0.432,0.084,0.262
0.01,0.14,0.06,0.07,0.38,0.17,0.05,0.11999999999999988
0.01,0.06,0.01,0.01,0.01,0.2,0.55,0.1499999999999999
0.14,0.15,0.16,0.13,0.07,0.01,0.09,0.2499999999999999
0.01,0.14,0.06,0.09,0.25,0.08,0.13,0.24
0.2,0.04,0.16,0.26,0.09,0.09,0.03,0.13
0.02,0.27,0.02,0.13,0.14,0.28,0.03,0.10999999999999988
0.06,0.26,0.02,0.09,0.11,0.04,0.29,0.1299999999999999
0.06,0.33,0.1,0.11,0.14,0.17,0.08,0.010000000000000009
0.02,0.29,0.24,0.09,0.17,0.14,0.01,0.039999999999999925
0.05,0.07,0.12,0.1,0.31,0.14,0.1,0.1100000000000001
0.07,0.54,0.19,0.04,0.05,0.04,0.04,0.029999999999999805
0.1,0.03,0.12,0.33,0.04,0.02,0.08,0.2799999999999999
0.01,0.21,0.31,0.03,0.21,0.11,0.03,0.08999999999999997
0.05,0.02,0.34,0.09,0.12,0.01,0.31,0.06000000000000005
0.18,0.07,0.07,0.21,0.07,0.01,0.04,0.34999999999999987
0.03,0.3,0.13,0.02,0.04,0.21,0.25,0.020000000000000018
0.24,0.23,0.29,0.08,0.01,0.11,0.03,0.010000000000000009
0.14,0.22,0.11,0.1,0.15,0.07,0.18,0.030000000000000027
0.12,0.3,0.05,0.07,0.05,0.15,0.01,0.2499999999999999
0.1,0.07,0.24,0.02,0.1,0.08,0.15,0.24
0.25,0.18,0.1,0.01,0.11,0.07,0.07,0.20999999999999996
0.27,0.053,0.164,0.096,0.083,0.057,0.162,0.11499999999999999
0.03,0.21,0.21,0.14,0.17,0.01,0.2,0.030000000000000027
0.02,0.09,0.09,0.03,0.43,0.11,0.04,0.18999999999999995
0.01,0.26,0.08,0.11,0.09,0.12,0.15,0.17999999999999994
0.06,0.08,0.45,0.1,0.06,0.03,0.11,0.10999999999999999
0.06,0.25,0.01,0.25,0.04,0.07,0.25,0.06999999999999984
0.05,0.06,0.31,0.03,0.33,0.06,0.09,0.06999999999999995
0.16,0.23,0.12,0.03,0.11,0.13,0.05,0.16999999999999993
0.152,0.002,0.176,0.048,0.11,0.162,0.072,0.27800000000000014
0.29,0.26,0.21,0.06,0.03,0.02,0.09,0.039999999999999925
0.08,0.05,0.21,0.03,0.3,0.07,0.12,0.14
0.229,0.104,0.295,0.002,0.008,0.045,0.16,0.15699999999999992
0.01,0.08,0.04,0.03,0.34,0.03,0.42,0.050000000000000044
0.099,0.288,0.131,0.099,0.043,0.2,0.066,0.07399999999999984
0.09,0.02,0.22,0.28,0.01,0.09,0.14,0.1499999999999999
0.126,0.098,0.26,0.068,0.061,0.006,0.16,0.22099999999999997
0.183,0.003,0.109,0.179,0.148,0.107,0.044,0.22699999999999998
0.12,0.09,0.38,0.08,0.18,0.07,0.05,0.030000000000000027
0.39,0.05,0.27,0.04,0.1,0.04,0.02,0.08999999999999997
0.07,0.05,0.11,0.23,0.12,0.28,0.08,0.05999999999999994
0.25,0.04,0.02,0.02,0.05,0.18,0.25,0.18999999999999995
0.11,0.01,0.13,0.06,0.12,0.2,0.2,0.16999999999999993
0.03,0.03,0.03,0.34,0.28,0.18,0.02,0.08999999999999986
0.153,0.164,0.145,0.036,0.033,0.057,0.049,0.363
0.06,0.11,0.48,0.04,0.1,0.11,0.01,0.09000000000000008
0.19,0.14,0.06,0.14,0.41,0.01,0.02,0.030000000000000027
0.12,0.17,0.04,0.09,0.16,0.08,0.14,0.19999999999999996
0.04,0.01,0.12,0.12,0.08,0.27,0.26,0.09999999999999998
0.11,0.02,0.18,0.1,0.35,0.05,0.05,0.1399999999999999
0.24,0.01,0.15,0.15,0.05,0.18,0.11,0.10999999999999999
0.15,0.06,0.03,0.1,0.27,0.14,0.08,0.17000000000000004
0.16,0.07,0.15,0.41,0.01,0.06,0.13,0.009999999999999898
0.25,0.17,0.08,0.01,0.04,0.3,0.02,0.1299999999999999
0.23,0.04,0.13,0.14,0.26,0.08,0.1,0.020000000000000018
0.02,0.45,0.07,0.04,0.13,0.06,0.19,0.040000000000000036
0.054,0.28,0.279,0.008,0.068,0.09,0.052,0.16899999999999993
0.14,0.06,0.06,0.05,0.2,0.17,0.28,0.039999999999999925
0.04,0.08,0.07,0.19,0.26,0.08,0.11,0.17000000000000004
0.06,0.07,0.29,0.13,0.08,0.24,0.11,0.020000000000000018
0.05,0.15,0.04,0.28,0.01,0.04,0.22,0.20999999999999996
0.21,0.16,0.03,0.07,0.21,0.04,0.19,0.08999999999999986
0.18,0.08,0.23,0.03,0.12,0.2,0.12,0.039999999999999925
0.09,0.02,0.31,0.18,0.17,0.16,0.04,0.029999999999999916
0.17,0.32,0.04,0.02,0.04,0.22,0.16,0.029999999999999916
0.176,0.086,0.169,0.34,0.032,0.055,0.042,0.09999999999999976
0.154,0.018,0.137,0.08,0.339,0.064,0.142,0.06599999999999995
0.09,0.11,0.062,0.003,0.009,0.201,0.34,0.18499999999999994
0.05,0.32,0.15,0.01,0.18,0.06,0.19,0.040000000000000036
0.064,0.149,0.07,0.063,0.215,0.002,0.373,0.06399999999999995
0.29,0.03,0.05,0.32,0.05,0.06,0.05,0.1499999999999999
0.064,0.014,0.645,0.036,0.097,0.045,0.08,0.019000000000000017
0.11,0.07,0.17,0.01,0.04,0.02,0.17,0.41000000000000003
0.028,0.099,0.038,0.227,0.071,0.025,0.119,0.393
0.18,0.13,0.49,0.07,0.04,0.02,0.06,0.009999999999999787
0.19,0.01,0.11,0.08,0.02,0.24,0.12,0.22999999999999998
0.03,0.11,0.12,0.04,0.19,0.07,0.13,0.30999999999999994
0.005,0.059,0.159,0.026,0.122,0.253,0.176,0.19999999999999996
0.07,0.14,0.36,0.11,0.04,0.06,0.11,0.10999999999999999
0.087,0.235,0.067,0.002,0.22,0.04,0.31,0.038999999999999924
0.19,0.37,0.03,0.06,0.11,0.08,0.12,0.039999999999999925
0.1,0.04,0.22,0.06,0.31,0.04,0.21,0.020000000000000018
0.17,0.08,0.29,0.06,0.18,0.1,0.01,0.10999999999999999
0.066,0.195,0.065,0.346,0.06,0.208,0.011,0.049000000000000044
0.16,0.03,0.16,0.23,0.29,0.1,0.02,0.01000000000000012
0.29,0.28,0.01,0.05,0.11,0.02,0.2,0.039999999999999813
0.05,0.04,0.15,0.18,0.42,0.13,0.01,0.020000000000000018
0.13,0.02,0.2,0.18,0.1,0.21,0.09,0.07000000000000006
0.18,0.36,0.02,0.05,0.08,0.04,0.08,0.18999999999999995
0.09,0.09,0.15,0.12,0.13,0.34,0.05,0.030000000000000027
0.12,0.03,0.22,0.02,0.28,0.02,0.26,0.04999999999999993
0.01,0.04,0.14,0.16,0.36,0.11,0.04,0.14
0.06,0.4,0.01,0.09,0.25,0.13,0.01,0.04999999999999993
0.25,0.02,0.04,0.06,0.02,0.03,0.37,0.20999999999999996
0.13,0.08,0.07,0.19,0.09,0.24,0.18,0.020000000000000018
0.01,0.02,0.04,0.07,0.22,0.29,0.21,0.14000000000000012
0.07,0.17,0.07,0.19,0.15,0.03,0.04,0.2799999999999999
0.43,0.19,0.06,0.03,0.11,0.06,0.08,0.04000000000000015
0.089,0.014,0.01,0.354,0.057,0.169,0.111,0.19599999999999995
0.05,0.26,0.02,0.01,0.02,0.49,0.14,0.009999999999999898
0.36,0.08,0.03,0.03,0.01,0.27,0.01,0.20999999999999996
0.25,0.06,0.09,0.13,0.15,0.09,0.03,0.19999999999999996
0.21,0.04,0.06,0.03,0.13,0.18,0.32,0.030000000000000027
0.08,0.07,0.42,0.05,0.16,0.14,0.06,0.019999999999999796
0.03,0.08,0.3,0.01,0.2,0.06,0.02,0.30000000000000004
0.12,0.12,0.01,0.04,0.14,0.04,0.16,0.37
0.34,0.09,0.14,0.06,0.14,0.1,0.06,0.06999999999999984
0.05,0.04,0.06,0.46,0.35,0.01,0.01,0.020000000000000018
0.07,0.01,0.22,0.07,0.11,0.34,0.11,0.06999999999999995
0.12,0.08,0.12,0.2,0.09,0.15,0.12,0.12
0.35,0.1,0.03,0.19,0.05,0.06,0.12,0.09999999999999998
0.31,0.02,0.09,0.1,0.37,0.04,0.05,0.019999999999999907
0.02,0.04,0.13,0.1,0.16,0.19,0.14,0.21999999999999986
0.02,0.12,0.2,0.14,0.25,0.03,0.1,0.14
0.09,0.1,0.57,0.05,0.03,0.08,0.01,0.06999999999999995
0.06,0.26,0.05,0.23,0.14,0.01,0.11,0.14
0.05,0.13,0.27,0.08,0.04,0.23,0.1,0.09999999999999998
0.06,0.21,0.01,0.06,0.23,0.06,0.27,0.09999999999999987
0.03,0.29,0.14,0.03,0.03,0.15,0.03,0.29999999999999993
0.11,0.07,0.14,0.12,0.03,0.27,0.11,0.15000000000000002
0.1,0.08,0.15,0.23,0.05,0.26,0.03,0.09999999999999998
0.167,0.19,0.077,0.119,0.237,0.034,0.066,0.1100000000000001
0.02,0.05,0.4,0.05,0.31,0.02,0.09,0.05999999999999994
0.22,0.11,0.02,0.1,0.03,0.2,0.23,0.08999999999999986
0.14,0.3,0.01,0.24,0.11,0.05,0.12,0.030000000000000027
0.15,0.02,0.07,0.16,0.05,0.23,0.05,0.2699999999999999
0.408,0.011,0.261,0.033,0.066,0.053,0.002,0.16600000000000004
0.15,0.17,0.31,0.17,0.1,0.01,0.02,0.06999999999999995
0.14,0.05,0.01,0.14,0.14,0.13,0.08,0.30999999999999994
0.15,0.06,0.19,0.02,0.1,0.19,0.05,0.24
0.135,0.187,0.324,0.061,0.02,0.083,0.185,0.004999999999999893
0.03,0.11,0.05,0.39,0.06,0.12,0.13,0.10999999999999988
0.28,0.02,0.36,0.05,0.01,0.03,0.13,0.11999999999999988
0.13,0.11,0.15,0.21,0.06,0.2,0.12,0.02000000000000013
0.33,0.13,0.23,0.06,0.08,0.04,0.04,0.08999999999999997
0.008,0.169,0.172,0.305,0.03,0.089,0.193,0.03400000000000003
0.17,0.01,0.01,0.14,0.36,0.02,0.16,0.1299999999999999
0.102,0.134,0.229,0.043,0.021,0.184,0.051,0.23599999999999988
0.02,0.038,0.097,0.122,0.112,0.008,0.561,0.041999999999999926
0.36,0.17,0.18,0.03,0.01,0.05,0.11,0.08999999999999997
0.24,0.33,0.17,0.03,0.06,0.07,0.04,0.05999999999999983
0.197,0.019,0.254,0.048,0.236,0.004,0.053,0.18899999999999995
0.05,0.03,0.2,0.04,0.01,0.09,0.44,0.1399999999999999
0.088,0.051,0.082,0.179,0.11,0.184,0.266,0.040000000000000036
0.07,0.02,0.04,0.13,0.31,0.01,0.12,0.29999999999999993
0.03,0.15,0.1,0.3,0.1,0.16,0.09,0.06999999999999995
0.03,0.38,0.03,0.03,0.11,0.1,0.08,0.24
0.03,0.11,0.2,0.19,0.01,0.36,0.01,0.08999999999999997
0.012,0.076,0.383,0.076,0.209,0.072,0.143,0.029000000000000137
0.126,0.265,0.056,0.175,0.12,0.137,0.064,0.05699999999999994
0.03,0.03,0.16,0.02,0.12,0.17,0.12,0.35
0.02,0.03,0.01,0.16,0.17,0.04,0.51,0.06000000000000005
0.08,0.03,0.08,0.07,0.13,0.22,0.24,0.15000000000000002
0.02,0.37,0.02,0.03,0.1,0.24,0.1,0.12
0.13,0.1,0.15,0.19,0.17,0.04,0.07,0.1499999999999999
0.06,0.14,0.29,0.09,0.01,0.35,0.02,0.040000000000000036
0.14,0.04,0.03,0.01,0.37,0.23,0.05,0.1299999999999999
0.01,0.04,0.11,0.23,0.16,0.02,0.13,0.29999999999999993
0.191,0.241,0.119,0.025,0.163,0.106,0.141,0.014000000000000012
0.03,0.04,0.19,0.19,0.18,0.18,0.04,0.1499999999999999
0.27,0.17,0.23,0.12,0.09,0.06,0.01,0.050000000000000044
0.04,0.06,0.15,0.12,0.17,0.29,0.01,0.15999999999999992
0.04,0.12,0.39,0.02,0.07,0.01,0.31,0.039999999999999813
0.06,0.04,0.02,0.02,0.11,0.33,0.32,0.09999999999999987
0.25,0.08,0.11,0.02,0.32,0.01,0.12,0.08999999999999997
0.03,0.12,0.18,0.06,0.01,0.05,0.45,0.10000000000000009
0.18,0.01,0.03,0.03,0.43,0.07,0.21,0.040000000000000036
0.09,0.22,0.04,0.25,0.09,0.03,0.14,0.14
0.18,0.24,0.03,0.16,0.17,0.11,0.02,0.08999999999999997
0.02,0.1,0.4,0.3,0.05,0.01,0.1,0.019999999999999907
0.08,0.1,0.09,0.3,0.08,0.03,0.03,0.2899999999999999
0.11,0.07,0.02,0.21,0.05,0.34,0.1,0.09999999999999998
0.031,0.352,0.224,0.166,0.084,0.081,0.059,0.0030000000000001137
0.02,0.34,0.019,0.032,0.057,0.142,0.034,0.356
0.009,0.174,0.072,0.043,0.184,0.056,0.11,0.352
0.338,0.046,0.078,0.193,0.02,0.202,0.024,0.09899999999999998
0.2,0.06,0.03,0.03,0.11,0.15,0.03,0.3899999999999999
0.05,0.06,0.07,0.11,0.22,0.22,0.02,0.25
0.11,0.09,0.05,0.1,0.03,0.11,0.48,0.030000000000000027
0.01,0.05,0.23,0.09,0.15,0.07,0.15,0.2499999999999999
0.147,0.054,0.431,0.097,0.004,0.063,0.086,0.118
0.094,0.282,0.09,0.095,0.027,0.287,0.053,0.07199999999999995
0.2,0.23,0.13,0.07,0.06,0.04,0.22,0.04999999999999982
0.193,0.22,0.114,0.089,0.122,0.145,0.009,0.10799999999999998
0.18,0.17,0.32,0.02,0.03,0.03,0.2,0.050000000000000044
0.02,0.31,0.03,0.02,0.09,0.11,0.36,0.06000000000000005
0.001,0.133,0.068,0.041,0.335,0.03,0.138,0.2539999999999999
0.112,0.553,0.056,0.01,0.047,0.068,0.015,0.1389999999999999
0.04,0.02,0.03,0.05,0.25,0.32,0.17,0.12
0.11,0.03,0.13,0.4,0.01,0.24,0.07,0.010000000000000009
0.27,0.02,0.24,0.06,0.15,0.13,0.03,0.09999999999999987
0.01,0.08,0.32,0.132,0.122,0.08,0.156,0.09999999999999998
0.05,0.07,0.15,0.19,0.02,0.09,0.39,0.039999999999999925
0.009,0.127,0.173,0.426,0.118,0.011,0.084,0.052000000000000046
0.51,0.04,0.12,0.05,0.08,0.07,0.01,0.11999999999999988
0.03,0.33,0.19,0.16,0.03,0.02,0.08,0.15999999999999992
0.05,0.04,0.41,0.2,0.02,0.01,0.23,0.040000000000000036
0.23,0.07,0.51,0.03,0.02,0.06,0.03,0.04999999999999982
0.013,0.407,0.148,0.068,0.178,0.096,0.022,0.06800000000000017
0.12,0.22,0.22,0.1,0.09,0.14,0.03,0.08000000000000007
0.56,0.04,0.06,0.02,0.02,0.16,0.02,0.11999999999999977
0.171,0.059,0.306,0.148,0.008,0.043,0.207,0.05799999999999994
0.22,0.191,0.022,0.01,0.044,0.166,0.159,0.18799999999999994
0.36,0.01,0.01,0.04,0.01,0.22,0.01,0.33999999999999997
0.05,0.05,0.56,0.15,0.01,0.07,0.01,0.09999999999999987
0.05,0.37,0.03,0.08,0.03,0.15,0.04,0.25
0.01,0.11,0.32,0.2,0.11,0.06,0.16,0.029999999999999916
0.2,0.03,0.18,0.01,0.32,0.02,0.03,0.20999999999999996
0.11,0.02,0.44,0.08,0.02,0.05,0.02,0.2599999999999999
0.01,0.06,0.14,0.1,0.23,0.11,0.28,0.06999999999999995
0.05,0.01,0.04,0.03,0.18,0.46,0.18,0.050000000000000044
0.143,0.01,0.201,0.077,0.062,0.301,0.008,0.19799999999999995
0.083,0.231,0.015,0.031,0.188,0.323,0.029,0.09999999999999998
0.515,0.205,0.107,0.018,0.037,0.076,0.037,0.0050000000000000044
0.23,0.14,0.12,0.05,0.32,0.1,0.02,0.019999999999999907
0.06,0.09,0.04,0.44,0.16,0.07,0.04,0.09999999999999987
0.048,0.113,0.081,0.17,0.205,0.323,0.037,0.02300000000000002
0.06,0.01,0.34,0.08,0.06,0.06,0.05,0.33999999999999986
0.16,0.01,0.25,0.09,0.04,0.23,0.13,0.08999999999999997
0.04,0.05,0.18,0.04,0.13,0.2,0.32,0.040000000000000036
0.22,0.06,0.01,0.36,0.04,0.21,0.03,0.06999999999999995
0.27,0.01,0.19,0.05,0.11,0.07,0.13,0.17000000000000004
0.037,0.411,0.029,0.032,0.233,0.005,0.071,0.18200000000000005
0.38,0.02,0.16,0.03,0.1,0.14,0.06,0.10999999999999988
0.04,0.17,0.17,0.03,0.03,0.05,0.04,0.47
0.16,0.01,0.15,0.03,0.01,0.46,0.09,0.08999999999999997
0.463,0.001,0.048,0.001,0.096,0.241,0.134,0.016000000000000014
0.15,0.16,0.03,0.02,0.06,0.37,0.1,0.10999999999999999
0.04,0.05,0.1,0.07,0.03,0.29,0.17,0.2499999999999999
0.09,0.27,0.15,0.05,0.12,0.08,0.04,0.19999999999999996
0.09,0.02,0.17,0.1,0.11,0.22,0.21,0.08000000000000007
0.525,0.08,0.116,0.04,0.008,0.004,0.166,0.06099999999999994
0.065,0.022,0.215,0.071,0.059,0.173,0.33,0.06499999999999995
0.142,0.024,0.281,0.214,0.055,0.065,0.066,0.1529999999999998
0.43,0.14,0.07,0.02,0.07,0.16,0.01,0.09999999999999976
0.001,0.024,0.111,0.301,0.117,0.141,0.201,0.10399999999999987
0.09,0.16,0.26,0.01,0.04,0.02,0.37,0.04999999999999993
0.09,0.12,0.07,0.28,0.09,0.03,0.07,0.25
0.09,0.11,0.02,0.11,0.46,0.09,0.07,0.050000000000000044
0.16,0.07,0.12,0.19,0.11,0.06,0.14,0.15000000000000002
0.1,0.1,0.07,0.04,0.01,0.16,0.41,0.1100000000000001
0.058,0.042,0.171,0.006,0.024,0.166,0.477,0.05599999999999994
0.011,0.184,0.19,0.102,0.025,0.216,0.133,0.139
0.06,0.23,0.05,0.14,0.06,0.09,0.06,0.31000000000000005
0.07,0.09,0.01,0.08,0.48,0.17,0.05,0.04999999999999993
0.186,0.35,0.005,0.058,0.055,0.045,0.187,0.11399999999999988
0.2,0.03,0.04,0.36,0.04,0.04,0.13,0.15999999999999992
0.12,0.05,0.28,0.02,0.17,0.17,0.1,0.08999999999999997
0.1,0.02,0.13,0.13,0.09,0.19,0.15,0.19000000000000006
0.04,0.06,0.01,0.03,0.47,0.32,0.05,0.020000000000000018
0.015,0.015,0.309,0.008,0.185,0.347,0.019,0.10199999999999998
0.01,0.21,0.02,0.17,0.44,0.04,0.05,0.05999999999999983
0.103,0.064,0.006,0.051,0.118,0.545,0.065,0.04800000000000004
0.14,0.22,0.19,0.09,0.12,0.05,0.02,0.16999999999999993
0.186,0.108,0.089,0.25,0.124,0.097,0.125,0.02100000000000002
0.092,0.013,0.095,0.017,0.375,0.236,0.151,0.020999999999999908
0.03,0.03,0.27,0.13,0.14,0.27,0.09,0.039999999999999925
0.13,0.1,0.16,0.1,0.17,0.15,0.16,0.029999999999999916
0.08,0.4,0.14,0.22,0.03,0.05,0.03,0.04999999999999982
0.073,0.043,0.596,0.105,0.021,0.109,0.049,0.0040000000000000036
0.36,0.13,0.16,0.03,0.12,0.12,0.06,0.020000000000000018
0.011,0.207,0.218,0.139,0.061,0.017,0.081,0.2660000000000001
0.21,0.04,0.21,0.06,0.08,0.16,0.2,0.040000000000000036
0.2,0.11,0.2,0.06,0.18,0.09,0.12,0.040000000000000036
0.01,0.04,0.07,0.21,0.24,0.25,0.11,0.06999999999999995
0.1,0.051,0.035,0.165,0.097,0.242,0.226,0.08400000000000007
0.16,0.21,0.02,0.08,0.11,0.03,0.28,0.10999999999999988
0.041,0.023,0.388,0.147,0.032,0.328,0.023,0.017999999999999905
0.033,0.021,0.262,0.12,0.042,0.014,0.192,0.31600000000000006
0.09,0.12,0.38,0.19,0.04,0.1,0.06,0.020000000000000018
0.07,0.11,0.15,0.01,0.12,0.14,0.01,0.39
0.02,0.29,0.45,0.02,0.03,0.04,0.1,0.04999999999999993
0.21,0.03,0.06,0.16,0.19,0.02,0.2,0.13000000000000012
0.051,0.056,0.043,0.13,0.131,0.067,0.219,0.30299999999999994
0.16,0.04,0.49,0.09,0.05,0.09,0.04,0.040000000000000036
0.073,0.033,0.364,0.09,0.242,0.073,0.035,0.09000000000000008
0.14,0.15,0.33,0.18,0.04,0.04,0.07,0.04999999999999982
0.24,0.06,0.12,0.05,0.21,0.16,0.11,0.050000000000000044
0.06,0.08,0.06,0.32,0.03,0.04,0.17,0.23999999999999988
0.16,0.07,0.08,0.15,0.26,0.05,0.09,0.14
0.29,0.05,0.08,0.07,0.03,0.18,0.15,0.15000000000000002
0.06,0.11,0.04,0.02,0.07,0.03,0.01,0.66
0.12,0.11,0.06,0.07,0.06,0.32,0.22,0.040000000000000036
0.03,0.2,0.11,0.02,0.17,0.35,0.07,0.050000000000000044
0.24,0.02,0.11,0.33,0.16,0.04,0.07,0.030000000000000027
0.07,0.1,0.15,0.17,0.12,0.16,0.2,0.030000000000000027
0.023,0.078,0.015,0.459,0.072,0.186,0.089,0.07800000000000007
0.28,0.23,0.02,0.01,0.11,0.05,0.1,0.19999999999999996
0.32,0.01,0.15,0.09,0.14,0.07,0.13,0.08999999999999997
0.094,0.018,0.085,0.456,0.081,0.033,0.014,0.21899999999999997
0.08,0.02,0.72,0.01,0.05,0.03,0.03,0.05999999999999994
0.1,0.02,0.17,0.19,0.06,0.04,0.11,0.30999999999999994
0.099,0.01,0.059,0.212,0.068,0.123,0.264,0.16500000000000004
0.15,0.09,0.05,0.11,0.28,0.07,0.09,0.16000000000000003
0.02,0.06,0.13,0.24,0.22,0.04,0.19,0.09999999999999987
0.187,0.451,0.037,0.085,0.089,0.006,0.136,0.009000000000000008
0.01,0.17,0.29,0.42,0.08,0.02,0.01,1.1102230246251565e-16
0.11,0.31,0.07,0.02,0.08,0.17,0.12,0.12
0.11,0.19,0.1,0.02,0.22,0.05,0.21,0.09999999999999998
0.08,0.09,0.44,0.1,0.18,0.01,0.09,0.01000000000000012
0.332,0.072,0.097,0.005,0.007,0.186,0.002,0.29899999999999993
0.19,0.06,0.02,0.13,0.09,0.13,0.11,0.27
0.028,0.035,0.26,0.11,0.029,0.006,0.181,0.351
0.041,0.268,0.185,0.007,0.067,0.049,0.265,0.11799999999999988
0.172,0.096,0.069,0.061,0.087,0.224,0.112,0.17900000000000005
0.47,0.02,0.15,0.16,0.07,0.02,0.06,0.04999999999999982
0.16,0.12,0.03,0.13,0.22,0.15,0.07,0.11999999999999988
0.048,0.096,0.238,0.015,0.276,0.153,0.114,0.05999999999999994
0.18,0.1,0.05,0.15,0.01,0.14,0.11,0.26
0.011,0.036,0.089,0.08,0.005,0.454,0.175,0.1499999999999999
0.19,0.09,0.28,0.05,0.06,0.07,0.18,0.07999999999999985
0.032,0.04,0.614,0.045,0.038,0.181,0.045,0.0050000000000000044
0.169,0.085,0.067,0.099,0.284,0.071,0.035,0.19000000000000006
0.05,0.11,0.06,0.23,0.25,0.02,0.04,0.24
0.16,0.06,0.15,0.13,0.31,0.05,0.05,0.08999999999999986
0.09,0.07,0.22,0.03,0.03,0.48,0.01,0.06999999999999995
0.13,0.1,0.14,0.04,0.26,0.23,0.08,0.02000000000000013
0.21,0.1,0.01,0.08,0.02,0.24,0.16,0.17999999999999994
0.052,0.188,0.26,0.05,0.075,0.234,0.005,0.136
0.03,0.01,0.13,0.08,0.28,0.16,0.14,0.16999999999999993
0.08,0.48,0.02,0.11,0.08,0.04,0.11,0.08000000000000007
0.12,0.15,0.04,0.01,0.36,0.08,0.06,0.18000000000000016
0.2,0.1,0.11,0.03,0.1,0.12,0.01,0.32999999999999996
0.04,0.11,0.03,0.45,0.07,0.01,0.03,0.26
0.01,0.5,0.22,0.07,0.01,0.02,0.11,0.05999999999999994
0.06,0.31,0.02,0.13,0.14,0.03,0.01,0.29999999999999993
0.153,0.157,0.068,0.207,0.083,0.073,0.119,0.14000000000000012
0.14,0.04,0.01,0.06,0.22,0.32,0.1,0.10999999999999999
0.446,0.002,0.11,0.056,0.132,0.107,0.058,0.08899999999999986
0.07,0.13,0.24,0.17,0.08,0.02,0.09,0.20000000000000007
0.05,0.13,0.15,0.12,0.09,0.29,0.04,0.13000000000000012
0.12,0.19,0.01,0.47,0.03,0.05,0.11,0.019999999999999907
0.01,0.14,0.2,0.11,0.04,0.41,0.08,0.01000000000000012
0.07,0.02,0.17,0.23,0.29,0.02,0.07,0.1299999999999999
0.079,0.121,0.245,0.007,0.035,0.331,0.113,0.06899999999999995
0.18,0.014,0.144,0.247,0.288,0.043,0.01,0.07399999999999995
0.28,0.14,0.12,0.07,0.05,0.07,0.23,0.039999999999999813
0.15,0.23,0.07,0.02,0.03,0.23,0.06,0.20999999999999996
0.09,0.2,0.09,0.36,0.01,0.06,0.06,0.1299999999999999
0.25,0.09,0.02,0.12,0.02,0.22,0.05,0.22999999999999998
0.01,0.2,0.16,0.05,0.26,0.08,0.18,0.06000000000000005
0.15,0.08,0.03,0.29,0.09,0.07,0.13,0.16000000000000003
0.009,0.019,0.044,0.004,0.334,0.171,0.174,0.24499999999999988
0.25,0.03,0.12,0.34,0.09,0.02,0.04,0.10999999999999999
0.21,0.06,0.1,0.01,0.16,0.11,0.06,0.29000000000000004
0.08,0.38,0.06,0.08,0.14,0.11,0.13,0.020000000000000018
0.03,0.09,0.15,0.06,0.13,0.07,0.3,0.16999999999999993
0.1,0.2,0.01,0.27,0.05,0.02,0.02,0.32999999999999985
0.02,0.01,0.01,0.14,0.09,0.51,0.07,0.1499999999999999
0.02,0.034,0.052,0.256,0.12,0.166,0.116,0.236
0.02,0.18,0.14,0.04,0.39,0.04,0.13,0.05999999999999994
0.001,0.05,0.253,0.385,0.133,0.117,0.02,0.040999999999999925
0.07,0.05,0.304,0.028,0.115,0.409,0.016,0.008000000000000007
0.16,0.23,0.07,0.29,0.06,0.02,0.02,0.1499999999999999
0.06,0.18,0.03,0.01,0.13,0.02,0.45,0.11999999999999988
0.06,0.08,0.07,0.05,0.44,0.05,0.22,0.030000000000000027
0.01,0.08,0.09,0.07,0.02,0.54,0.17,0.019999999999999907
0.02,0.1,0.12,0.02,0.1,0.07,0.5,0.07000000000000006
0.092,0.124,0.301,0.035,0.181,0.05,0.157,0.05999999999999983
0.08,0.01,0.1,0.11,0.52,0.06,0.03,0.08999999999999986
0.04,0.04,0.06,0.05,0.22,0.32,0.26,0.010000000000000009
0.03,0.02,0.17,0.05,0.16,0.18,0.02,0.3699999999999999
0.41,0.01,0.02,0.14,0.19,0.09,0.01,0.13
0.08,0.32,0.15,0.13,0.12,0.02,0.15,0.029999999999999916
0.01,0.1,0.44,0.04,0.14,0.06,0.1,0.10999999999999999
0.26,0.07,0.1,0.03,0.16,0.1,0.02,0.2599999999999999
0.12,0.21,0.03,0.05,0.21,0.19,0.09,0.09999999999999998
0.172,0.104,0.086,0.002,0.017,0.108,0.475,0.03600000000000003
0.07,0.02,0.39,0.01,0.25,0.17,0.06,0.030000000000000027
0.07,0.14,0.13,0.05,0.16,0.39,0.02,0.039999999999999925
0.004,0.143,0.049,0.119,0.009,0.338,0.082,0.256
0.04,0.265,0.093,0.226,0.121,0.02,0.108,0.127
0.07,0.1,0.01,0.53,0.11,0.04,0.12,0.019999999999999907
0.05,0.05,0.29,0.05,0.26,0.13,0.07,0.10000000000000009
0.223,0.242,0.034,0.012,0.12,0.119,0.052,0.19799999999999995
0.105,0.205,0.098,0.342,0.094,0.004,0.115,0.03700000000000003
0.19,0.1,0.17,0.08,0.12,0.15,0.09,0.09999999999999998
0.07,0.15,0.2,0.01,0.16,0.03,0.35,0.029999999999999916
0.14,0.15,0.07,0.09,0.08,0.34,0.11,0.019999999999999907
0.26,0.12,0.26,0.08,0.07,0.18,0.02,0.010000000000000009
0.03,0.38,0.01,0.12,0.03,0.29,0.1,0.039999999999999925
0.02,0.16,0.09,0.11,0.26,0.15,0.14,0.06999999999999995
0.016,0.167,0.143,0.001,0.008,0.245,0.109,0.31100000000000005
0.061,0.173,0.16,0.016,0.082,0.41,0.039,0.05899999999999994
0.01,0.02,0.07,0.19,0.06,0.14,0.34,0.16999999999999993
0.06,0.03,0.16,0.13,0.17,0.01,0.29,0.1499999999999999
0.2,0.16,0.03,0.06,0.08,0.34,0.05,0.07999999999999985
0.01,0.04,0.6,0.07,0.07,0.03,0.02,0.15999999999999992
0.23,0.12,0.01,0.13,0.15,0.21,0.13,0.020000000000000018
0.13,0.33,0.37,0.02,0.03,0.01,0.02,0.08999999999999986
0.06,0.09,0.05,0.32,0.18,0.04,0.12,0.14
0.126,0.203,0.3,0.012,0.01,0.032,0.117,0.19999999999999996
0.151,0.122,0.002,0.084,0.292,0.009,0.2,0.1399999999999999
0.14,0.08,0.03,0.08,0.32,0.19,0.04,0.11999999999999988
0.026,0.412,0.006,0.019,0.135,0.136,0.259,0.006999999999999895
0.024,0.174,0.392,0.1,0.007,0.008,0.261,0.03400000000000003
0.05,0.29,0.01,0.04,0.23,0.05,0.26,0.06999999999999995
0.11,0.18,0.18,0.01,0.07,0.02,0.24,0.18999999999999995
0.26,0.06,0.17,0.13,0.02,0.02,0.22,0.12
0.136,0.083,0.126,0.332,0.057,0.098,0.137,0.030999999999999917
0.09,0.25,0.09,0.2,0.08,0.09,0.19,0.010000000000000231
0.06,0.05,0.02,0.04,0.15,0.26,0.22,0.19999999999999996
0.25,0.02,0.18,0.12,0.2,0.1,0.12,0.010000000000000009
0.03,0.1,0.25,0.1,0.11,0.05,0.11,0.25
0.12,0.46,0.02,0.04,0.24,0.06,0.04,0.019999999999999796
0.09,0.09,0.38,0.21,0.01,0.08,0.06,0.08000000000000007
0.01,0.19,0.21,0.04,0.02,0.13,0.16,0.23999999999999988
0.23,0.07,0.06,0.44,0.08,0.03,0.01,0.07999999999999996
0.018,0.078,0.32,0.104,0.124,0.063,0.134,0.15899999999999992
0.09,0.32,0.1,0.06,0.19,0.1,0.09,0.050000000000000044
0.166,0.137,0.017,0.078,0.122,0.221,0.081,0.17800000000000005
0.05,0.16,0.04,0.09,0.29,0.09,0.02,0.2600000000000001
0.07,0.06,0.26,0.12,0.02,0.28,0.13,0.05999999999999994
0.068,0.103,0.24,0.095,0.107,0.221,0.017,0.14900000000000002
0.11,0.21,0.29,0.01,0.02,0.33,0.02,0.010000000000000009
0.013,0.19,0.083,0.027,0.225,0.089,0.234,0.139
0.026,0.447,0.039,0.235,0.022,0.044,0.175,0.01200000000000001
0.03,0.04,0.26,0.03,0.1,0.02,0.28,0.24
0.01,0.05,0.07,0.24,0.19,0.17,0.15,0.11999999999999988
0.16,0.46,0.05,0.05,0.03,0.02,0.05,0.17999999999999983
0.14,0.23,0.29,0.01,0.05,0.15,0.02,0.10999999999999999
0.164,0.055,0.074,0.105,0.198,0.247,0.132,0.025000000000000022
0.05,0.02,0.33,0.05,0.19,0.03,0.2,0.1299999999999999
0.12,0.03,0.16,0.12,0.04,0.01,0.11,0.41000000000000003
0.206,0.359,0.122,0.161,0.011,0.032,0.057,0.051999999999999935
0.17,0.14,0.09,0.33,0.09,0.02,0.09,0.07000000000000006
0.06,0.09,0.42,0.07,0.16,0.04,0.09,0.07000000000000006
0.12,0.05,0.2,0.02,0.19,0.06,0.18,0.17999999999999994
0.21,0.23,0.18,0.12,0.08,0.03,0.08,0.07000000000000006
0.11,0.21,0.06,0.16,0.05,0.04,0.28,0.08999999999999986
0.014,0.26,0.188,0.089,0.039,0.211,0.142,0.05699999999999994
0.25,0.08,0.34,0.04,0.02,0.1,0.02,0.1499999999999999
0.18,0.02,0.07,0.36,0.04,0.01,0.01,0.30999999999999994
0.14,0.14,0.08,0.19,0.07,0.1,0.14,0.1399999999999999
0.07,0.23,0.09,0.02,0.15,0.32,0.01,0.10999999999999988
0.05,0.08,0.11,0.02,0.14,0.21,0.3,0.09000000000000008
0.109,0.363,0.123,0.032,0.063,0.281,0.002,0.027000000000000024
0.13,0.11,0.23,0.09,0.03,0.08,0.11,0.22000000000000008
0.12,0.01,0.09,0.54,0.09,0.02,0.05,0.07999999999999996
0.167,0.053,0.009,0.02,0.413,0.081,0.224,0.03300000000000014
0.13,0.14,0.09,0.15,0.07,0.02,0.25,0.1499999999999999
0.088,0.149,0.229,0.041,0.104,0.148,0.039,0.20199999999999996
0.12,0.07,0.07,0.25,0.29,0.06,0.08,0.05999999999999994
0.02,0.1,0.04,0.59,0.14,0.06,0.02,0.030000000000000027
0.06,0.1,0.19,0.24,0.15,0.07,0.15,0.039999999999999925
0.075,0.114,0.49,0.059,0.069,0.042,0.091,0.06000000000000005
0.06,0.01,0.03,0.41,0.32,0.04,0.03,0.09999999999999987
0.16,0.28,0.15,0.06,0.19,0.06,0.05,0.04999999999999982
0.03,0.1,0.18,0.33,0.1,0.17,0.03,0.05999999999999994
0.25,0.06,0.12,0.23,0.12,0.03,0.1,0.08999999999999997
0.27,0.14,0.18,0.1,0.11,0.04,0.01,0.1499999999999999
0.22,0.1,0.06,0.26,0.12,0.09,0.05,0.09999999999999998
0.05,0.07,0.01,0.12,0.13,0.46,0.06,0.09999999999999987
0.06,0.08,0.16,0.04,0.02,0.27,0.12,0.2499999999999999
0.11,0.07,0.24,0.17,0.02,0.01,0.13,0.25
0.08,0.02,0.07,0.52,0.03,0.16,0.04,0.07999999999999985
0.37,0.07,0.27,0.04,0.05,0.07,0.02,0.10999999999999988
0.14,0.13,0.11,0.14,0.01,0.12,0.11,0.24
0.19,0.1,0.34,0.1,0.15,0.02,0.03,0.06999999999999984
0.02,0.06,0.22,0.15,0.09,0.04,0.02,0.4
0.12,0.11,0.1,0.26,0.18,0.1,0.1,0.030000000000000027
0.05,0.02,0.16,0.06,0.47,0.04,0.09,0.10999999999999999
0.12,0.16,0.01,0.2,0.02,0.11,0.26,0.12
0.03,0.19,0.23,0.13,0.06,0.19,0.14,0.029999999999999916
0.5,0.09,0.02,0.03,0.04,0.04,0.08,0.19999999999999996
0.19,0.13,0.45,0.03,0.05,0.09,0.02,0.039999999999999925
0.39,0.07,0.11,0.18,0.02,0.15,0.01,0.06999999999999995
0.043,0.046,0.009,0.067,0.126,0.616,0.034,0.05899999999999994
0.14,0.04,0.12,0.15,0.13,0.07,0.07,0.2799999999999998
0.054,0.152,0.132,0.027,0.112,0.257,0.261,0.0050000000000000044
0.27,0.04,0.05,0.13,0.05,0.04,0.09,0.32999999999999996
0.05,0.042,0.204,0.087,0.008,0.035,0.432,0.1419999999999999
0.05,0.24,0.29,0.07,0.01,0.17,0.04,0.13
0.08,0.21,0.07,0.04,0.09,0.35,0.12,0.040000000000000036
0.096,0.225,0.068,0.015,0.492,0.029,0.06,0.014999999999999902
0.12,0.04,0.17,0.04,0.19,0.23,0.19,0.020000000000000018
0.019,0.019,0.017,0.065,0.043,0.182,0.571,0.08400000000000007
0.03,0.1,0.02,0.05,0.31,0.12,0.08,0.29000000000000004
0.19,0.04,0.15,0.2,0.07,0.28,0.05,0.019999999999999796
0.17,0.01,0.14,0.17,0.33,0.04,0.1,0.039999999999999925
0.06,0.34,0.01,0.17,0.01,0.08,0.3,0.030000000000000027
0.231,0.367,0.045,0.234,0.021,0.002,0.052,0.04799999999999993
0.12,0.25,0.04,0.02,0.13,0.1,0.3,0.040000000000000036
0.04,0.03,0.06,0.17,0.07,0.27,0.06,0.2999999999999998
0.17,0.2,0.21,0.12,0.01,0.18,0.04,0.07000000000000006
0.05,0.2,0.01,0.2,0.09,0.09,0.14,0.21999999999999997
0.21,0.03,0.07,0.33,0.15,0.1,0.09,0.020000000000000018
0.01,0.17,0.1,0.14,0.07,0.25,0.08,0.18000000000000005
0.082,0.25,0.024,0.215,0.038,0.205,0.172,0.014000000000000012
0.16,0.04,0.03,0.05,0.1,0.22,0.05,0.35
0.02,0.16,0.27,0.07,0.13,0.04,0.01,0.29999999999999993
0.02,0.16,0.37,0.01,0.11,0.09,0.07,0.16999999999999993
0.09,0.02,0.1,0.1,0.02,0.44,0.2,0.030000000000000027
0.411,0.025,0.076,0.033,0.093,0.004,0.157,0.20099999999999996
0.23,0.13,0.12,0.21,0.15,0.04,0.03,0.08999999999999997
0.02,0.02,0.34,0.04,0.06,0.09,0.25,0.18000000000000005
0.12,0.17,0.16,0.04,0.03,0.11,0.33,0.040000000000000036
0.01,0.07,0.06,0.35,0.12,0.13,0.02,0.24
0.05,0.03,0.06,0.12,0.01,0.38,0.29,0.06000000000000005
0.047,0.139,0.195,0.283,0.061,0.011,0.06,0.20400000000000018
0.05,0.02,0.12,0.04,0.26,0.11,0.09,0.31000000000000005
0.1,0.31,0.01,0.14,0.16,0.03,0.22,0.029999999999999916
0.07,0.18,0.11,0.03,0.03,0.05,0.29,0.24
0.03,0.19,0.34,0.01,0.21,0.17,0.02,0.029999999999999916
0.19,0.26,0.35,0.03,0.01,0.04,0.06,0.05999999999999983
0.18,0.26,0.21,0.09,0.04,0.05,0.11,0.05999999999999994
0.05,0.09,0.11,0.11,0.39,0.03,0.09,0.13
0.06,0.21,0.12,0.21,0.04,0.22,0.06,0.08000000000000007
0.07,0.13,0.04,0.03,0.09,0.39,0.18,0.07000000000000006
0.05,0.13,0.25,0.07,0.24,0.12,0.13,0.010000000000000009
0.29,0.03,0.02,0.13,0.13,0.3,0.02,0.08000000000000007
0.146,0.113,0.344,0.106,0.038,0.125,0.009,0.119
0.11,0.3,0.13,0.05,0.12,0.11,0.11,0.06999999999999995
0.03,0.07,0.24,0.01,0.16,0.2,0.04,0.25
0.04,0.09,0.15,0.27,0.33,0.01,0.02,0.08999999999999986
0.02,0.33,0.1,0.09,0.2,0.09,0.1,0.07000000000000006
0.22,0.05,0.15,0.23,0.01,0.06,0.05,0.22999999999999998
0.17,0.05,0.03,0.23,0.07,0.15,0.26,0.039999999999999925
0.07,0.09,0.03,0.19,0.07,0.4,0.06,0.08999999999999986
0.38,0.08,0.05,0.16,0.13,0.1,0.01,0.08999999999999997
0.03,0.21,0.06,0.18,0.22,0.03,0.05,0.21999999999999997
0.08,0.42,0.02,0.09,0.1,0.04,0.05,0.19999999999999996
0.07,0.02,0.2,0.41,0.03,0.05,0.09,0.13
0.051,0.199,0.117,0.041,0.068,0.231,0.13,0.16300000000000003
0.176,0.028,0.35,0.107,0.018,0.101,0.003,0.21700000000000008
0.442,0.013,0.044,0.116,0.162,0.063,0.158,0.0019999999999998908
0.12,0.23,0.01,0.15,0.07,0.13,0.21,0.07999999999999996
0.1,0.18,0.06,0.19,0.02,0.16,0.25,0.039999999999999925
0.027,0.055,0.236,0.234,0.047,0.015,0.094,0.2919999999999999
0.156,0.001,0.006,0.144,0.324,0.137,0.056,0.17599999999999993
0.039,0.053,0.196,0.129,0.193,0.001,0.016,0.3729999999999999
0.29,0.03,0.21,0.07,0.24,0.11,0.04,0.01000000000000012
0.2,0.2,0.02,0.02,0.07,0.22,0.01,0.26
0.09,0.12,0.12,0.15,0.03,0.11,0.03,0.35
0.12,0.15,0.19,0.05,0.22,0.1,0.06,0.1100000000000001
0.137,0.187,0.055,0.14,0.064,0.046,0.064,0.30699999999999994
0.11,0.02,0.26,0.02,0.12,0.05,0.01,0.4099999999999999
0.174,0.178,0.012,0.064,0.065,0.455,0.018,0.03400000000000003
0.043,0.191,0.178,0.241,0.046,0.027,0.178,0.09599999999999986
0.06,0.08,0.15,0.13,0.1,0.1,0.37,0.010000000000000009
0.191,0.267,0.048,0.139,0.049,0.029,0.153,0.12399999999999989
0.08,0.04,0.04,0.26,0.12,0.34,0.06,0.05999999999999983
0.04,0.01,0.25,0.25,0.02,0.22,0.09,0.12
0.42,0.13,0.05,0.12,0.01,0.14,0.1,0.029999999999999916
0.09,0.31,0.15,0.09,0.04,0.24,0.03,0.04999999999999993
0.28,0.09,0.09,0.16,0.01,0.06,0.08,0.2300000000000001
0.2,0.07,0.14,0.2,0.17,0.07,0.06,0.08999999999999986
0.03,0.06,0.11,0.38,0.05,0.09,0.17,0.10999999999999988
0.02,0.03,0.24,0.24,0.19,0.01,0.07,0.19999999999999996
0.1,0.08,0.21,0.05,0.04,0.38,0.11,0.030000000000000027
0.05,0.01,0.08,0.21,0.2,0.11,0.26,0.07999999999999996
0.28,0.04,0.08,0.15,0.16,0.01,0.14,0.1399999999999999
0.14,0.02,0.01,0.03,0.03,0.16,0.15,0.45999999999999996
0.05,0.1,0.06,0.08,0.16,0.38,0.13,0.039999999999999925
0.41,0.02,0.06,0.17,0.15,0.1,0.07,0.020000000000000018
0.066,0.083,0.097,0.003,0.225,0.473,0.026,0.026999999999999913
0.097,0.026,0.051,0.221,0.415,0.074,0.108,0.008000000000000007
0.224,0.128,0.044,0.281,0.146,0.03,0.137,0.009999999999999898
0.15,0.03,0.23,0.03,0.07,0.03,0.31,0.1499999999999999
0.095,0.095,0.045,0.16,0.255,0.129,0.146,0.07499999999999996
0.06,0.09,0.17,0.52,0.02,0.07,0.01,0.05999999999999983
0.07,0.39,0.02,0.1,0.11,0.03,0.03,0.2499999999999999
0.02,0.22,0.22,0.14,0.06,0.25,0.08,0.01000000000000012
0.108,0.11,0.04,0.017,0.337,0.027,0.335,0.0259999999999998
0.017,0.057,0.068,0.239,0.028,0.12,0.392,0.07899999999999996
0.45,0.08,0.02,0.2,0.14,0.04,0.02,0.04999999999999993
0.063,0.011,0.137,0.339,0.048,0.007,0.207,0.18799999999999994
0.003,0.033,0.324,0.197,0.025,0.06,0.331,0.027000000000000135
0.07,0.09,0.01,0.08,0.17,0.15,0.26,0.16999999999999993
0.01,0.29,0.08,0.04,0.07,0.05,0.08,0.38
0.015,0.454,0.148,0.195,0.005,0.012,0.129,0.041999999999999926
0.06,0.26,0.02,0.06,0.07,0.12,0.14,0.2699999999999999
0.061,0.111,0.118,0.237,0.235,0.004,0.048,0.18600000000000005
