0.55,0.1,0.35
0.5494081284374113,0.09934906587422726,0.35124280568836147
0.5469689917574717,0.09712574332566237,0.3559052649168659
0.5461857946173557,0.09652790969280939,0.35728629568983494
0.5382061016184168,0.09219207974087662,0.3696018186407067
0.48120976602858345,0.08426034979406695,0.43452988417734967
0.3304599710556242,0.09002140025976878,0.579518628684607
0.22936904993693905,0.09749305146320922,0.6731378985998517
0.18148272076104088,0.1013299580168766,0.7171873212220825
0.0808418163128756,0.10969733849072472,0.8094608451963997
0.04692965162920865,0.1125691820017471,0.8405011663690443
0.025329939515499666,0.11439994127925318,0.8602701192052472
0.009136320856682426,0.11575744235383006,0.8751062367894875
0.006223357135667035,0.1159949286810317,0.8777817141833013
0.003383188886590964,0.11621830182275525,0.8803985092906538
0.001483021688519271,0.11635314415892195,0.8821638341525588
0.000646883658863342,0.11639611017725128,0.8829570061638854
0.00028155622082208395,0.11639842565264788,0.88332001812653
0.0001224277566276479,0.11638294373378208,0.8834946285095903
0.0,0.11636589867284064,0.8836341013271594
0.0,0.1163357893766298,0.8836642106233702
0.0,0.11630619936625154,0.8836938006337485
0.0,0.11627683880490065,0.8837231611950994
0.0,0.11624758174883336,0.8837524182511666
0.0,0.11621837348210556,0.8837816265178945
0.0,0.1161891902357091,0.8838108097642909
0.0,0.11616002168450928,0.8838399783154908
0.0,0.11613086334314023,0.8838691366568597
0.0,0.11610171326278121,0.8838982867372188
0.0,0.11607257059632878,0.8839274294036712
0.0,0.11604343497517774,0.8839565650248222
0.0,0.11601430623853677,0.8839856937614633
0.0,0.11598518431586552,0.8840148156841344
0.0,0.11595606917581731,0.8840439308241826
0.0,0.11592696080406555,0.8840730391959344
0.0,0.1158978591936745,0.8841021408063255
0.0,0.11586876434091772,0.8841312356590822
0.0,0.1158396762434624,0.8841603237565376
0.0,0.11581059489958079,0.8841894051004193
0.0,0.11578152030780785,0.8842184796921921
0.0,0.11575245246679272,0.8842475475332072
0.0,0.11572264276802573,0.8842773572319743
0.0,0.1156905514833455,0.8843094485166545
0.0,0.11565411727141747,0.8843458827285825
0.0,0.1156099506000761,0.8843900493999238
0.0,0.11555207177453054,0.8844479282254695
0.0,0.11547189264117716,0.8845281073588229
0.0,0.1153377143601385,0.8846622856398615
0.0,0.11504572941924027,0.8849542705807598
0.0,0.11472664221047137,0.8852733577895286
0.0,0.11230429324875876,0.8876957067512412
0.0,0.09457255560200654,0.9054274443979935
0.0,0.03241660718162923,0.9675833928183708
0.0,0.014244812625409265,0.9857551873745908
0.0,0.006227459867863199,0.9937725401321368
0.0,0.0027164624270118853,0.9972835375729882
0.0,0.0011838048773985712,0.9988161951226014
0.0,0.0005156745447670086,0.9994843254552329
0.0,0.00022459112615031107,0.9997754088738497
0.0,0.0,1.0
