0.6,0.15,0.25
0.6021746087876888,0.14827163795404352,0.2495537532582677
0.6112861775309391,0.14117777102244136,0.24753605144661964
0.6134822345653905,0.13950365713116583,0.24701410830344367
0.6313285135650354,0.12640729994325986,0.24226418649170478
0.7202033611750427,0.07357290435321304,0.20622373447174433
0.8314649333340326,0.030146210836167114,0.13838885582980026
0.8906907259102027,0.014752239451978745,0.09455703463781849
0.9403434078613744,0.005574047503027663,0.054082544635597946
0.9720180308196859,0.0016733741978038354,0.026308594982510265
0.9789633290065598,0.0010639105914652643,0.019972760401974907
0.9860823024881992,0.0005519524631899032,0.013365745048610949
0.9917818319043136,0.000238700953316265,0.00797946714237024
0.9951700410760879,0.0001022726436631294,0.004727686280249023
0.9972115103166262,0.0,0.0027884896833738028
0.9983598256956848,0.0,0.0016401743043151053
0.9990367746391104,0.0,0.0009632253608895971
0.9994348504818477,0.0,0.0005651495181523314
0.9996685925878159,0.0,0.0003314074121840807
0.9998057226531575,0.0,0.00019427734684248084
0.999886132281603,0.0,0.00011386771839708054
1.0,0.0,0.0
