0.5,0.35,0.15
0.4967606717279372,0.3530250234173501,0.15021430485471282
0.48374628577646783,0.36512664147686247,0.15112707274666964
0.4804859038182076,0.3681455032669381,0.15136859291485424
0.45441743743304785,0.39210127933397465,0.1534812832329775
0.29175106788246624,0.5349641306243188,0.17328480149321482
0.1780556641456857,0.6335920547423275,0.1883522811119868
0.09089348446803823,0.7253456498659722,0.18376086566598973
0.04487179769645836,0.7931407904680678,0.16198741183547374
0.016021090557050244,0.8559008629705992,0.1280780464723506
0.009623613938540323,0.8768382840767376,0.11353810198472197
0.0020200068854293865,0.9191855997618936,0.07879439335267709
0.000824953230245651,0.9349866205987741,0.06418842617098026
0.0005960824373462776,0.9397745887764636,0.05962932878619013
0.00028549100547694466,0.9491921053555373,0.0505224036389857
0.00011479425809850778,0.9586542881081597,0.04123091763374174
0.0,0.9665316772739541,0.033468322726045906
0.0,0.9729563151496288,0.02704368485037118
0.0,0.9773505418167446,0.022649458183255308
0.0,0.9810706197572889,0.0189293802427111
0.0,0.984207880572471,0.015792119427529044
0.0,0.9868450152926113,0.01315498470738873
0.0,0.9890556532172037,0.010944346782796386
0.0,0.9909044802492378,0.009095519750762063
0.0,0.9924477096382192,0.007552290361780817
0.0,0.9935324588210813,0.0064675411789187065
0.0,0.9944638448573297,0.005536155142670256
0.0,0.9952628970036138,0.0047371029963862
0.0,0.9956186206778963,0.004381379322103672
0.0,0.9962587069841649,0.0037412930158351866
0.0,0.9968689230199452,0.003131076980054789
0.0,0.9973803432655083,0.002619656734491724
0.0,0.9978087431776177,0.0021912568223822707
0.0,0.9981674453731876,0.0018325546268123756
0.0,0.998467680985064,0.001532319014936042
0.0,0.9987189039436197,0.0012810960563802505
0.0,0.9989290623421276,0.0010709376578723518
0.0,0.9991048313810471,0.0008951686189528853
0.0,0.9992518123848895,0.0007481876151105383
0.0,0.9993797685681123,0.0006202314318877529
0.0,0.9994945870134703,0.0005054129865296788
0.0,0.9996008868624234,0.000399113137576637
0.0,0.9996975922397127,0.00030240776028729957
0.0,0.999788918989686,0.00021108101031399885
0.0,0.9998337353940199,0.0001662646059801545
0.0,1.0,0.0
