0.05,0.45,0.5
0.05112176715111234,0.4486793971433661,0.5001988357055216
0.05712257324036349,0.4416669289081721,0.5012104978514644
0.05840633213886085,0.4401782953111963,0.5014153725499428
0.06979138644791238,0.4271588940837326,0.503049719468355
0.15062338745387688,0.34448991204832796,0.5048867004977953
0.23964872587309394,0.27198611343968904,0.48836516068721697
0.3494570973937236,0.2046663427478363,0.44587655985844005
0.46959102929774865,0.152621259076142,0.3777877116261094
0.5588019499471512,0.1269585760601942,0.31423947399265456
0.6294786815320238,0.11952248760770585,0.2509988308602704
0.6554892337567696,0.13520903038485807,0.2093017358583723
0.6347462628097879,0.18360014757288726,0.18165358961732497
0.5372582165352242,0.2916438327740878,0.17109795069068803
0.40444793501109955,0.4139190207335347,0.18163304425536583
0.2829383377048562,0.5104940395297202,0.20656762276542376
0.22041897498738985,0.5517270880556602,0.22785393695694994
0.1726216866249033,0.5714276521831237,0.25595066119197296
0.167925271389912,0.5499280759303317,0.2821466526797563
0.2028179082511897,0.48827318613405185,0.3089089056147584
0.22529564710128586,0.4570816472100359,0.31762270568867823
0.28852862818979685,0.3833456207971091,0.328125751013094
0.37702702635447155,0.3048023146764391,0.3181706589690894
0.4634864952850541,0.2514887086506754,0.28502479606427045
0.5129418894400841,0.23734450875027702,0.24971360180963892
0.5186441238113872,0.2596095275414094,0.22174634864720338
0.4650947392899437,0.32463166791492054,0.21027359279513583
0.39323788527601833,0.38735998350453643,0.2194021312194453
0.3438549407399265,0.41724266383023934,0.23890239542983413
0.33678065693199993,0.40034034690629744,0.26287899616170257
0.38098561617662635,0.3474742063102731,0.2715401775131006
0.4385263606263171,0.30640724341905545,0.25506639595462743
0.45144509951528755,0.30961987033080623,0.23893503015390632
0.43082443530388,0.3368256532678387,0.2323499114282813
0.3894425967864044,0.3685816502655471,0.24197575294804852
0.3895281880825619,0.3565224405834279,0.2539493713340102
0.41670598955167154,0.33256049439732266,0.25073351605100586
0.42325947982482964,0.334498664352912,0.24224185582225832
0.4075001359718097,0.34996619673193086,0.24253366729625953
0.4014358202651656,0.35024755653257594,0.24831662320225842
0.4121420561947014,0.340222668395283,0.24763527541001557
0.4131918305381669,0.34245775116958416,0.24435041829224893
0.40651115985830616,0.3473258993157436,0.24616294082595028
0.4100015656821912,0.34324579278912515,0.2467526415286837
0.410155463208854,0.34440469363932447,0.2454398431518216
0.4091658540943104,0.34446401738999355,0.24637012851569606
0.4097159910388716,0.34444779746988546,0.24583621149124293
0.4097169620610096,0.34421423422958675,0.24606880370940373
0.40950187130802757,0.34444641835039097,0.2460517103415815
0.4095738479019146,0.34440915249622633,0.2460169996018591
0.4095869881565607,0.3443909687926203,0.24602204305081904
0.4095905901260074,0.34438564444752495,0.24602376542646773
0.4095910986105509,0.3443852151674911,0.24602368622195808
0.40958897006491196,0.3443875139451436,0.24602351598994449
0.4095890010557829,0.34438747077659204,0.24602352816762504
0.40958991639366377,0.34438648194297544,0.24602360166336076
0.4095899558242569,0.3443864394006404,0.2460236047751027
0.40958920374070296,0.3443872524701425,0.24602354378915453
0.4095891725904338,0.34438724957801603,0.24602357783155013
0.4095894181613228,0.34438687609118857,0.24602370574748866
0.40958951130566246,0.34438689293108654,0.24602359576325114
0.40958974015305705,0.3443866480468849,0.246023611800058
0.4095890250270953,0.3443874031304123,0.24602357184249243
0.40958592452613507,0.34439040146949057,0.24602367400437447
0.4095895665084872,0.3443868600034145,0.2460235734880984
0.4095888506905999,0.3443875697774217,0.24602357953197848
0.40958882441635186,0.3443875429529178,0.2460236326307304
0.4095893170527791,0.3443868700279429,0.24602381291927794
0.40958945317561024,0.34438693008981136,0.2460236167345784
0.4095897737705069,0.34438660335490023,0.24602362287459278
0.409588997925574,0.34438743233117164,0.24602356974325434
0.40958575886021603,0.3443905542222457,0.24602368691753831
0.4095895663251284,0.34438686004780433,0.24602357362706734
0.40958956684734976,0.3443868599216747,0.24602357323097557
0.409589566859176,0.34438685990999346,0.2460235732308304
