0.25,0.5,0.25
0.24955055793203904,0.4998377944429927,0.2506116476249683
0.24845964554154043,0.49930717703680383,0.2522331774216558
0.24808191796857137,0.4990662667742081,0.25285181525722056
0.24582455580026893,0.496372528383645,0.2578029158160861
0.26524575469742884,0.44639774673459776,0.28835649856797335
0.32498307849084956,0.3731352256039132,0.3018816959052372
0.4091000155910932,0.30122746796610633,0.2896725164428004
0.4736070743551406,0.2670740733300909,0.25931885231476853
0.49231760005383274,0.27419828480406927,0.233484115142098
0.46103706816376655,0.3191393032807549,0.21982362855547863
0.3882157327608391,0.3824430564471352,0.22934121079202577
0.35542933471302585,0.3927959081658916,0.2517747571210826
0.3822242858768981,0.3537057979103066,0.2640699162127953
0.4297792931443623,0.31741528508501254,0.2528054217706252
0.4394829629535327,0.31992102503126424,0.2405960120152031
0.4228087459770393,0.3409981034857914,0.23619315053716913
0.3932150383270707,0.3621516898902947,0.24463327178263453
0.39913509743155784,0.34874214812594345,0.25212275444249876
0.4193962744819662,0.3340580658323404,0.24654565968569328
0.4159695853121656,0.34149942524944504,0.24253098943838933
0.4034349156895059,0.3505224741968816,0.24604261011361253
0.4088614187442894,0.3432371895430356,0.24790139171267503
0.41253911951319566,0.3425550316152515,0.24490584887155273
0.40742525886092784,0.3464846751470994,0.24609006599197267
0.41018374582078865,0.34338259405858684,0.24643366012062456
0.4095767102577585,0.34474198307229453,0.24568130666994706
0.40968420518981263,0.34411938278306237,0.24619641202712494
0.40937800066003854,0.3446190358424669,0.24600296349749448
0.40969545533098206,0.3443179940662072,0.24598655060281066
0.4096133601164911,0.3443530369756651,0.24603360290784387
0.4095908315995561,0.3443828749728067,0.2460262934276371
0.40958951252755127,0.34438679834925967,0.24602368912318906
0.4095891239427519,0.3443873418444376,0.24602353421281056
0.4095893745589745,0.3443870632536639,0.2460235621873617
0.40959170809587747,0.34438456750638946,0.24602372439773315
0.40958979783003596,0.3443866134029874,0.24602358876697658
0.4095893514772574,0.3443870900573039,0.24602355846543877
0.4095891908365215,0.3443872617959877,0.24602354736749082
0.4095891610261581,0.34438725702626743,0.2460235819475745
0.40958942231266493,0.3443868694983393,0.24602370818899583
0.40958951147645706,0.3443868924689574,0.24602359605458562
0.4095897547811711,0.3443866297613789,0.2460236154574499
0.4095889374100149,0.34438749040767463,0.24602357218231052
0.40958553093339095,0.3443907858629388,0.24602368320367016
0.40958956644538175,0.344386860020503,0.24602357353411516
0.40958956685771336,0.3443868599114461,0.2460235732308406
