0.45,0.5,0.05
0.44354051568644626,0.5063482908572083,0.050111193456345425
0.4129187427885146,0.5364682059959817,0.05061305121550373
0.40658215399822445,0.5427068236743116,0.050711022327464016
0.3570217658902611,0.5915898789041955,0.051388355205543544
0.17105396616935012,0.7779657151950666,0.050980318635583326
0.08172100524638326,0.8719319699777704,0.04634702477584631
0.03292195931946033,0.9278561341867839,0.03922190649375582
0.010970445127624493,0.9578005621817777,0.031228992690597868
0.004884006357464837,0.9688682711144581,0.026247722528077125
0.002135185834729711,0.9759240529687753,0.02194076119649502
0.0009203982026620432,0.9808022759703278,0.018277325827010173
0.00039230573046744556,0.984418302442245,0.015189391827287494
0.0001656876193550922,0.9872334048155811,0.012600907565063773
0.0,0.9895601132575624,0.010439886742437583
0.0,0.9913610345800112,0.008638965419988822
0.0,0.9928575732831278,0.007142426716872101
0.0,0.9940991922799093,0.005900807720090747
0.0,0.995127941653089,0.004872058346911026
0.0,0.9958333902176895,0.0041666097823105
0.0,0.996437717317154,0.003562282682845944
0.0,0.996955142503941,0.003044857496058987
0.0,0.9971851773124764,0.0028148226875236533
0.0,0.9975951351421491,0.002404864857850787
0.0,0.997986024185834,0.0020139758141659303
0.0,0.9983136778214465,0.0016863221785535498
0.0,0.9985882361051656,0.0014117638948344786
0.0,0.99881823996432,0.001181760035680057
0.0,0.99901087531034,0.0009891246896600084
0.0,0.9991721823383168,0.0008278176616831741
0.0,0.9993072342163974,0.000692765783602549
0.0,0.999420289111014,0.0005797108889859872
0.0,0.9995149191566227,0.00048508084337728845
0.0,0.9995941196081095,0.00040588039189046323
0.0,0.9996604010405838,0.0003395989594161719
0.0,0.9997158671034848,0.0002841328965152053
0.0,0.9997622800042557,0.0002377199957443166
0.0,0.9998011155965182,0.0001988844034818844
0.0,0.9998341668607484,0.0001658331392516307
0.0,0.9998639807526922,0.00013601924730776745
0.0,0.9998912760342714,0.00010872396572862601
0.0,1.0,0.0
