0.30000000000000004,0.6000000000000001,0.10000000000000002
0.29563492137602715,0.604219481644463,0.10014559697950991
0.2762620276915215,0.6230013561328257,0.10073661617565294
0.2721042904027114,0.627045417632581,0.10085029196470774
0.24016210730715032,0.6583075214177228,0.10153037127512705
0.11482954368438236,0.7872620182808044,0.09790843803481322
0.043391635088658495,0.873088675006682,0.08351968990465955
0.010750844021764417,0.9269738233828638,0.06227533259537169
0.003579342257542727,0.9475624189205536,0.04885823882190373
0.001654078840100037,0.9571581181152942,0.04118780304460584
0.0007464529349459856,0.9646975859931374,0.03455596107191661
0.00032553966716683595,0.9708804084332264,0.02879405189960669
0.0001395338647567793,0.9759417979122628,0.023918668222980572
0.0,0.9801803996561032,0.019819600343896786
0.0,0.9836129416939253,0.016387058306074606
0.0,0.9864743144463166,0.013525685553683386
0.0,0.9888521029583076,0.011147897041692391
0.0,0.9908228711625829,0.009177128837417123
0.0,0.9921770245558287,0.007822975444171347
0.0,0.9933351439904076,0.006664856009592442
0.0,0.99432456993666,0.005675430063340019
0.0,0.9951691160942785,0.004830883905721502
0.0,0.9955436291734537,0.004456370826546266
0.0,0.9961963024754418,0.0038036975245582492
0.0,0.9968169611922711,0.003183038807728877
0.0,0.9973371029964129,0.00266289700358712
0.0,0.9977727792523261,0.0022272207476738905
0.0,0.9981375465942723,0.0018624534057276635
0.0,0.9984428339194111,0.001557166080588858
0.0,0.9986982617812444,0.0013017382187555612
0.0,0.9989119183068891,0.0010880816931109147
0.0,0.9990905961390371,0.0009094038609630166
0.0,0.9992399949263215,0.0007600050736785374
0.0,0.9993648936900127,0.0006351063099872423
0.0,0.9994692970749638,0.0005307029250362094
0.0,0.999556559112314,0.0004434408876860444
0.0,0.9996294877230103,0.0003705122769897375
0.0,0.9996925096475617,0.0003074903524382145
0.0,0.9997498957593706,0.00025010424062941414
0.0,0.9998027882513143,0.0001972117486857435
0.0,0.9998283412515896,0.00017165874841039978
0.0,0.999884997570758,0.00011500242924198102
0.0,1.0,0.0
