0.25,0.7,0.05
0.24507000496454215,0.704947249297861,0.04998274573759689
0.2217855050125005,0.7283828150420386,0.04983167994546085
0.21725162724768704,0.7329607188615672,0.04978765389074582
0.18326662699517102,0.7674568630628358,0.049276509941993306
0.08319474648023473,0.8721361963654622,0.044669057154303034
0.029608605826621733,0.933490799418091,0.036900594755287286
0.013087154984584052,0.9557515410361974,0.031161303979218596
0.006571218795981248,0.9665301863423647,0.026898594861654194
0.0030342186339608517,0.9742014415218162,0.02276433984422306
0.0013824949943012667,0.9794206422947592,0.019196862710939414
0.0006232481125261112,0.9832272975529339,0.016149454334539997
0.00027853867286345657,0.9861594810014216,0.013561980325714963
0.00012359281791346187,0.9885027263885426,0.011373680793543913
0.0,0.9904713203441844,0.00952867965581568
0.0,0.9920247735541541,0.007975226445845978
0.0,0.9931193890130119,0.006880610986988114
0.0,0.9940690856167059,0.00593091438329406
0.0,0.9948895902017014,0.005110409798298602
0.0,0.9955979911759218,0.004402008824078109
0.0,0.9959149025899564,0.004085097410043635
0.0,0.9965094990201042,0.0034905009798957536
0.0,0.9970781695787444,0.002921830421255562
0.0,0.9975548284485316,0.002445171551468357
0.0,0.9979541725900045,0.0020458274099955263
0.0,0.9982886086891455,0.001711391310854432
0.0,0.9985685927678023,0.0014314072321977437
0.0,0.9988029247316957,0.0011970752683043322
0.0,0.9989990021543123,0.001000997845687692
0.0,0.9991630377706058,0.0008369622293942141
0.0,0.9993002450582624,0.0006997549417376322
0.0,0.9994149960244123,0.0005850039755877808
0.0,0.9995109549675825,0.0004890450324175129
0.0,0.9995911915991311,0.00040880840086880455
0.0,0.999658276518647,0.00034172348135300807
0.0,0.9997143616624276,0.0002856383375723738
0.0,0.9997612479978869,0.00023875200211312134
0.0,0.9998004424209134,0.0001995575790865867
0.0,0.9998332055331713,0.00016679446682863117
0.0,0.9998475119428661,0.0001524880571338936
0.0,0.9998775343388183,0.00012246566118169114
0.0,1.0,0.0
