0.05,0.1,0.85
0.05239221505849823,0.09900036933356263,0.8486074156079392
0.06979304112151968,0.09243871065781414,0.8377682482206662
0.07301496665871729,0.0913346142672222,0.8356504190740606
0.1034915617616283,0.08208169318034572,0.814426745058026
0.2019437654250838,0.06064719986215977,0.7374090347127564
0.3292498408623015,0.04260951990241783,0.6281406392352806
0.46090574836418885,0.03019152263405,0.5089027290017613
0.5643557940273303,0.023457794598486383,0.4121864113741834
0.6637691544890044,0.01936854956901407,0.3168622959419815
0.7274652831596041,0.018773220078939647,0.2537614967614563
0.7702864307545916,0.021064785260927966,0.20864878398448045
0.7973948226642958,0.028168942000898856,0.17443623533480535
0.8044252594089444,0.04454148149662422,0.1510332590944315
0.781753145719641,0.0825939682193161,0.13565288606104287
0.6989154260691952,0.17299275250655566,0.12809182142424907
0.5472222272722225,0.3216903139186489,0.1310874588091287
0.4740488444957093,0.3904735421710023,0.13547761333328848
0.3164197278851061,0.5340514530996179,0.14952881901527604
0.19451969340111205,0.6455883002195154,0.15989200637937268
0.09576399039760536,0.7493497438591419,0.15488626574325276
0.06244491184289844,0.7925837880853585,0.14497130007174308
0.013624448785067363,0.8816465410118168,0.10472901020311581
0.006507336639232157,0.9051064853704027,0.08838617799036513
0.0023811162936129447,0.9274059440450104,0.07021293966137664
0.0008016232850028,0.9443168573549663,0.05488151936003096
0.00032465733741078427,0.954842902512135,0.044832440150454254
0.00016401380409042826,0.961311732861428,0.03852425333448157
0.0,0.9681228394927488,0.031877160507251215
0.0,0.9737185602751557,0.026281439724844268
0.0,0.978395220105514,0.02160477989448601
0.0,0.982283096662381,0.017716903337618918
0.0,0.9855009072962728,0.01449909270372716
0.0,0.9881543074286905,0.011845692571309527
0.0,0.9903356034202107,0.00966439657978934
0.0,0.9921242666560007,0.007875733343999216
0.0,0.9933520661933594,0.006647933806640594
0.0,0.9942104871608111,0.005789512839189011
0.0,0.9951051924635292,0.00489480753647075
0.0,0.9958791692353767,0.004120830764623284
0.0,0.9965319580758039,0.003468041924196059
0.0,0.9970821854248714,0.0029178145751286573
0.0,0.9975457170198329,0.002454282980167212
0.0,0.9979360369108472,0.0020639630891528564
0.0,0.9982645835497375,0.0017354164502626109
0.0,0.9985410448954226,0.0014589551045773577
0.0,0.9987736155040566,0.001226384495943311
0.0,0.9989692190842081,0.0010307809157919453
0.0,0.9991337001645271,0.0008662998354729084
0.0,0.9992729215881819,0.0007270784118181676
0.0,0.9993898071151429,0.0006101928848570648
0.0,0.9994909645529142,0.0005090354470857334
0.0,0.9995824180775935,0.00041758192240648516
0.0,0.9996667100182158,0.0003332899817842018
0.0,0.99974402222605,0.0002559777739499999
0.0,0.9997805402643187,0.00021945973568130136
0.0,0.9998655615321984,0.0001344384678015436
0.0,1.0,0.0
