0.25,0.1,0.65
0.2569842386904842,0.09809931604630993,0.6449164452632059
0.29748899448721366,0.08788242029609583,0.6146285852166905
0.3047956160708261,0.08617464302204693,0.6090297409071269
0.3630058762717572,0.0738530512664077,0.5631410724618351
0.5010919423188136,0.05200902333232609,0.44689903434886036
0.6063579500408638,0.04115275767742221,0.352489292281714
0.6491257094983307,0.038347599563137956,0.3125266909385314
0.6527179545817126,0.038168928418343046,0.3091131169999444
0.6784834536183678,0.03722853339602095,0.28428801298561135
0.7358665865064447,0.03914142686671813,0.22499198662683728
0.754945910281329,0.04353838362271603,0.20151570609595498
0.755866545312251,0.043902662308217315,0.2002307923795318
0.7620531256704395,0.04718811350519057,0.1907587608243699
0.766005893633615,0.07439196017593243,0.15960214619045257
0.7652602133945544,0.07606279953747626,0.15867698706796923
0.7648050993819441,0.07702943928065331,0.15816546133740267
0.7602895842368789,0.08534485435928477,0.1543655614038364
0.706932909666606,0.15178775213046836,0.1412793382029256
0.7051050107951305,0.15378586715503645,0.141109122049833
0.689473023656975,0.17058939312331628,0.1399375832197087
0.5746918732893644,0.28589982250959783,0.13940830420103797
0.5746918732893643,0.2858998225095978,0.13940830420103795
0.5715033268497373,0.288981112816896,0.13951556033336676
0.5454447984744497,0.3139856115840805,0.14056958994146973
0.4016033250315341,0.4470240266895138,0.15137264827895217
0.39823238705238173,0.4500509178287081,0.15171669511891023
0.3717406496356193,0.4737131449550486,0.15454620540933214
0.2526316393807382,0.5784212095833108,0.16894715103595098
0.25013274421372184,0.5806244357357594,0.16924282005051866
0.23081523890074562,0.5977452820174944,0.17143947908175994
0.1487011810720674,0.6746892381432433,0.17660958078468933
0.14703101944386815,0.6763801160929186,0.17658886446321329
0.13411253485617003,0.6897258522524797,0.1761616128913503
0.07823834946473418,0.7552297073974509,0.16653194313781491
0.07717492230765646,0.7566477236741205,0.16617735401822314
0.06899419689915837,0.7678552084246254,0.1631505946762162
0.033901855312556434,0.8245351314386508,0.1415630132487928
0.03333117911693893,0.8256315738769541,0.14103724700610698
0.02901765640637682,0.8342094034982969,0.1367729400953264
0.011563791111070565,0.8777324267640385,0.11070378212489107
0.011331377213050256,0.8784876376936004,0.11018098509334949
0.009609944024062053,0.8843634396694996,0.10602661630643828
0.003148935973578252,0.9150425979400356,0.08180846608638626
0.0030770911399116557,0.9155487705283044,0.081374138331784
0.0025537501405979456,0.919491510277412,0.07795473958198985
0.0009793258909084953,0.936396220490424,0.06262445361866735
0.0003345969705041167,0.9504943322582462,0.049171070771249756
0.0001311124225329087,0.9599589184304432,0.03990996914702376
0.0,0.9677835960841571,0.032216403915842906
0.0,0.9728665493142125,0.027133450685787493
0.0,0.9772289411499234,0.02277105885007659
0.0,0.980929408075374,0.019070591924625985
0.0,0.9840565361574837,0.015943463842516256
0.0,0.986690676809013,0.01330932319098698
0.0,0.9889035223452158,0.01109647765478411
0.0,0.9907581950006635,0.009241804999336476
0.0,0.992309674690404,0.007690325309596051
0.0,0.993364182106686,0.006635817893314058
0.0,0.9938368731440614,0.006163126855938555
0.0,0.9947374841062944,0.005262515893705681
0.0,0.9955634706144112,0.004436529385588771
0.0,0.9962658389854167,0.0037341610145832957
0.0,0.996857994649214,0.0031420053507859734
0.0,0.997356944498739,0.0026430555012610145
0.0,0.9977771552371025,0.0022228447628974473
0.0,0.9981309079522872,0.0018690920477127944
0.0,0.9984286106774231,0.001571389322576951
0.0,0.9984347657327048,0.0015652342672951164
0.0,0.9984485128295312,0.0015514871704687767
0.0,0.9985542481740982,0.0014457518259017893
0.0,0.9991785302209878,0.0008214697790122465
0.0,0.9996316929691814,0.00036830703081864555
0.0,0.9998402976242613,0.0001597023757387975
0.0,1.0,0.0
