0.05,0.15,0.8
0.052226775176077975,0.1486650719856575,0.7991081528382645
0.06792670556847205,0.14004213333723256,0.7920311610942954
0.07086738394105396,0.13855427764316358,0.7905783384157824
0.09854136196267263,0.12596825929293454,0.7754903787443929
0.19809643168244986,0.09303889180963631,0.7088646765079138
0.30695998825379334,0.06881711750716672,0.6242228942390399
0.439214289039582,0.04864676344436656,0.5121389475160514
0.5462186556238628,0.0374046070652662,0.416376737310871
0.6492305714601835,0.030485845003359557,0.3202835835364569
0.7147028577021916,0.029271873469232143,0.2560252688285764
0.7567884184731328,0.03260476268821854,0.21060681883864862
0.78041093020399,0.04322970961768817,0.17635936017832182
0.7790368054165339,0.06783980560019862,0.1531233889832675
0.7327245682037363,0.12910643289813156,0.13816899889813206
0.6944285757248391,0.1703339321091539,0.13523749216600706
0.6041467844786889,0.2610730006732824,0.13478021484802877
0.45654350401370547,0.400868219345917,0.14258827664037754
0.32503685168220464,0.5194112005612519,0.15555194775654343
0.2197201256262769,0.6133531643211635,0.1669267100525595
0.11886148305888933,0.7128991894440964,0.16823932749701437
0.08246331941836635,0.7562359851523602,0.16130069542927333
0.028864658105381094,0.8396305040829406,0.13150483781167835
0.013450188901940016,0.8760162403167664,0.11053357078129346
0.0036350605193767663,0.9147051443250034,0.08165979515561993
0.0023206605956488354,0.924012031169519,0.07366730823483224
0.0012304576800800853,0.9350165044887913,0.06375303783112869
0.00047767401505684366,0.9480187308228867,0.05150359516205649
0.00017706894542492585,0.958548464068798,0.04127446698577711
0.0,0.9656910461217422,0.03430895387825785
0.0,0.9715878117649891,0.02841218823501094
0.0,0.9765422761619462,0.023457723838053824
0.0,0.9806821492425423,0.01931785075745774
0.0,0.9841253545532629,0.01587464544673714
0.0,0.9865318379946558,0.013468162005344182
0.0,0.9885855065949519,0.01141449340504809
0.0,0.9903346976628262,0.009665302337173758
0.0,0.9918220919401544,0.008177908059845657
0.0,0.993085090694094,0.006914909305905946
0.0,0.9936427951780665,0.006357204821933465
0.0,0.9945807700264757,0.005419229973524219
0.0,0.9954328679440353,0.004567132055964736
0.0,0.9961563278939894,0.0038436721060105565
0.0,0.9967662301961572,0.0032337698038428842
0.0,0.9972800944587015,0.00271990554129853
0.0,0.9977128267604815,0.0022871732395186467
0.0,0.9980770831238552,0.0019229168761447089
0.0,0.9983835904036528,0.0016164095963472618
0.0,0.9986414270457331,0.0013585729542669382
0.0,0.9988582669681726,0.0011417330318273752
0.0,0.9990405901753582,0.0009594098246419189
0.0,0.9991941282956359,0.0008058717043641258
0.0,0.9993256902378834,0.0006743097621165734
0.0,0.9994358626315594,0.0005641373684406831
0.0,0.9995345624393998,0.00046543756060020923
0.0,0.9996251980536961,0.0003748019463039567
0.0,0.9997087353113145,0.00029126468868545416
0.0,0.999748750684721,0.0002512493152789985
0.0,0.9998393301951382,0.00016066980486188314
0.0,1.0,0.0
