0.6,0.15,0.25
0.6013562158238844,0.1501829434391254,0.2484608407369903
0.6056192213984162,0.15102371797795297,0.24335706062363097
0.6056192213984161,0.15102371797795294,0.2433570606236309
0.606752176980486,0.15133059975763094,0.241917223261883
0.6140311097475709,0.1547359769779463,0.23123291327448273
0.6056933402987749,0.20065446108450083,0.19365219861672434
0.4899025976143947,0.3278338131622156,0.18226358922338978
0.38014643483659405,0.4245432116352238,0.19531035352818218
0.29025832115019407,0.49023667845577723,0.2195050003940287
0.24009379847084011,0.5107414230320334,0.24916477849712634
0.24819755234296623,0.4651175610590209,0.28668488659801283
0.2688167227799327,0.4342546951207612,0.2969285820993061
0.3211935217861119,0.37301531612281247,0.30579116209107565
0.40792172210593963,0.2991899534579972,0.29288832443606316
0.47540118315754937,0.2632091249067046,0.261389691935746
0.49717402526838644,0.26893865888797036,0.2338873158436432
0.46775597554671405,0.3135719864989868,0.2186720379542992
0.3918733420376742,0.38125548686790084,0.22687117109442498
0.35243714681248217,0.3977595854167431,0.24980326777077463
0.3744242396578715,0.3606312995835193,0.2649444607586091
0.42347578044663636,0.31969210859572955,0.2568321109576341
0.44153771803560543,0.3149485089685536,0.243513772995841
0.4298481814684339,0.3344130234279174,0.2357387951036487
0.39935231756184714,0.36013048851053414,0.24051719392761867
0.3906626078388274,0.35918629803265995,0.2501510941285126
0.4090064047265537,0.33954236885070094,0.2514512264227455
0.4210220824830581,0.33443912856875463,0.24453878894818734
0.4117798507509993,0.3456703865458747,0.24254976270312603
0.4027799329666416,0.350170477123393,0.24704958990996545
0.4101791373204208,0.3421152164518588,0.24770564622772054
0.41261073116204117,0.3425851632647528,0.24480410557320598
0.4072704105606363,0.34661699811862584,0.24611259132073782
0.41018010949437267,0.3433442521088521,0.24647563839677528
0.40982752763335617,0.3445633752317696,0.24560909713487425
0.4094722761809964,0.34426884279318787,0.2462588810258157
0.40949615486941565,0.34457183100821887,0.24593201412236543
0.40972983884388053,0.34425549880169815,0.24601466235442138
0.40955786410697215,0.34439459369910036,0.2460475421939276
0.4095705923031175,0.3444016621484986,0.24602774554838394
0.40958606260539576,0.3443895417619096,0.2460243956326947
0.4095897422688487,0.34438651171019513,0.24602374602095622
0.4095880109336876,0.3443884128974681,0.24602357616884432
0.40959141706938007,0.344385036392162,0.2460235465384579
0.4095878138084155,0.3443885817042637,0.24602360448732083
0.4095912770781782,0.34438518277589936,0.24602354014592243
0.40958785233856543,0.3443885405032606,0.24602360715817395
0.4095912250836174,0.3443852347574091,0.2460235401589735
0.4095897295169025,0.3443867006490073,0.24602356983409016
