0.65,0.15,0.2
0.6497189061870615,0.1510798195539191,0.19920127425901937
0.6483888615120541,0.15520914845286443,0.19640199003508146
0.6479474482507144,0.15637675680067553,0.19567579494861012
0.6432147899822462,0.16642713491665242,0.19035807510110136
0.5551607333828579,0.2723623582265508,0.17247690839059143
0.41252861028234744,0.4057937880066186,0.18167760171103392
0.2795555243231102,0.5110686510492686,0.20937582462762128
0.2214686478910973,0.5478707952308594,0.23066055687804338
0.1796407350784323,0.5593766951335387,0.26098256978802903
0.18364414434882645,0.5302178481116887,0.2861380075394849
0.23807786752921384,0.4460295564701825,0.3158925760006037
0.3335234588805727,0.34355023586647454,0.32292630525295274
0.4197136509498163,0.278091681703304,0.30219466734687983
0.48669156724026824,0.24482284728403653,0.26848558547569523
0.5180504838474213,0.24659547446666089,0.23535404168591792
0.4989324413671343,0.28614884029390675,0.2149187183389588
0.4066090675698392,0.37585402853827005,0.2175369038918908
0.3402697886934729,0.41516258327888944,0.24456762802763768
0.3446212211220275,0.3900038952393741,0.26537488363859846
0.39578479051512205,0.335394232104994,0.2688209773798839
0.4431073037405013,0.3059629785256454,0.25092971773385325
0.4455942355179406,0.3190029457423038,0.23540281873975566
0.4119375857788584,0.35338878197698154,0.23467363224416005
0.3847857457952218,0.3678429253213293,0.24737132888344882
0.3986714642511017,0.3470190951002586,0.2543094406486397
0.4222291703171118,0.3305357194308727,0.2472351102520155
0.42079558131468137,0.3375200828784039,0.24168433580691479
0.4049474448396256,0.3514479599452476,0.24360459521512692
0.4023261803024432,0.3491889199092647,0.24848489978829202
0.41267078213383823,0.3400309611725707,0.2472982566935911
0.4131590654998137,0.342416417908764,0.24442451659142242
0.4068166645140233,0.34729167013734935,0.24589166534862736
0.40957394655539225,0.34359065153306334,0.24683540191154438
0.41049208978222795,0.3440619984949023,0.24544591172286973
0.4089725358843908,0.34467309787252043,0.24635436624308885
0.4098503926435111,0.3443161550477788,0.24583345230871023
0.40964213029764657,0.3442633783679277,0.2460944913344257
0.4095068352341255,0.3444446658646487,0.24604849890122565
0.40956761102932115,0.3444115694137253,0.24602081955695362
0.40958526678986257,0.344391722876967,0.24602301033317048
0.40958911242562324,0.34438716907538536,0.24602371849899138
0.4095896260018317,0.3443867886163952,0.24602358538177316
0.40958958025014236,0.3443868503291707,0.24602356942068696
0.40958956349289144,0.34438686500463345,0.24602357150247517
0.40958995081462957,0.3443864330292741,0.2460236161560963
0.4095895487550929,0.3443868724937797,0.24602357875112735
