0.05,0.2,0.75
0.05205711004126236,0.19843495988335716,0.7495079300753805
0.06607689317765242,0.18851762875131073,0.7454054780710369
0.06873779868272127,0.1867602998302903,0.7445019014869885
0.09362383953231172,0.17176554068372904,0.7346106197839593
0.16900258724231784,0.13648597897115994,0.6945114337865222
0.2738326560895781,0.10178753931584318,0.6243798045945788
0.40427276661374995,0.07212482158765803,0.5236024117985921
0.5158891062641027,0.054612190203404194,0.42949870353249303
0.623929855514889,0.043472293596398946,0.33259785088871213
0.6949802158525968,0.040608054711168476,0.26441172943623475
0.7387258145567793,0.044116508104284205,0.21715767733893643
0.761500524431612,0.05677174239494219,0.18172773317344593
0.7558235595451381,0.0864977772376483,0.15767866321721355
0.6929139561041092,0.16464823321747302,0.14243781067841782
0.5640582765169898,0.29452470117028295,0.14141702231272724
0.4017633570500034,0.4451833040284566,0.1530533389215401
0.25717377071490166,0.5721992991431711,0.17062693014192729
0.17054972523547915,0.6504379069872951,0.17901236777722582
0.0765599572363592,0.7546205945237234,0.16881944823991732
0.032967170084162466,0.8240154963242435,0.14301733359159396
0.015804639614164014,0.8632828277040154,0.1209125326818205
0.0060884568276815725,0.8971558095495084,0.09675573362281013
0.0036900427288378613,0.9101871732212471,0.08612278404991507
0.0019728556115049963,0.9234796996118162,0.0745474447766789
0.0007117185677721114,0.9401819883616678,0.05910629307056012
0.0003068841044480147,0.9507713275546239,0.048921788340928064
0.00012792911848518023,0.9596140605148668,0.040258010366648174
0.0,0.9670299686722883,0.03297003132771162
0.0,0.973109855358798,0.026890144641202016
0.0,0.9773670707933512,0.022632929206648812
0.0,0.9803358462102577,0.019664153789742317
0.0,0.9834936179648514,0.01650638203514857
0.0,0.9862001892711404,0.013799810728859531
0.0,0.9884777083059006,0.011522291694099381
0.0,0.9903897051802008,0.009610294819799315
0.0,0.9919916793816242,0.008008320618375754
0.0,0.993331677139705,0.006668322860294961
0.0,0.9944509841753915,0.005549015824608483
0.0,0.9953848607047091,0.004615139295290883
0.0,0.9961632695821001,0.003836730417899838
0.0,0.9968115665438841,0.00318843345611578
0.0,0.9973511350980764,0.0026488649019236923
0.0,0.9977999577207091,0.0022000422792909043
0.0,0.9981731213356041,0.0018268786643958965
0.0,0.998304876198066,0.0016951238019340114
0.0,0.9985510339559772,0.0014489660440228226
0.0,0.9987868926173534,0.0012131073826465463
0.0,0.9989844678481786,0.0010155321518213933
0.0,0.9991499410076649,0.0008500589923351308
0.0,0.9992895859016985,0.0007104140983016166
0.0,0.9994114634829363,0.000588536517063763
0.0,0.9995210484463601,0.00047895155363981946
0.0,0.9996228385991908,0.00037716140080925616
0.0,0.9997197715042927,0.0002802284957072618
0.0,0.9998124299362784,0.00018757006372160096
0.0,0.999896502269078,0.0001034977309220299
0.0,1.0,0.0
