0.25,0.25,0.5
0.2548360966386683,0.24683651790180458,0.49832738545952715
0.27983271135302334,0.2311794942757708,0.4889877943712059
0.28489788925781256,0.22814396991498134,0.4869581408272061
0.3260578418273331,0.20507990879982185,0.46886224937284504
0.4629758451544367,0.1460622164362734,0.39096193840928994
0.5655762243279191,0.11778426618403498,0.31663950948804603
0.6324615689292198,0.11043688280500558,0.25710154826577475
0.6639652955885049,0.1216600502772529,0.21437465413424217
0.6561520439297773,0.1594571677106273,0.18439078835959544
0.581494186271875,0.24982097945724133,0.1686848342708836
0.46053670187294715,0.36704440194029314,0.17241889618675968
0.396697356012315,0.4234031086757139,0.17989953531197114
0.3030156650675365,0.49957522635858403,0.19740910857387942
0.2232968532465125,0.5568908425479986,0.21981230420548903
0.16413201600245583,0.5935023739263489,0.2423656100711953
0.13334552309719003,0.6106203632197268,0.25603411368308315
0.11083672616162427,0.6252709374412301,0.26389233639714565
0.09877794007674509,0.6375850766417187,0.2636369832815362
0.08291467043613379,0.6606544655420116,0.2564308640218547
0.060770178204198375,0.701486596117376,0.23774322567842562
0.04150802987630521,0.7438831866749239,0.21460878344877085
0.020974333595940097,0.8004630184813851,0.17856264792267476
0.009527636780719325,0.8450360299956097,0.14543633322367094
0.00487202566443609,0.8721720189314891,0.1229559554040748
0.0015047182058354164,0.90584762994821,0.09264765184595462
0.0005334562372346215,0.9266956594238966,0.0727708843388688
0.00028412105189034475,0.9367073102917426,0.06300856865636713
0.0001304156619325906,0.9470297510513637,0.05283983328670383
0.0,0.9566398874859978,0.04336011251400212
0.0,0.9646118479097988,0.035388152090201165
0.0,0.9712470200012961,0.0287529799987039
0.0,0.9767251366394128,0.023274863360587116
0.0,0.9803886867175051,0.019611313282494817
0.0,0.9835034093776239,0.01649659062237616
0.0,0.9861433417768103,0.013856658223189705
0.0,0.988374972177355,0.01162502782264496
0.0,0.9902572388995009,0.009742761100499112
0.0,0.9918418362666956,0.008158163733304382
0.0,0.9929340807155271,0.007065919284472785
0.0,0.9934251208086811,0.006574879191318898
0.0,0.994385165193027,0.005614834806972975
0.0,0.9952671202746668,0.004732879725333152
0.0,0.9960170521637376,0.00398294783626247
0.0,0.9966492767248072,0.003350723275192813
0.0,0.9971819411445416,0.0028180588554584042
0.0,0.9976304909656085,0.0023695090343914395
0.0,0.9980080438657042,0.0019919561342957768
0.0,0.9983257203122651,0.0016742796877349338
0.0,0.9985929333223454,0.0014070666776545913
0.0,0.9988176404754752,0.0011823595245249146
0.0,0.999009093197167,0.0009909068028329429
0.0,0.9991748591078959,0.0008251408921039834
0.0,0.9993217516399384,0.0006782483600616008
0.0,0.999450456256483,0.0005495437435170343
0.0,0.9995709967624797,0.00042900323752025754
0.0,0.9996835939745393,0.0003164060254606466
0.0,0.9997380677781563,0.0002619322218436718
0.0,0.9998535929453937,0.0001464070546063498
0.0,1.0,0.0
