0.3,0.25,0.45
0.3046219547478399,0.24704061561469565,0.44833742963746454
0.3270279776146006,0.23324761333896957,0.43972440904642984
0.3317342503064981,0.23046415608154236,0.4378015936119595
0.3692499585437703,0.20961969499779945,0.4211303464584303
0.4934527336658997,0.15616607128700452,0.35038119504709575
0.5849428082471849,0.13320449776222826,0.28185269399058677
0.6325654872817074,0.13615250781236438,0.23128200490592837
0.6367724864020069,0.16674779089712244,0.19647972270087066
0.5760476468926464,0.24700915665268902,0.17694319645466464
0.46596786877689933,0.3555866222728681,0.17844550895023262
0.34960447490443675,0.455057133424181,0.19533839167138212
0.2826143441482067,0.5044983163094671,0.21288733954232636
0.2189702709021677,0.5396199994789979,0.24140972961883447
0.20074160052948434,0.5245729641471708,0.2746854353233448
0.22567973672404495,0.4756993133224749,0.29862094995348015
0.2476837067587699,0.44445135797421825,0.30786493526701186
0.31270483874557314,0.3700259265382607,0.317269234716166
0.40379090634621,0.29370794531842037,0.3025011483353697
0.4778169822394075,0.2533082883969417,0.26887472936365087
0.5096625163922947,0.25285011921588335,0.2374873643918221
0.4927544677359717,0.2899168915615434,0.21732864070248487
0.41597850585264495,0.3660753353388427,0.21794615880851234
0.35010776122248244,0.40883571837466715,0.2410565204028504
0.34549825068797213,0.3938534852721037,0.2606482640399243
0.3914003621985661,0.34092238507606965,0.2676772527253643
0.43989994236781355,0.30914947929133535,0.25095057834085105
0.4451478410871471,0.3170871697755992,0.23776498913725372
0.4228477909026718,0.34305581785043987,0.23409639124688836
0.38878698738132234,0.36650633542204986,0.24470667719662784
0.3963321966009676,0.3500719120182823,0.2535958913807501
0.4209998380330976,0.3316908833268972,0.24730927864000524
0.4193813068094961,0.33868947386430276,0.2419292193262011
0.40348382057068977,0.3517728270157145,0.24474335241359574
0.4052158887555193,0.3461381850532788,0.2486459261912019
0.4142671518688698,0.34025804521149033,0.24547480291963986
0.4084190494433396,0.3464569522945589,0.24512399826210143
0.40846757237134135,0.3446036245542149,0.2469288030744437
0.41064104677779245,0.3438516252866753,0.24550732793553232
0.40880740463290866,0.3449035900859968,0.24628900528109454
0.4100646180862388,0.34405888824394926,0.24587649366981193
0.40939931323548967,0.34447735931420653,0.24612332745030382
0.4095640707414779,0.34445039367842295,0.24598553558009922
0.4096209561861976,0.3443698683943746,0.2460091754194279
0.40958813420388585,0.3443813970470822,0.24603046874903198
0.4095896743056764,0.3443801992099539,0.24603012648436978
0.40959979822236886,0.3443737756438462,0.24602642613378503
0.4095835242081395,0.3443906881216148,0.24602578767024572
0.40958989354595315,0.34438542916366394,0.24602467729038302
0.4095838315976689,0.3443928649288588,0.2460233034734723
0.4095929421935036,0.34438416602233024,0.24602289178416614
0.40959281339488857,0.344384418345429,0.24602276825968247
0.4095905199559821,0.34438700246537657,0.2460224775786414
0.4095901287234407,0.34438659785910497,0.2460232734174543
0.40958892015729037,0.34438754780353076,0.2460235320391789
0.40958984045351343,0.34438651003833753,0.24602364950814903
0.4095864171123734,0.34438993149365077,0.24602365139397575
0.40958956456969264,0.34438686108706545,0.24602357434324199
0.4095895664457561,0.3443868603161885,0.24602357323805532
