0.45,0.25,0.3
0.4522441374699791,0.24884502661394636,0.29891083591607454
0.46010188028191745,0.24493336900086604,0.29496475071721645
0.46224708945237575,0.24390258769811185,0.2938503228495124
0.47834126145761763,0.23672903946275478,0.2849296990796275
0.5312975792076247,0.2276336986629707,0.24106872212940475
0.5204701035209718,0.2669795111600916,0.2125503853189366
0.42642654257329393,0.3637354739520182,0.20983798347468796
0.34557113708380427,0.42253776980182595,0.23189109311436987
0.32468262289195127,0.4274983113164297,0.24781906579161905
0.3357094441696687,0.393969151725336,0.2703214041049953
0.391267052643273,0.33530995322384427,0.2734229941328827
0.4447836431173654,0.3006382801624235,0.25457807672021115
0.45530850106184984,0.3086608902833869,0.23603060865476327
0.4240244796093835,0.34485763462685204,0.23111788576376446
0.38425471278532275,0.37258088103275094,0.24316440618192636
0.3874283424366536,0.3574532163766849,0.2551184411866615
0.4168224155398614,0.33150277018092655,0.251674814279212
0.42572450652287097,0.3320291786780318,0.24224631479909733
0.4095679922712674,0.3489625141803173,0.24146949354841524
0.39949831730001945,0.3526739996429871,0.2478276830569935
0.40987742524681225,0.34141858836081973,0.248703986392368
0.41498652228550004,0.3405152927294819,0.24449818498501805
0.407279762905448,0.3475033437277222,0.24521689336682986
0.4081515714838558,0.34466469370502034,0.247183734811124
0.4113534620299059,0.3431992802808777,0.24544725768921638
0.4083692669490716,0.34551164435487786,0.24611908869605062
0.410206187991561,0.3437054099396492,0.2460884020687898
0.4093101578875982,0.34475490000898656,0.2459349421034153
0.40977939738847813,0.3441646673482276,0.24605593526329433
0.40945889533960594,0.3444988660432178,0.24604223861717642
0.40961210873566406,0.3443856797975437,0.24600221146679233
0.4096054465846621,0.3443754807080234,0.24601907270731463
0.4095926019630309,0.3443847786674927,0.2460226193694764
0.4095896923752201,0.3443868606777031,0.2460234469470769
0.40958955908576095,0.34438686895718235,0.24602357195705665
0.40958941809683586,0.3443868242678758,0.2460237576352883
0.40958893595049617,0.344387325507743,0.24602373854176082
0.4095895671325583,0.3443868596114435,0.2460235732559983
0.409589564608046,0.3443868623766377,0.2460235730153163
