0.5,0.25,0.25
0.5007467213634048,0.2500674958589828,0.24918578277761239
0.5026597598196598,0.25038979073977174,0.2469504494405684
0.5032838852060274,0.2505529622560472,0.24616315253792537
0.5070779114078292,0.25271926821570356,0.24020282037646717
0.4853175155339004,0.29824648434292494,0.21643600012317477
0.3949456279860526,0.3822738212656751,0.22278055074827238
0.34405666472401863,0.40632476349734004,0.24961857177864136
0.37040401169263604,0.3616414184354384,0.26795456987192556
0.4159320536431003,0.3221273392005583,0.26194060715634143
0.4442492111872443,0.30938166687355717,0.24636912193919863
0.43859926206889177,0.32619570592811814,0.23520503200299012
0.4040614775079,0.3583463379402132,0.2375921845518869
0.38694179878322527,0.3643459781280808,0.24871222308869398
0.40098489255076575,0.3455899644963998,0.25342514295283447
0.4222244251496909,0.33198043079408485,0.24579514405622432
0.4163234064318217,0.34193026745298555,0.2417463261151927
0.4030087839037744,0.3518360715184551,0.24515514457777043
0.40567505781293844,0.34571935903231804,0.24860558315474363
0.41417953341078473,0.3402359545187379,0.24558451207047727
0.4089956272908952,0.3460528206664082,0.24495155204269659
0.408139515077197,0.3449478001130059,0.2469126848097972
0.4109696324353639,0.34343039681007254,0.24559997075456355
0.40867473064390725,0.34514799573904137,0.24617727361705144
0.4101238564197089,0.34391960612724004,0.24595653745305107
0.40929961003474713,0.34461130842980847,0.24608908153544426
0.40966511957298624,0.34436559374648545,0.24596928668052817
0.4096359406212602,0.3443421893242271,0.2460218700545127
0.4095972176176707,0.34437723490055333,0.246025547481776
0.40959128741240136,0.34438533544923455,0.2460233771383641
0.4095894813801858,0.34438709209300905,0.24602342652680517
0.40958911050451324,0.3443872961111929,0.24602359338429394
0.4095897455894796,0.34438664429028665,0.24602361012023385
0.40958995422531214,0.3443864914714222,0.24602355430326578
0.409589377954248,0.3443870531085632,0.2460235689371887
0.4095898170333793,0.344386624562487,0.24602355840413373
