0.4,0.3,0.3
0.4019755309643393,0.29860829283499774,0.29941617620066296
0.4088065588226923,0.2938997545580796,0.2972936866192281
0.4107504667093908,0.2925895131898226,0.2966600201007865
0.42584703280536945,0.28287419624678384,0.29127877094784665
0.47894568536461607,0.25682751490031563,0.2642267997350684
0.47894568536461596,0.2568275149003156,0.26422679973506835
0.48016116994038865,0.2564558129554778,0.2633830171041337
0.4888114826586633,0.25439188846521554,0.2567966288761213
0.5046442930603594,0.25993216951472276,0.23542353742491795
0.504720971291564,0.2604619377129097,0.23481709099552614
0.5042879801853645,0.26539017153150035,0.2303218482831352
0.4530912105348416,0.3310671185690221,0.21584167089613637
0.38712749552240144,0.3867322449409048,0.22614025953669376
0.3494131767881042,0.40470680777119866,0.24588001544069726
0.3615629897289351,0.3731945667269369,0.26524244354412796
0.41327023510427907,0.32483077665419147,0.2618989882415295
0.4419400508210845,0.31085851294210504,0.2472014362368104
0.44223033110457155,0.31089251872855367,0.24687715016687486
0.44395211408830465,0.3116604448663131,0.24438744104538226
0.43047888698779924,0.33477664822108477,0.23474446479111594
0.39384653414722104,0.36396668439308416,0.24218678145969486
0.3932982374718583,0.35410911082782837,0.2525926517003134
0.4164729262200227,0.3340600974858387,0.24946697629413847
0.41984685027988294,0.3326033061714764,0.24754984354864068
0.42003086494459285,0.33255661977925044,0.24741251527615676
0.4212163305292507,0.33244911198348726,0.246334557487262
0.4155708503475955,0.34248738960708386,0.24194176004532067
0.40215047996009756,0.35122777737301675,0.24662174266688575
0.4100915180447594,0.34201256905657684,0.24789591289866372
0.4126115152935171,0.34046580481941013,0.24692267988707273
0.412711550273199,0.3404218408056991,0.24686660892110188
0.41337849828167983,0.340205161395335,0.24641634032298512
0.4110068084528927,0.3443742018209763,0.24461898972613097
0.40767143958858815,0.3455045723814188,0.24682398802999317
0.4110671070570067,0.3432048191156149,0.2457280738273785
0.40872418267735483,0.34522553113827736,0.24605028618436794
0.4100650038858583,0.34389385093150054,0.24604114518264106
0.4092975328355987,0.344653542653116,0.2460489245112853
0.40970719043060055,0.3443183345108575,0.245974475058542
0.4096224117829565,0.34434446947629127,0.24603311874075232
0.40959290650742763,0.34437941658128524,0.24602767691128719
0.40958993438559516,0.34438615888337765,0.24602390673102734
0.409588591960243,0.3443876871763769,0.24602372086338006
0.40958862097621196,0.3443876065241212,0.24602377249966687
0.4095894638917278,0.3443866786500905,0.24602385745818175
0.409589476275263,0.3443868918707538,0.2460236318539832
0.4095898047916101,0.3443865478381665,0.24602364737022334
0.4095898529404765,0.34438652898201233,0.2460236180775111
0.4095897907167134,0.34438674899163013,0.24602346029165653
0.40958959148819224,0.34438686033549515,0.24602354817631267
0.40958929091608126,0.34438714063729586,0.24602356844662282
0.40958951009253686,0.344386907590302,0.24602358231716107
0.40958859691996735,0.34438781347212755,0.24602358960790507
0.4095895667438067,0.34438685997880214,0.24602357327739116
0.4095895648183992,0.34438686193016504,0.2460235732514358
