0.05,0.05,0.9
0.050088754235683146,0.04999918092372489,0.8999120648405919
0.05028283016385358,0.04999736805718577,0.8997198017789606
0.05037195549863945,0.04999652554977537,0.8996315189515852
0.05108878569252686,0.04998952359697454,0.8989216907104987
0.053170102895805094,0.049966997882514366,0.8968628992216805
0.05326292975758408,0.04996591980270489,0.896771150439711
0.05400932307427328,0.04995703127284481,0.8960336456528819
0.060217059004964664,0.04986910680432483,0.8899138341907106
0.10194676454585322,0.04885708658307504,0.8491961488710718
0.1468529644066774,0.04733565601448529,0.8058113795788374
0.17918766219107102,0.04610222082080044,0.7747101169881285
0.1973843587043963,0.04538815183602369,0.75722748945958
0.20459024912560422,0.045126513257449236,0.7502832376169466
0.20646448077843135,0.045091478391444104,0.7484440408301246
0.20659967130047177,0.04509456782506777,0.7483057608744604
0.20660252558005984,0.045094665846307815,0.7483028085736323
0.20662458410123088,0.04509548291131765,0.7482799329874515
0.20675950792386852,0.045103782424309215,0.7481367096518223
0.2069483688812972,0.04520543712847827,0.7478461939902246
0.20695024443938323,0.04529065828691052,0.7477590972737063
0.2069502199742248,0.045290934044687405,0.7477588459810879
0.20695002094443637,0.04529314036437124,0.7477568386911924
0.20694825870602362,0.04531080562750139,0.747740935666475
0.2069311214716455,0.0454527381842981,0.7476161403440564
0.20678882134044133,0.04659136623937289,0.7466198124201858
0.20639835752671715,0.04973705688256797,0.7438645855907149
0.20509292982808938,0.06024722338336543,0.7346598467885451
0.2021747086656184,0.08375085670611847,0.7140744346282631
0.2021746096666942,0.08375165384480235,0.7140737364885035
0.20217381763194414,0.08375803146466691,0.7140681509033889
0.20216747835062326,0.08380908512695238,0.7140234365224244
0.2021165238455214,0.08421962157417898,0.7136638545802997
0.20169151641757543,0.08764432610918386,0.7106641574732406
0.19668588668885878,0.12800740403677252,0.6753067092743686
0.19101206928684528,0.17383787962196123,0.6351500510911935
0.18076766094587107,0.25675428083651464,0.5624780582176143
0.1611012920195488,0.41648003600570127,0.42241867197474997
0.14411764656537426,0.5548376790751013,0.30104467435952453
0.1306556845141303,0.6646096106607274,0.20473470482514222
0.11882416883022758,0.7609926385590462,0.12018319261072619
0.11209022780314566,0.81573119777429,0.07217857442256424
0.10653567819127122,0.8607725771276131,0.03269174468111571
0.10368937560627658,0.8838012044749413,0.012509419918782162
0.1027912369684855,0.8910592134476958,0.006149549583818768
0.10233122288924389,0.8947749242175616,0.002893852893194511
0.10210853531723772,0.8965732235973114,0.0013182410854509462
0.10200691650002407,0.8973937456605833,0.0005993378393927382
0.10196067825685157,0.8977670765499928,0.00027224519315575117
0.10193966715018034,0.8979367175843694,0.00012361526545024638
0.10193584574631093,0.898064154253689,0.0
0.10192838973451133,0.8980716102654887,0.0
0.10192500521645194,0.898074994783548,0.0
0.10192346892632365,0.8980765310736764,0.0
0.10192277158828843,0.8980772284117116,0.0
0.10192245506139605,0.898077544938604,0.0
0.10192231138792873,0.8980776886120713,0.0
0.10192224617375843,0.8980777538262416,0.0
0.10192221657271275,0.8980777834272873,0.0
0.1019222031366475,0.8980777968633525,0.0
0.10192219703794825,0.8980778029620518,0.0
0.1019221942697217,0.8980778057302783,0.0
0.10192219301320816,0.8980778069867918,0.0
0.1019221924428701,0.89807780755713,0.0
0.10192219218399212,0.8980778078160079,0.0
0.10192219206649064,0.8980778079335093,0.0
0.10192219201315175,0.8980778079868482,0.0
0.1019221919888591,0.8980778080111409,0.0
0.10192219197747401,0.898077808022526,0.0
0.10192219197242776,0.8980778080275722,0.0
0.10192219197074735,0.8980778080292527,0.0
0.10192219196978518,0.8980778080302149,0.0
0.10192219196922934,0.8980778080307708,0.0
0.1019221919689962,0.8980778080310038,0.0
0.10192219196889159,0.8980778080311085,0.0
0.10192219196884307,0.8980778080311569,0.0
0.10192219196882689,0.8980778080311731,0.0
0.10192219196882134,0.8980778080311786,0.0
0.1019221919688218,0.8980778080311782,0.0
0.10192219196882554,0.8980778080311745,0.0
0.10192219196882106,0.898077808031179,0.0
0.10192219196882224,0.8980778080311779,0.0
