0.35,0.35,0.3
0.34934015296454474,0.35032387370368195,0.3003359733317733
0.3477535695064707,0.3511024408826252,0.3011439896109041
0.34710343083509027,0.35142140386541465,0.3014751652994951
0.3420215158281317,0.3539131736836419,0.30406531048822644
0.30782012443745066,0.3706157684087462,0.32156410715380307
0.2562718766933706,0.3955942476714133,0.34813387563521603
0.21749182389511282,0.4143012988341035,0.3682068772707838
0.19407214308760817,0.42572693116709054,0.3802009257453013
0.17726736005353766,0.43425919524849776,0.38847344469796447
0.16669963585524422,0.4402164464415104,0.39308391770324536
0.16045597841701628,0.44482163492154914,0.39472238666143455
0.1577988658045706,0.4485429992928866,0.3936581349025428
0.15668918658648534,0.45293474779547754,0.39037606561803706
0.15574467301363915,0.46010105254510786,0.3841542744412531
0.15381883993221332,0.4757666178082685,0.37041454225951825
0.14570586245898928,0.541888018135916,0.31240611940509483
0.12716149112872635,0.6930923034202762,0.17974620545099743
0.11448408795097166,0.7962863668813434,0.08922954516768493
0.11039188376381191,0.8295153887761932,0.06009272745999485
0.10557039482714739,0.8685868062006681,0.025842798972184534
0.10326597425263849,0.8872233340848055,0.009510691662556123
0.10283159480211512,0.8907331753378833,0.0064352298600015324
0.1023949344536883,0.8942603726030628,0.003344692943248921
0.1021348730481153,0.8963605503536562,0.0015045765982285037
0.10201764777594421,0.89730709869492,0.0006752535291358855
0.10196498878889117,0.8977322734665961,0.0003027377445126824
0.10194137035697988,0.8979229661688003,0.00013566347421993316
0.1019369802971976,0.8980630197028024,0.0
0.10192881671614343,0.8980711832838566,0.0
0.10192515959375452,0.8980748404062454,0.0
0.10192352133303662,0.8980764786669634,0.0
0.10192278746206275,0.8980772125379373,0.0
0.10192245872147429,0.8980775412785257,0.0
0.10192231146120265,0.8980776885387973,0.0
0.10192224549565679,0.8980777545043432,0.0
0.10192221594625642,0.8980777840537435,0.0
0.10192220270955142,0.8980777972904487,0.0
0.10192219678014544,0.8980778032198545,0.0
0.10192219412406052,0.8980778058759394,0.0
0.10192219293426437,0.8980778070657357,0.0
0.1019221924012903,0.8980778075987097,0.0
0.10192219216255001,0.8980778078374501,0.0
0.10192219209847905,0.8980778079015209,0.0
0.10192219203223003,0.8980778079677699,0.0
0.10192219199678408,0.8980778080032159,0.0
0.10192219198094196,0.898077808019058,0.0
0.10192219197405913,0.8980778080259408,0.0
0.10192219197107959,0.8980778080289203,0.0
0.10192219196978743,0.8980778080302126,0.0
0.10192219196923555,0.8980778080307645,0.0
0.1019221919689839,0.8980778080310161,0.0
0.10192219196888626,0.8980778080311137,0.0
0.10192219196884443,0.8980778080311556,0.0
0.10192219196882973,0.8980778080311703,0.0
0.10192219196882377,0.8980778080311763,0.0
0.1019221919688224,0.8980778080311776,0.0
0.10192219196882289,0.8980778080311772,0.0
0.10192219196882134,0.8980778080311786,0.0
0.10192219196881633,0.8980778080311838,0.0
