0.2,0.4,0.4
0.19988864050732683,0.40005147561936516,0.4000598838733081
0.19973141393162197,0.40012416822140384,0.400144417846974
0.19973141393162203,0.40012416822140395,0.40014441784697413
0.19962080579409133,0.4001753177693841,0.4002038764365245
0.19874924223294696,0.4005786793220253,0.4006720784450278
0.1971620838514319,0.40131475411563183,0.4015231620329363
0.19705862761277784,0.40136280703894783,0.4015785653482743
0.196243327295551,0.4017418271336844,0.40201484557076456
0.19043711062267205,0.4044613838219693,0.40510150555535857
0.17417706575996642,0.41247470934811287,0.4133482248919207
0.1653938407408133,0.4177336573891467,0.41687250187004005
0.1617826697961891,0.4212117657226043,0.4170055644812065
0.16027997696120438,0.4247840348955488,0.41493598814324684
0.1600550332619249,0.42586786195386395,0.41407710478421117
0.1600534547366309,0.4258764250415334,0.4140701202218357
0.16004092299982522,0.4259448943413473,0.4140141826588275
0.1599461555929443,0.4264906729696184,0.4135631714374373
0.15934638317141633,0.4308116063533984,0.40984201047518537
0.15877569028004093,0.4354088369439853,0.4058154727759738
0.1587746416830196,0.4354173682467866,0.40580799007019375
0.15876625232079014,0.43548562428856225,0.40574812339064764
0.15869909921171177,0.4360320323725134,0.40526886841577486
0.1581592369856924,0.4404263017086722,0.40141446130563546
0.15366939045347128,0.47698283129092695,0.36934777825560194
0.14595289458246974,0.5398588090916565,0.3141882963258738
0.14595174199740515,0.5398682757242929,0.3141799822783019
0.14594251965178834,0.539944011646417,0.3141134687017946
0.1458686431824896,0.5405500766803295,0.3135812801371809
0.14527405233119373,0.5454081918600608,0.3093177558087455
0.14046881318880672,0.5846954947846552,0.27483569202653796
0.13227023680341132,0.6517667896293705,0.2159629735672181
0.1322689989584291,0.6517757043366714,0.2159552967048994
0.13225911729941528,0.6518470044966749,0.21589387820390982
0.1321813029747901,0.6524163604629934,0.21540233656221647
0.13160242756433158,0.6569280416239196,0.21146953081174882
0.12928181007588788,0.6756595911161504,0.19505859880796184
0.12443010508502893,0.7153358843042998,0.16023401061067127
0.12027421351732315,0.7491914645423174,0.13053432194035944
0.12027340228221708,0.7491980672739731,0.1305285304438099
0.1202669132357632,0.7492508823719537,0.13048220439228314
0.120215054236235,0.7496729706739268,0.1301119750898382
0.11980359183297608,0.7530219199097073,0.12717448825731664
0.11673300246852339,0.7780030918591561,0.10526390567232066
0.1118425547941177,0.8177402596539539,0.07041718555192841
0.11184205526117769,0.8177443200110308,0.07041362472779157
0.11183805967244613,0.8177767968488884,0.07038514347866548
0.1118061384255359,0.8180362262816682,0.07015763529279592
0.11155364330831079,0.8200870125570097,0.06835934413467938
0.10972045537248525,0.8349644420547524,0.05531510257276242
0.10688043294339447,0.8579868841538013,0.0351326829028043
0.10688016211693133,0.8579890609500244,0.035130776933044366
0.10687799620645076,0.8580064712210014,0.035115532572547854
0.10686071288526615,0.8581454921408571,0.03499379497387676
0.10672492637569155,0.8592413629058433,0.034033710718465116
0.10575922062392734,0.8670543766029283,0.027186402773144297
0.10428969201416317,0.878939947101888,0.01677036088394876
0.10428956183334642,0.8789410195688154,0.016769418597838193
0.10428852038893192,0.8789495974638756,0.016761882147192528
0.10428018993329824,0.8790181020463567,0.01670170802034511
0.10421396428782388,0.8795582839920463,0.01622775172012987
0.10374127143554657,0.8833836793784327,0.012875049186020778
0.1026548868651527,0.8921756972140097,0.005169415920837591
0.10221103573955846,0.8957462836571439,0.0020426806032976526
0.10203581089248145,0.8971604777030432,0.0008037114044753026
0.10196681922570683,0.89771749607378,0.00031568470051323606
0.10193970911310517,0.8979363788269539,0.00012391205994101822
0.10193603993289788,0.8980639600671021,0.0
0.10192848188445204,0.898071518115548,0.0
0.10192504511435299,0.8980749548856469,0.0
0.10192386006396537,0.8980761399360346,0.0
