0.4,0.4,0.2
0.3990842966330586,0.400572388478655,0.2003433148882864
0.39664750351313327,0.4020952323532197,0.20125726413364706
0.395747319780754,0.40265766282742965,0.2015950173918164
0.3887256230223362,0.4070424028093293,0.20423197416833447
0.34214329615024036,0.43602266593243155,0.22183403791732811
0.2797221722767811,0.4745718156941723,0.24570601202904657
0.23134945793570846,0.5042491922511116,0.26440134981318003
0.20131469095291993,0.5227007580330989,0.27598455101398106
0.1785747628466195,0.5368777254550624,0.2845475116983181
0.16290177774416212,0.5470665110491092,0.2900317112067287
0.15207400640860444,0.5548947477195156,0.29303124587188
0.14625911176416978,0.5603722799754272,0.29336860826040306
0.14351086003635344,0.5650596053885643,0.29142953457508236
0.14229958828913714,0.5702933431574716,0.28740706855339127
0.14120934205824437,0.5785717088675612,0.28021894907419437
0.1391234143438126,0.5955608165399653,0.2653157691162221
0.13127677176178354,0.6595438361351218,0.20917939210309472
0.1153007404688607,0.7896489450043404,0.09505031452679903
0.10825558226992209,0.8468390590436139,0.04490535868646404
0.1044991759287793,0.877253823679064,0.018247000392156664
0.10306749326922185,0.8888272374442729,0.008105269286505328
0.10251931569862373,0.893255757957927,0.004224926343449268
0.10221315879787035,0.8957283769213397,0.0020584642807899133
0.102063605009217,0.8969360205180309,0.001000374472752175
0.10199083278818516,0.8975236074688443,0.00048555974297058695
0.10195548907988325,0.8978089731932354,0.00023553772688140518
0.10193833927447973,0.8979474384173889,0.00011422230813151395
0.1019356669436289,0.898064333056371,0.0
0.10192872499929045,0.8980712750007096,0.0
0.10192535929690551,0.8980746407030944,0.0
0.10192372753085831,0.8980762724691417,0.0
0.10192293642595887,0.898077063574041,0.0
0.10192255288900562,0.8980774471109944,0.0
0.10192236694623583,0.8980776330537642,0.0
0.10192227679946302,0.898077723200537,0.0
0.10192223309547983,0.8980777669045201,0.0
0.10192221190734446,0.8980777880926555,0.0
0.10192220163520695,0.898077798364793,0.0
0.10192219665518519,0.8980778033448148,0.0
0.10192219523181421,0.8980778047681858,0.0
0.1019221935451225,0.8980778064548774,0.0
0.10192219266276913,0.8980778073372309,0.0
0.10192219226977331,0.8980778077302267,0.0
0.10192219209901661,0.8980778079009833,0.0
0.10192219202514703,0.8980778079748529,0.0
0.10192219199316796,0.8980778080068321,0.0
0.10192219197934106,0.898077808020659,0.0
0.1019221919733588,0.8980778080266413,0.0
0.10192219197078378,0.8980778080292162,0.0
0.10192219196965532,0.8980778080303446,0.0
0.10192219196917564,0.8980778080308244,0.0
0.1019221919689682,0.8980778080310318,0.0
0.10192219196887747,0.8980778080311226,0.0
0.1019221919688411,0.8980778080311589,0.0
0.1019221919688236,0.8980778080311764,0.0
0.10192219196882384,0.8980778080311761,0.0
0.10192219196882044,0.8980778080311795,0.0
0.10192219196881991,0.8980778080311801,0.0
0.10192219196881856,0.8980778080311814,0.0
0.1019221919688138,0.8980778080311863,0.0
