0.45,0.4,0.15
0.448833625074024,0.40080528221203787,0.15036109271393813
0.4454700135838676,0.40312700696207154,0.15140297945406095
0.4454700135838675,0.40312700696207143,0.15140297945406092
0.44432538437717106,0.40391689408931347,0.15175772153351558
0.43541161324410416,0.4100648005533101,0.15452358620258577
0.3769533006388789,0.4502356341578439,0.1728110652032771
0.3050441784702551,0.49929634420100055,0.1956594773287443
0.2486690570973282,0.5374844456407922,0.2138464972618796
0.21327543417422118,0.5614064720952932,0.22531809373048572
0.1858750607135697,0.5800321664538043,0.23409277283262597
0.16626340082066504,0.5936426269395891,0.2400939722397459
0.15178158867835206,0.6042573738670579,0.24396103745459014
0.14311419315276977,0.6115315541326634,0.24535425271456685
0.13838631343129787,0.6170157506792457,0.24459793588945633
0.1362943243235298,0.6218159843338872,0.24188969134258306
0.13519555943374983,0.62787954062303,0.23692489994322022
0.13387486203320692,0.6383666512301593,0.2277584867366337
0.1308416210415368,0.6630930978133318,0.2060652811451314
0.12428082714206695,0.7165637376343883,0.1591554352235448
0.11239228084239342,0.81327875095534,0.07432896820226659
0.10620968290533257,0.863412044244531,0.03037827285013646
0.10386536701509645,0.8823785141280602,0.013756118856843346
0.10278364762542276,0.8911205241643537,0.0060958282102236
0.10230024633109804,0.8950250898894786,0.0026746637794234055
0.10208735553351257,0.8967442450542285,0.0011683994122590182
0.10199420505482291,0.8974963798058109,0.00050941513936626
0.10195356317795845,0.8978245229765683,0.00022191384547316046
0.10194570466353202,0.898054295336468,0.0
0.10193242870822138,0.8980675712917786,0.0
0.10192664856582669,0.8980733514341733,0.0
0.10192413212838629,0.8980758678716136,0.0
0.10192303660214222,0.8980769633978578,0.0
0.1019225596721199,0.8980774403278801,0.0
0.1019223520448099,0.8980776479551901,0.0
0.10192226165628532,0.8980777383437146,0.0
0.1019222223065484,0.8980777776934515,0.0
0.10192220517603616,0.8980777948239639,0.0
0.10192219771844109,0.8980778022815589,0.0
0.1019221944718643,0.8980778055281358,0.0
0.10192219305849151,0.8980778069415085,0.0
0.10192219244320248,0.8980778075567974,0.0
0.10192219217533942,0.8980778078246606,0.0
0.1019221920587326,0.8980778079412673,0.0
0.1019221920281424,0.8980778079718577,0.0
0.10192219199786673,0.8980778080021333,0.0
0.10192219198162439,0.8980778080183756,0.0
0.10192219197436561,0.8980778080256344,0.0
0.10192219197121198,0.898077808028788,0.0
0.10192219196984073,0.8980778080301592,0.0
0.10192219196925428,0.8980778080307458,0.0
0.10192219196900133,0.8980778080309987,0.0
0.10192219196888835,0.8980778080311117,0.0
0.10192219196884993,0.8980778080311501,0.0
0.10192219196883318,0.8980778080311668,0.0
0.10192219196882035,0.8980778080311796,0.0
0.10192219196882096,0.898077808031179,0.0
0.10192219196881684,0.8980778080311832,0.0
0.10192219196882368,0.8980778080311763,0.0
0.1019221919688179,0.8980778080311821,0.0
