0.5,0.4,0.1
0.4985760404269573,0.4010964606027204,0.10032749897032232
0.49414549431728133,0.40450725267110405,0.10134725301161461
0.49274975825901923,0.40558149995647363,0.1016687417845071
0.4818925806833947,0.41393394046403537,0.10417347885256989
0.4112707082254494,0.46809082731308815,0.12063846446146242
0.3297574576524313,0.5302138122132444,0.14002873013432432
0.2736544083866512,0.5727269190011034,0.1536186726122455
0.2294772468345022,0.6060932603540554,0.16442949281144242
0.19659945231700865,0.6309406867638844,0.1724598609191071
0.17148092029752743,0.6500818969807445,0.17843718272172818
0.15418423504055465,0.6635718580832273,0.1822439068762181
0.14118400093911712,0.6743047913783141,0.1845112076825688
0.13352134998026174,0.6815823492006169,0.18489630081912134
0.12941507064842192,0.6870324186258308,0.18355251072574733
0.12760719481586952,0.6918312962816647,0.18056150890246567
0.12658391805859234,0.6979851338144571,0.17543094812695065
0.12531557308921737,0.7081379376425285,0.1665464892682541
0.12222449748633275,0.7333125973066282,0.144462905207039
0.11236527048765846,0.8134954830597716,0.07413924645256999
0.10657822617079635,0.860427866459634,0.032993907369569676
0.10385040857990324,0.8824995072199782,0.013650084200118595
0.10269898955888827,0.8918044256997126,0.005496584741399162
0.10229163190800522,0.8950946581719234,0.002613709920071292
0.10209726989768242,0.8966641858911686,0.0012385442111490855
0.10200502213193828,0.8974090405106759,0.0005859373573858502
0.10196134771970967,0.8977616710867999,0.00027698119349044495
0.10194069475710205,0.897928420743037,0.00013088449986078333
0.10193723727970029,0.8980627627202996,0.0
0.1019292994086224,0.8980707005913776,0.0
0.10192554946414685,0.8980744505358531,0.0
0.1019237780047196,0.8980762219952804,0.0
0.1019229411872161,0.8980770588127839,0.0
0.10192254588695303,0.8980774541130471,0.0
0.10192235915362283,0.8980776408463771,0.0
0.10192227094398419,0.8980777290560158,0.0
0.10192222927527746,0.8980777707247226,0.0
0.1019222095917104,0.8980777904082895,0.0
0.10192220029359172,0.8980777997064082,0.0
0.1019221959012471,0.8980778040987529,0.0
0.10192219382641514,0.8980778061735849,0.0
0.1019221932455347,0.8980778067544654,0.0
0.10192219258435445,0.8980778074156456,0.0
0.10192219223971144,0.8980778077602886,0.0
0.10192219208628871,0.8980778079137114,0.0
0.1019221920196314,0.8980778079803686,0.0
0.10192219199079652,0.8980778080092036,0.0
0.10192219197831073,0.8980778080216892,0.0
0.10192219197291709,0.8980778080270829,0.0
0.10192219197057793,0.898077808029422,0.0
0.1019221919695802,0.8980778080304198,0.0
0.10192219196913434,0.8980778080308657,0.0
0.10192219196895101,0.898077808031049,0.0
0.10192219196887228,0.8980778080311277,0.0
0.10192219196883841,0.8980778080311616,0.0
0.10192219196882296,0.898077808031177,0.0
0.10192219196882257,0.8980778080311774,0.0
0.10192219196881795,0.8980778080311821,0.0
0.10192219196882245,0.8980778080311775,0.0
0.10192219196882342,0.8980778080311766,0.0
0.10192219196882231,0.8980778080311776,0.0
