0.55,0.4,0.05
0.5483195562707409,0.40146175915000654,0.05021868457925238
0.5426870828452275,0.40636047941923736,0.05095243773553524
0.5410407837800755,0.4077920877204071,0.05116712849951749
0.5282406369058624,0.4189195343360697,0.05283982875806791
0.44535415315749244,0.49082551668623764,0.06382033015626999
0.3520711033243987,0.5714393878625907,0.07648950881301064
0.28045015792374195,0.6330927649924788,0.0864570770837792
0.2349232200592895,0.6721906339871615,0.09288614595354905
0.1988164325815029,0.7031909214013276,0.09799264601716956
0.17185308251989803,0.726415799193188,0.10173111828691399
0.15030750291942052,0.7451712955679984,0.104521201512581
0.13566485588944463,0.7582610035678695,0.10607414054268588
0.12617310728456807,0.7672765501200857,0.10655034259534629
0.12045152961340684,0.7735615730340853,0.10598689735250785
0.11763801562300016,0.7779740714959772,0.10438791288102243
0.1163380850213956,0.7822550892354461,0.10140682574315837
0.11551317576799996,0.78797202699653,0.09651479723547009
0.11426680027760266,0.798052238110303,0.0876809616120944
0.11105002726640525,0.8241717232556086,0.06477824947798619
0.10587748225842106,0.866101102708215,0.02802141503336386
0.10368194971332499,0.88386126832554,0.012456781961135071
0.10292159373841801,0.8900060610162083,0.007072345245373738
0.1024061867380371,0.8941694947034284,0.0034243185585344908
0.10215043729440075,0.896234869497806,0.0016146932077931871
0.10202620401363678,0.8972380132776787,0.0007357827086845088
0.10196953752453053,0.897695547166058,0.0003349153094114353
0.10194373233748874,0.8979038959748306,0.00015237168768065536
0.10193905477157857,0.8980609452284214,0.0
0.10192986099104294,0.898070139008957,0.0
0.10192567966388415,0.8980743203361159,0.0
0.10192377807290683,0.8980762219270931,0.0
0.10192291327962526,0.8980770867203748,0.0
0.10192251999770353,0.8980774800022965,0.0
0.10192234114559681,0.8980776588544032,0.0
0.10192225980949642,0.8980777401905036,0.0
0.10192222282051136,0.8980777771794887,0.0
0.10192220599914431,0.8980777940008557,0.0
0.10192219834934946,0.8980778016506505,0.0
0.1019221948704723,0.8980778051295277,0.0
0.10192219328839792,0.8980778067116021,0.0
0.1019221925689161,0.8980778074310839,0.0
0.10192219224172339,0.8980778077582766,0.0
0.10192219209292688,0.8980778079070731,0.0
0.1019221920252615,0.8980778079747385,0.0
0.10192219199448545,0.8980778080055146,0.0
0.10192219198049451,0.8980778080195054,0.0
0.10192219197413262,0.8980778080258673,0.0
0.10192219197239753,0.8980778080276025,0.0
0.10192219197057428,0.8980778080294257,0.0
0.10192219196958564,0.8980778080304144,0.0
0.10192219196913867,0.8980778080308613,0.0
0.10192219196895125,0.8980778080310488,0.0
0.10192219196887181,0.8980778080311281,0.0
0.10192219196883934,0.8980778080311607,0.0
0.10192219196882452,0.8980778080311755,0.0
0.10192219196881992,0.8980778080311801,0.0
0.10192219196881684,0.8980778080311832,0.0
0.10192219196882063,0.8980778080311794,0.0
0.10192219196882345,0.8980778080311765,0.0
0.10192219196882377,0.8980778080311762,0.0
