0.3,0.45,0.25
0.29951965348822757,0.4502872810581058,0.25019306545366665
0.29845486845324015,0.4509240272978402,0.2506211042489197
0.29798054586621947,0.45120764325381013,0.25081181087997045
0.29426363716171394,0.4534294692159639,0.25230689362232217
0.26880692060622574,0.4686169558918005,0.26257612350197373
0.224955463902959,0.49470711442359394,0.28033742167344705
0.1926194564796603,0.5140336256244168,0.2933469178959228
0.17326257909512763,0.5258912011574471,0.30084621974742526
0.1596984504233608,0.5347360106655171,0.3055655389111222
0.1514771345396357,0.5409718218538756,0.3075510436064886
0.14686343638095758,0.5460347890057944,0.30710177461324806
0.14494144477010754,0.550626978949277,0.30443157628061546
0.1439069033263621,0.5567374743412917,0.2993556223323461
0.14255065153512214,0.5676172993780381,0.28983204908683974
0.1392253431212586,0.594725910210875,0.26604874666786643
0.13130389449919924,0.6593239601619033,0.20937214533889748
0.11846748827527961,0.7638959282458345,0.11763658347888578
0.11008332448019204,0.8320186942745083,0.05789798124529959
0.10562362487384931,0.8681560172383369,0.026220357887813676
0.10351118261131763,0.8852415761739256,0.011247241214756823
0.10290736124005152,0.8901210496876113,0.0069715890723372545
0.10241084707341484,0.8941318555835377,0.0034572973430474457
0.10215496086549179,0.8961983414601556,0.0016466976743526119
0.10203069686824959,0.8972017365150564,0.0007675666166939499
0.10197269162855739,0.8976700809562579,0.00035722741518477783
0.10194568315166186,0.8978881454160503,0.00016617143228775974
0.10194099486893977,0.8980590051310602,0.0
0.10193093518010984,0.8980690648198901,0.0
0.10192625738038054,0.8980737426196195,0.0
0.10192408227522581,0.8980759177247741,0.0
0.10192307090465622,0.8980769290953438,0.0
0.10192260064645273,0.8980773993535474,0.0
0.10192238199086467,0.8980776180091353,0.0
0.10192228032294146,0.8980777196770586,0.0
0.10192223305062195,0.898077766949378,0.0
0.10192221107053118,0.8980777889294688,0.0
0.10192220085049893,0.898077799149501,0.0
0.10192219609851345,0.8980778039014866,0.0
0.1019221938889942,0.8980778061110057,0.0
0.10192219286164379,0.8980778071383562,0.0
0.10192219238395114,0.8980778076160489,0.0
0.10192219216184153,0.8980778078381584,0.0
0.10192219205856913,0.8980778079414308,0.0
0.10192219201055547,0.8980778079894445,0.0
0.1019221919882251,0.8980778080117748,0.0
0.10192219197784419,0.8980778080221559,0.0
0.10192219197497028,0.8980778080250297,0.0
0.1019221919718497,0.8980778080281504,0.0
0.10192219197014454,0.8980778080298554,0.0
0.10192219196938501,0.898077808030615,0.0
0.10192219196905247,0.8980778080309476,0.0
0.10192219196891474,0.8980778080310853,0.0
0.10192219196885892,0.898077808031141,0.0
0.10192219196883215,0.8980778080311679,0.0
0.10192219196882026,0.8980778080311798,0.0
0.10192219196882031,0.8980778080311796,0.0
0.10192219196882146,0.8980778080311785,0.0
0.10192219196882378,0.8980778080311762,0.0
0.10192219196882359,0.8980778080311764,0.0
0.10192219196882181,0.8980778080311782,0.0
