0.35,0.45,0.2
0.3493017680204854,0.45045507913945976,0.20024315284005484
0.34758293418487696,0.4515751707293727,0.20084189508575032
0.34689514828903006,0.45202330238729366,0.2010815493236763
0.34151886854258656,0.45552488663383434,0.2029562448235791
0.30532520082889125,0.47903514215644455,0.21563965701466428
0.25130951827568304,0.513944376032929,0.23474610569138804
0.2101118287501989,0.5405007318261971,0.249387439423604
0.18474748070676672,0.5569815374830107,0.2582709818102226
0.16593752719421545,0.5695309679770917,0.26453150482869286
0.15340698071569617,0.5784636840146894,0.2681293352696146
0.14523275899214605,0.5853273604238775,0.2694398805839765
0.14120218692447561,0.5903675319807915,0.268430281094733
0.13940255731429022,0.5953007976925148,0.26529664499319505
0.13838382108026576,0.6017368733293446,0.25987930559038963
0.13694781080710183,0.6133047383319679,0.24974745086093036
0.13339931097013114,0.6422392029327422,0.22436148609712678
0.1161594711865486,0.7826675609470045,0.10117296786644699
0.10850952756562987,0.8447806978777834,0.046709774556586744
0.1047388533834054,0.8753148525324664,0.019946294084128163
0.10328211291380733,0.887092921584675,0.009624965501517563
0.10257043182462165,0.8928428892227226,0.004586678952655733
0.10221281913960037,0.8957311206370447,0.0020560602233548908
0.10205206315075509,0.8970292154514901,0.0009187213977548607
0.10198014149792378,0.8976099300135436,0.00040992848853269135
0.10194803247590528,0.8978691770858143,0.00018279043828030647
0.10194201790857296,0.8980579820914271,0.0
0.1019310284673451,0.8980689715326549,0.0
0.1019261303014368,0.8980738696985633,0.0
0.1019239472157645,0.8980760527842355,0.0
0.10192297424702718,0.8980770257529728,0.0
0.10192254061344198,0.898077459386558,0.0
0.10192234735204982,0.8980776526479503,0.0
0.10192226121966375,0.8980777387803363,0.0
0.10192222283237314,0.8980777771676269,0.0
0.10192220572401707,0.898077794275983,0.0
0.10192219809920375,0.8980778019007962,0.0
0.10192219470099295,0.898077805299007,0.0
0.10192219318649101,0.898077806813509,0.0
0.10192219251151396,0.8980778074884861,0.0
0.10192219221068993,0.89807780778931,0.0
0.10192219207661302,0.8980778079233869,0.0
0.10192219201686098,0.898077807983139,0.0
0.1019221920008883,0.8980778079991117,0.0
0.1019221919846681,0.8980778080153319,0.0
0.10192219197581338,0.8980778080241866,0.0
0.10192219197184549,0.8980778080281545,0.0
0.10192219197011886,0.8980778080298811,0.0
0.10192219196937206,0.8980778080306279,0.0
0.10192219196905405,0.8980778080309461,0.0
0.10192219196891428,0.8980778080310857,0.0
0.10192219196885181,0.8980778080311482,0.0
0.1019221919688314,0.8980778080311687,0.0
0.10192219196882527,0.8980778080311748,0.0
0.10192219196881756,0.8980778080311824,0.0
0.10192219196882082,0.8980778080311792,0.0
0.10192219196882059,0.8980778080311794,0.0
0.10192219196881845,0.8980778080311816,0.0
0.1019221919688221,0.8980778080311779,0.0
