0.4,0.45,0.15
0.39906362528369377,0.45066943654267494,0.15026693817363135
0.3965465692073767,0.4524686269555324,0.15098480383709093
0.39562614664777923,0.45312643054793605,0.15124742280428474
0.3884463016595917,0.45825558982727754,0.15329810851313078
0.34079907451594865,0.4921984838076015,0.1670024416764499
0.27710662719196305,0.537322438961137,0.1855709338469
0.22755411403414072,0.5722597785782952,0.200186107387564
0.19659081524603292,0.5941160645421834,0.20929312021178373
0.17289621297306354,0.611028635713074,0.21607515131386246
0.15625205962213323,0.6232828630377725,0.22046507734009432
0.14435810380430056,0.632742297010818,0.22289959918488153
0.13760492070823496,0.63923645570949,0.22315862358227517
0.1341755258563017,0.6443728266563008,0.22145164748739754
0.1326819773275937,0.6494267469134983,0.217891275758908
0.13164546174512465,0.6566119156548864,0.211742622599989
0.1300429801957099,0.6696052588151038,0.20035176098918625
0.1253975725955875,0.7074650467255407,0.16713738067887188
0.11294463071866503,0.8087929272929496,0.07826244198838521
0.1064113037082916,0.861779609981608,0.03180908631010043
0.10346588695859224,0.8856076713597207,0.010926441681687007
0.10261965095147435,0.8924453184045926,0.004935030643933075
0.10223487025941701,0.8955530482625809,0.002212081478002093
0.10206055723980346,0.8969606287397,0.000978814020496582
0.10198332253097289,0.8975842454058985,0.00043243206312858527
0.10194918057125124,0.89785990715522,0.0001909122735287262
0.10194269304021784,0.8980573069597821,0.0
0.10193123846768706,0.898068761532313,0.0
0.10192618377605422,0.8980738162239458,0.0
0.10192395334449472,0.8980760466555053,0.0
0.1019229691665325,0.8980770308334675,0.0
0.10192253490219304,0.898077465097807,0.0
0.10192234328571656,0.8980776567142835,0.0
0.10192225873627883,0.8980777412637211,0.0
0.1019222214294559,0.8980777785705442,0.0
0.10192220496810725,0.8980777950318928,0.0
0.10192219770465231,0.8980778022953476,0.0
0.1019221944997124,0.8980778055002876,0.0
0.10192219308555678,0.8980778069144433,0.0
0.10192219246156754,0.8980778075384325,0.0
0.10192219218624442,0.8980778078137556,0.0
0.10192219206475646,0.8980778079352435,0.0
0.1019221920111547,0.8980778079888453,0.0
0.10192219199693729,0.8980778080030627,0.0
0.10192219198262814,0.8980778080173719,0.0
0.10192219197490376,0.8980778080250962,0.0
0.10192219197145305,0.898077808028547,0.0
0.10192219196994676,0.8980778080300532,0.0
0.1019221919693006,0.8980778080306994,0.0
0.1019221919690251,0.8980778080309749,0.0
0.10192219196889989,0.8980778080311002,0.0
0.10192219196884954,0.8980778080311504,0.0
0.10192219196882744,0.8980778080311725,0.0
0.10192219196882511,0.8980778080311749,0.0
0.10192219196881917,0.8980778080311808,0.0
0.10192219196881729,0.8980778080311828,0.0
0.10192219196882327,0.8980778080311768,0.0
0.10192219196882411,0.8980778080311759,0.0
0.10192219196881908,0.898077808031181,0.0
