0.45,0.5,0.05
0.44878965060330583,0.5010816304981578,0.05012871889853643
0.4452331476617389,0.5042596395038073,0.05050721283445397
0.44404546019078783,0.5053208414506087,0.05063369835860353
0.4347948235859965,0.513584794541666,0.05162038187233751
0.37405527620183804,0.5677780507609803,0.058166673037181676
0.299275958672054,0.6343370749979651,0.0663869663299808
0.24048147082665186,0.6865454265685449,0.07297310260480337
0.2032623753737108,0.7195729449072037,0.07716467971908554
0.1740281345954396,0.7455658525813496,0.08040601282321092
0.1525433142470658,0.7647989289538542,0.08265775679908001
0.13589688739070066,0.7799612615834048,0.0841418510258945
0.12509586791698304,0.7902172183952453,0.08468691368777172
0.11860676030191024,0.7970118907039481,0.08438134899414178
0.11513508331362698,0.8016639025625275,0.08320101412384552
0.11364382053144882,0.805235286765946,0.08112089270260515
0.112868494183334,0.8095651724271662,0.07756633338949988
0.11198052357899674,0.816625671727286,0.0713938046937173
0.11008456019688066,0.8320083155698362,0.0579071242332831
0.10533655805003563,0.8704780906485244,0.02418535130144004
0.1033725942532487,0.8863615729038742,0.010265832842876969
0.1027956467913673,0.8910235768517096,0.006180776356923039
0.10235315070058924,0.8945978157452015,0.003049033554209376
0.1021241901761556,0.8964467904371076,0.001429019386736766
0.1020166825341982,0.8973148785793084,0.0006684388864935134
0.10196635105982707,0.8977212680767375,0.0003123808634353929
0.10194282008272022,0.897911258323651,0.00014592159362871658
0.1019387731681979,0.8980612268318021,0.0
0.10192993493436626,0.8980700650656337,0.0
0.1019258076301572,0.8980741923698428,0.0
0.10192388032096926,0.8980761196790308,0.0
0.1019229803494316,0.8980770196505684,0.0
0.10192256010431784,0.8980774398956821,0.0
0.10192236387003925,0.8980776361299607,0.0
0.1019222722381954,0.8980777277618046,0.0
0.10192222945065864,0.8980777705493413,0.0
0.10192220947098768,0.8980777905290123,0.0
0.10192220014145659,0.8980777998585434,0.0
0.10192219578503864,0.8980778042149613,0.0
0.10192219375082522,0.8980778062491748,0.0
0.10192219280092212,0.8980778071990779,0.0
0.10192219253741798,0.898077807462582,0.0
0.10192219224425259,0.8980778077557474,0.0
0.10192219209011871,0.8980778079098812,0.0
0.1019221920214245,0.8980778079785755,0.0
0.1019221919915703,0.8980778080084296,0.0
0.1019221919786472,0.8980778080213528,0.0
0.10192219197306818,0.8980778080269318,0.0
0.1019221919706454,0.8980778080293546,0.0
0.10192219196960063,0.8980778080303994,0.0
0.10192219196914681,0.8980778080308531,0.0
0.10192219196895876,0.8980778080310412,0.0
0.10192219196887503,0.898077808031125,0.0
0.10192219196883717,0.8980778080311629,0.0
0.10192219196882527,0.8980778080311747,0.0
0.10192219196881881,0.8980778080311812,0.0
0.10192219196881666,0.8980778080311833,0.0
0.10192219196882053,0.8980778080311794,0.0
0.1019221919688228,0.8980778080311773,0.0
0.1019221919688216,0.8980778080311784,0.0
