0.3,0.55,0.15
0.2994847095865197,0.5503881113496708,0.15012717906380957
0.2983102371988189,0.551272650528225,0.15041711227295607
0.2978015628641328,0.5516557259290258,0.15054271120684146
0.29381560847746374,0.5546569449091221,0.15152744661341427
0.26651728993905116,0.5751866407678915,0.1582960692930573
0.22018693137669612,0.6099700618029492,0.16984300682035472
0.1853990971526552,0.6361534667898867,0.178447436057458
0.1640641216818683,0.6524353705616731,0.18350050775645854
0.1484822672333917,0.6647423908606832,0.1867753419059251
0.13834913346392055,0.6734176725867488,0.1882331939493306
0.13198627344446395,0.6800483164158656,0.18796541013967044
0.128995720097976,0.6850319393280759,0.18597234057394807
0.12762855155409542,0.6902411856105359,0.18213026283536873
0.12662657761947602,0.6974972736968998,0.1758761486836241
0.12491759458092942,0.7113691669054867,0.16371323851358388
0.11999804656325389,0.7514384204167648,0.12856353301998147
0.11081189748602953,0.8261088017158145,0.06307930079815587
0.10577581036450315,0.8669243671444828,0.02729982249101385
0.10369769772192865,0.8837339560859121,0.012568346192159326
0.10304057847693832,0.8890446967517927,0.007914724771268871
0.10247227725865671,0.8936357021627467,0.0038920205785965903
0.10218822999033995,0.8959296879779836,0.0018820820316765323
0.10204792954378387,0.8970625931118422,0.0008894773443739822
0.10198075436067526,0.8976049822069148,0.0004142634324100287
0.10194944841468918,0.8978577452052847,0.0001928063800262079
0.10194401988399648,0.8980559801160034,0.0
0.10193234662665618,0.8980676533733438,0.0
0.10192691590178729,0.8980730840982126,0.0
0.10192438950160726,0.8980756104983928,0.0
0.10192321423464291,0.8980767857653571,0.0
0.10192266751297417,0.8980773324870258,0.0
0.10192241318514308,0.8980775868148569,0.0
0.10192229487540498,0.898077705124595,0.0
0.10192223983943702,0.898077760160563,0.0
0.10192221423752092,0.898077785762479,0.0
0.10192220232788185,0.8980777976721181,0.0
0.10192219678770524,0.8980778032122948,0.0
0.10192219421050029,0.8980778057894998,0.0
0.10192219301160954,0.8980778069883905,0.0
0.10192219245391251,0.8980778075460876,0.0
0.101922192194478,0.898077807805522,0.0
0.10192219207379176,0.8980778079262083,0.0
0.10192219201765222,0.8980778079823478,0.0
0.10192219199153757,0.8980778080084624,0.0
0.10192219197938884,0.8980778080206112,0.0
0.1019221919760256,0.8980778080239743,0.0
0.10192219197236967,0.8980778080276304,0.0
0.10192219197037751,0.8980778080296224,0.0
0.10192219196948098,0.898077808030519,0.0
0.10192219196910136,0.8980778080308986,0.0
0.10192219196893124,0.8980778080310687,0.0
0.10192219196886462,0.8980778080311353,0.0
0.10192219196883016,0.8980778080311699,0.0
0.10192219196882174,0.8980778080311782,0.0
0.10192219196882493,0.898077808031175,0.0
0.10192219196882242,0.8980778080311775,0.0
0.1019221919688165,0.8980778080311835,0.0
0.10192219196882187,0.8980778080311782,0.0
0.10192219196882135,0.8980778080311785,0.0
