0.1,0.6,0.3
0.10005852249228062,0.5999714576947738,0.2999700198129456
0.10014164556667317,0.5999309172480618,0.29992743718526504
0.10020008668146564,0.5999024145636558,0.2998974987548786
0.10066579919126672,0.5996752804446048,0.29965892036412844
0.10427252761181112,0.5979172360296636,0.2978102363585252
0.12523511109008068,0.5880522456637269,0.2867126432461924
0.13587665269784555,0.5845479127073563,0.27957543459479817
0.13965981648932763,0.5873043629826713,0.2730358205280012
0.13954900002765075,0.5915055238299542,0.26894547614239506
0.13849934548754894,0.6006325270226025,0.26086812748984867
0.13609987234078055,0.6202169016405285,0.24368322601869102
0.12773408788455437,0.68842680248014,0.18383910963530556
0.11602880528892877,0.7837301488321997,0.10024104587887156
0.10876778049016132,0.8426871434701794,0.04854507603965935
0.10492494673457102,0.8738094571038925,0.021265596161536338
0.10295116563060167,0.8897671188859003,0.0072817154834980335
0.10240870047647922,0.8941491877848342,0.0034421117386865914
0.10215112328222782,0.8962293270761807,0.0016195496415914179
0.10202508558671666,0.8972470435843269,0.0007278708289564194
0.10196838455742313,0.8977048561605775,0.00032675928199943637
0.10194291874510993,0.897910464767375,0.000146616487514979
0.10193819464318447,0.8980618053568155,0.0
0.10192936974526857,0.8980706302547314,0.0
0.10192541137597565,0.8980745886240243,0.0
0.10192363593418052,0.8980763640658195,0.0
0.1019228396113446,0.8980771603886555,0.0
0.1019224824465967,0.8980775175534033,0.0
0.10192232225249698,0.898077677747503,0.0
0.10192225040299946,0.8980777495970006,0.0
0.10192221817741082,0.8980777818225892,0.0
0.10192220372375972,0.8980777962762403,0.0
0.10192219724107593,0.8980778027589241,0.0
0.10192219433351005,0.89807780566649,0.0
0.1019221930294229,0.8980778069705772,0.0
0.10192219244451768,0.8980778075554823,0.0
0.10192219218218272,0.8980778078178173,0.0
0.10192219206451825,0.8980778079354818,0.0
0.10192219201173407,0.898077807988266,0.0
0.1019221919975651,0.898077808002435,0.0
0.10192219198283183,0.8980778080171682,0.0
0.10192219197499018,0.8980778080250098,0.0
0.1019221919714887,0.8980778080285113,0.0
0.10192219196995975,0.8980778080300403,0.0
0.10192219196930369,0.8980778080306963,0.0
0.1019221919690242,0.8980778080309758,0.0
0.10192219196890238,0.8980778080310976,0.0
0.10192219196884776,0.8980778080311523,0.0
0.10192219196882786,0.8980778080311721,0.0
0.10192219196881813,0.8980778080311819,0.0
0.10192219196882261,0.8980778080311774,0.0
0.10192219196882427,0.8980778080311758,0.0
0.10192219196882404,0.898077808031176,0.0
0.10192219196881923,0.8980778080311808,0.0
0.10192219196882173,0.8980778080311783,0.0
