0.35,0.6,0.05
0.3492442009730778,0.6006875106479652,0.050068288378957
0.3473211631497309,0.6024367256570068,0.05024211119326237
0.34657694569657815,0.6031136459943648,0.05030940830905704
0.3407595062369738,0.6084045043939854,0.05083598936904077
0.30158494837164673,0.6440088094705906,0.054406242157762796
0.24393716745409363,0.6963354847002751,0.059727347845631336
0.19927402692649562,0.7368493487122796,0.06387662436122492
0.17116961450624527,0.7623900769958448,0.06644030849791004
0.14954750327187122,0.7821592457226395,0.06829325100548926
0.13418863908310596,0.7964090274514846,0.06940233346540946
0.1229904578496865,0.8071666171094289,0.06984292504088441
0.11643008821805918,0.8140407813579679,0.069529130423973
0.11298798475379997,0.8185705905161498,0.06844142473005038
0.11157002095192203,0.8218685586652494,0.06656142038282857
0.11089686359521513,0.8255656986192915,0.06353743778549342
0.11012142542460447,0.8317120626683939,0.058166511907001596
0.10842516453537412,0.8454646008037945,0.04611023466083139
0.10579657911428439,0.8667561984011418,0.02744722248457385
0.10345596553793626,0.8856878544381989,0.01085618002386495
0.10265847882705285,0.8921316733477288,0.005209847825218426
0.10227283111909909,0.8952464901071882,0.0024806787737126313
0.1020850102239727,0.8967631821849701,0.0011518075910571157
0.10199767023942162,0.8974684010954382,0.0005339286651402321
0.10195715461568722,0.897795525879056,0.00024731950525683325
0.10193838136313121,0.8979470986441521,0.00011451999271667992
0.10193509171654112,0.8980649082834589,0.0
0.10192816354601839,0.8980718364539817,0.0
0.10192495628798451,0.8980750437120155,0.0
0.10192347159551886,0.8980765284044812,0.0
0.10192278431628933,0.8980772156837107,0.0
0.10192246616974877,0.8980775338302511,0.0
0.10192231889782644,0.8980776811021736,0.0
0.1019222507248826,0.8980777492751174,0.0
0.10192221916728789,0.8980777808327122,0.0
0.10192220455912525,0.8980777954408747,0.0
0.10192219779693913,0.8980778022030609,0.0
0.10192219466666916,0.8980778053333308,0.0
0.10192219321767172,0.8980778067823283,0.0
0.10192219254691885,0.8980778074530812,0.0
0.10192219223644,0.89807780776356,0.0
0.10192219209270054,0.8980778079072994,0.0
0.10192219205310558,0.8980778079468944,0.0
0.10192219201003418,0.8980778079899657,0.0
0.10192219198699094,0.898077808013009,0.0
0.10192219197669153,0.8980778080233084,0.0
0.10192219197222055,0.8980778080277794,0.0
0.10192219197028105,0.8980778080297189,0.0
0.10192219196944663,0.8980778080305534,0.0
0.10192219196908289,0.8980778080309171,0.0
0.10192219196892618,0.8980778080310738,0.0
0.10192219196885818,0.8980778080311418,0.0
0.10192219196883061,0.8980778080311693,0.0
0.10192219196882103,0.898077808031179,0.0
0.10192219196881917,0.8980778080311809,0.0
0.10192219196882067,0.8980778080311793,0.0
0.10192219196882392,0.8980778080311761,0.0
0.10192219196882173,0.8980778080311783,0.0
0.10192219196882293,0.8980778080311771,0.0
