0.8,0.05,0.15
0.7975264619010686,0.05050651326580965,0.15196702483312183
0.786307205924006,0.052797281408859274,0.16089551266713475
0.7838494831316997,0.053297689582921796,0.1628528272853786
0.7645935389964488,0.05720155499164266,0.1782049060119086
0.662674314496347,0.07742384322947184,0.25990184227418117
0.5526602881024402,0.09856538462897865,0.3487743272685813
0.4458054694413364,0.11842610390297653,0.43576842665568716
0.38060912998694907,0.13020194278075295,0.489188927232298
0.32088667103067553,0.1407324907047111,0.5383808382646135
0.2772749486617851,0.14825292267481222,0.5744721286634027
0.24438938798727713,0.153835961839906,0.6017746501728168
0.22165401013555683,0.15768613435404588,0.6206598555103974
0.20685309766278434,0.16025804039661287,0.6328888619406028
0.19770740532266826,0.16201516932068907,0.6402774253566427
0.19372301744625667,0.1630771176452747,0.6431998649084687
0.19242916188022452,0.16394019814962385,0.6436306399701517
0.1921112220277872,0.16503137487490627,0.6428574030973067
0.19183692982343842,0.16716471827797877,0.6409983518985828
0.19098011215817898,0.17409562165712508,0.634924266184696
0.18883758074713883,0.19141947799084416,0.6197429412620171
0.17604973290644754,0.29501133989586015,0.5289389271976923
0.16153861263321842,0.4129214228919109,0.4255399644748707
0.14120038879942853,0.5786256781145889,0.28017393308598254
0.12609887893477112,0.7017538096506803,0.17214731141454848
0.11671585720099596,0.7781432795575536,0.10514086324145047
0.11027910963822382,0.8304302445548302,0.059290645806946
0.10551261287060404,0.8690544375181468,0.02543294961124906
0.10358841634341483,0.8846173145663176,0.011794269090267494
0.10299147225958216,0.8894414716176352,0.007567056122782696
0.10244801517775172,0.8938316623859816,0.0037203224362667695
0.10217510395905076,0.8960356835346734,0.0017892125062756352
0.10204237465878149,0.8971074453370931,0.0008501800041254511
0.1019764542897772,0.897639701088314,0.0003838446219088107
0.10194667730455609,0.8978801187704786,0.0001732039249653128
0.10194120292617617,0.8980587970738239,0.0
0.10193076673565526,0.8980692332643447,0.0
0.10192605944144494,0.898073940558555,0.0
0.10192393628870842,0.8980760637112916,0.0
0.10192297869261875,0.8980770213073812,0.0
0.10192254679627503,0.898077453203725,0.0
0.10192235200257165,0.8980776479974283,0.0
0.10192226414696516,0.8980777358530349,0.0
0.101922224522471,0.898077775477529,0.0
0.10192220665110291,0.898077793348897,0.0
0.10192219859079349,0.8980778014092066,0.0
0.10192219495544763,0.8980778050445524,0.0
0.10192219331584892,0.898077806684151,0.0
0.10192219257634914,0.8980778074236508,0.0
0.10192219224282839,0.8980778077571716,0.0
0.10192219209240529,0.8980778079075947,0.0
0.10192219202455954,0.8980778079754405,0.0
0.10192219199395826,0.8980778080060416,0.0
0.10192219198015387,0.8980778080198462,0.0
0.10192219197393489,0.8980778080260651,0.0
0.1019221919722513,0.8980778080277487,0.0
0.10192219197050928,0.8980778080294907,0.0
0.10192219196955227,0.8980778080304478,0.0
0.10192219196912734,0.8980778080308727,0.0
0.10192219196894405,0.898077808031056,0.0
0.10192219196886361,0.8980778080311365,0.0
0.10192219196883216,0.8980778080311679,0.0
0.1019221919688232,0.8980778080311768,0.0
0.1019221919688223,0.8980778080311778,0.0
0.10192219196882239,0.8980778080311776,0.0
0.10192219196881988,0.8980778080311802,0.0
0.10192219196881876,0.8980778080311813,0.0
0.10192219196881942,0.8980778080311806,0.0
