0.20000000000000004,0.7000000000000001,0.10000000000000002
0.19980379416954383,0.7001679927844492,0.100028213046007
0.19945410107871153,0.7004674104009451,0.1000784885203434
0.19925943930397155,0.7006340900916899,0.1001064706043387
0.19772519268514183,0.701947910153937,0.10032689716092129
0.18677504484679172,0.7113325517179877,0.10189240343522064
0.15933444714098477,0.7349805214111077,0.10568503144790758
0.14030487309336567,0.7517165984931189,0.10797852841351546
0.1293852301481413,0.7617876950266487,0.10882707482521009
0.12241086490004237,0.7689464538581126,0.10864268124184512
0.11865192809866708,0.7739952238953128,0.10735284800602012
0.11700936339536355,0.7780553441613024,0.10493529244333404
0.11613102750366594,0.7830706525130684,0.10079831998326566
0.11509274471866446,0.7913436760647335,0.09356357921660201
0.11285320412078376,0.8095351199023825,0.07761167597683381
0.10702738488327695,0.8567888841883478,0.036183730928375145
0.10361494458568614,0.8844027797780826,0.011982275636231367
0.10258413944013253,0.8927321565088177,0.00468370405104994
0.10224522919172974,0.8954693882857687,0.002285382522501503
0.1020793835157505,0.8968086136310769,0.0011120028531726562
0.10199857430319213,0.8974611004324886,0.0005403252643192574
0.10195928208788704,0.8977783482606208,0.0002623696514922289
0.10194019636069575,0.8979324444063351,0.00012735923296917153
0.10193723132208854,0.8980627686779115,0.0
0.10192949041761859,0.8980705095823814,0.0
0.10192573375754359,0.8980742662424565,0.0
0.10192391070894728,0.8980760892910528,0.0
0.10192302602553104,0.898076973974469,0.0
0.10192259671233249,0.8980774032876675,0.0
0.10192238837885312,0.8980776116211469,0.0
0.10192228728073276,0.8980777127192673,0.0
0.10192223822080265,0.8980777617791974,0.0
0.1019222144135105,0.8980777855864894,0.0
0.10192220286054232,0.8980777971394577,0.0
0.10192219725424295,0.898077802745757,0.0
0.101922194533682,0.898077805466318,0.0
0.10192219321347976,0.8980778067865202,0.0
0.10192219283586244,0.8980778071641375,0.0
0.1019221923881387,0.8980778076118613,0.0
0.10192219215344542,0.8980778078465546,0.0
0.10192219204888042,0.8980778079511196,0.0
0.10192219200345122,0.8980778079965488,0.0
0.10192219198378992,0.8980778080162101,0.0
0.10192219197528667,0.8980778080247133,0.0
0.10192219197160826,0.8980778080283918,0.0
0.1019221919700189,0.898077808029981,0.0
0.1019221919693325,0.8980778080306675,0.0
0.10192219196903388,0.8980778080309662,0.0
0.10192219196890351,0.8980778080310965,0.0
0.10192219196884918,0.8980778080311508,0.0
0.10192219196882549,0.8980778080311745,0.0
0.10192219196882428,0.8980778080311757,0.0
0.10192219196881826,0.8980778080311818,0.0
0.10192219196882044,0.8980778080311796,0.0
0.10192219196882432,0.8980778080311757,0.0
0.10192219196881755,0.8980778080311825,0.0
0.10192219196881963,0.8980778080311803,0.0
