0.15,0.8,0.05
0.14991579845205918,0.8000791576966663,0.05000504385127437
0.14979785284001068,0.8001900437306144,0.05001210342937491
0.14971409432838065,0.8002687929179307,0.05001711275368859
0.149051835948233,0.8008915628709508,0.05005660118081621
0.14421441192378012,0.8054477725753169,0.05033781550090309
0.1276713684966476,0.8211993065289619,0.05112932497439052
0.11747678291845404,0.8312904649826787,0.05123275209886734
0.1124065109434772,0.8368182079259687,0.05077528113055413
0.10985852301005135,0.8403928562205354,0.049748620769413304
0.10883808408080321,0.8431180476175616,0.048043868301635206
0.10833675539081737,0.8462400770264558,0.04542316758272694
0.10762851454134584,0.8519223371435127,0.04044914831514144
0.10601021313829156,0.8650269616997704,0.02896282516193799
0.10328735215020253,0.8870504850950435,0.009662162754753963
0.10253820324577345,0.8931032025357638,0.0043585942184628445
0.10219825184909045,0.895848755358938,0.0019529927919715688
0.10204552072614433,0.8970820411421221,0.0008724381317336561
0.10197721164665875,0.8976335853319232,0.00038920302141813015
0.10194672211861144,0.8978797565237099,0.00017352135767871414
0.10194100976904705,0.898058990230953,0.0
0.10193057800480726,0.8980694219951927,0.0
0.1019259290374636,0.8980740709625364,0.0
0.1019238572953681,0.898076142704632,0.0
0.10192293407330326,0.8980770659266968,0.0
0.10192252266524233,0.8980774773347577,0.0
0.10192233933350094,0.8980776606664991,0.0
0.10192225763733011,0.8980777423626699,0.0
0.10192222123194974,0.8980777787680503,0.0
0.10192220500902908,0.898077794990971,0.0
0.10192219777977597,0.8980778022202239,0.0
0.10192219455829277,0.8980778054417072,0.0
0.10192219312272785,0.8980778068772721,0.0
0.10192219248302714,0.8980778075169729,0.0
0.10192219219796954,0.8980778078020305,0.0
0.10192219212178115,0.8980778078782188,0.0
0.1019221920432972,0.8980778079567028,0.0
0.10192219200163909,0.8980778079983609,0.0
0.10192219198305315,0.8980778080169468,0.0
0.10192219197496656,0.8980778080250335,0.0
0.10192219197146993,0.89807780802853,0.0
0.10192219196996005,0.89807780803004,0.0
0.10192219196930632,0.8980778080306937,0.0
0.10192219196902663,0.8980778080309734,0.0
0.10192219196890162,0.8980778080310984,0.0
0.10192219196885205,0.898077808031148,0.0
0.10192219196883008,0.8980778080311699,0.0
0.10192219196882182,0.8980778080311781,0.0
0.1019221919688235,0.8980778080311764,0.0
0.10192219196881676,0.8980778080311832,0.0
0.10192219196882095,0.8980778080311791,0.0
0.10192219196881983,0.8980778080311802,0.0
0.1019221919688214,0.8980778080311786,0.0
