0.05,0.9,0.05
0.050037817780693765,0.8999670914051104,0.0499950908141959
0.05009745356429196,0.8999151939680796,0.049987352467628476
0.05013529347200552,0.8998822622288472,0.049982444299147305
0.05043814034558312,0.899618643326517,0.04994321632789987
0.05286699289524248,0.8975011106391568,0.04963189646560072
0.07163996395230524,0.8810075503623053,0.04735248568538952
0.09387458397083538,0.8615522915229491,0.044573124506215575
0.10214877618587817,0.8547090488737289,0.04314217494039296
0.10698734906125502,0.8520001705762854,0.04101248036245943
0.10737500876686526,0.8533683763657898,0.03925661486734503
0.10711615421009775,0.8560439825660824,0.036839863223819914
0.1065075645733609,0.8609984915680884,0.032493943858550554
0.10507868287127592,0.8725655995836904,0.022355717545033724
0.10316045262966526,0.8880762675423449,0.00876327982798981
0.10239840447586249,0.8942323539961808,0.003369241527956795
0.10213849487348428,0.8963313040507644,0.0015302010757513472
0.10202020922484699,0.897286416697293,0.0006933740778598576
0.10196656078781174,0.897719581125655,0.0003138580865333685
0.1019422663608802,0.8979157319532596,0.00014200168586023416
0.10193782031324766,0.8980621796867524,0.0
0.10192926040300584,0.8980707395969942,0.0
0.10192538882058122,0.8980746111794188,0.0
0.10192363779745645,0.8980763622025436,0.0
0.10192284586514544,0.8980771541348546,0.0
0.1019224877019433,0.8980775122980568,0.0
0.10192232571782978,0.8980776742821702,0.0
0.10192225245845757,0.8980777475415425,0.0
0.10192221932599535,0.8980777806740047,0.0
0.10192220434143746,0.8980777956585625,0.0
0.10192219756449353,0.8980778024355065,0.0
0.10192219449952887,0.8980778055004711,0.0
0.10192219311336682,0.8980778068866331,0.0
0.1019221924864576,0.8980778075135424,0.0
0.1019221922029287,0.8980778077970714,0.0
0.1019221920746952,0.8980778079253048,0.0
0.10192219201670205,0.898077807983298,0.0
0.10192219199048261,0.8980778080095174,0.0
0.10192219198338713,0.8980778080166129,0.0
0.10192219197599521,0.8980778080240047,0.0
0.1019221919719733,0.8980778080280267,0.0
0.1019221919701783,0.8980778080298217,0.0
0.10192219196939717,0.8980778080306029,0.0
0.10192219196906245,0.8980778080309376,0.0
0.10192219196891673,0.8980778080310833,0.0
0.10192219196885607,0.8980778080311439,0.0
0.10192219196883377,0.8980778080311662,0.0
0.10192219196882465,0.8980778080311753,0.0
0.10192219196882327,0.8980778080311768,0.0
0.10192219196881858,0.8980778080311814,0.0
0.10192219196882123,0.8980778080311788,0.0
0.10192219196881722,0.8980778080311828,0.0
0.10192219196881902,0.898077808031181,0.0
