0.1,0.05,0.85
0.10012982170028689,0.049996041678128655,0.8498741366215844
0.10038279794881681,0.049988317711765706,0.8496288843394175
0.10051273716374619,0.04998434492609889,0.849502917910155
0.101552499368737,0.04995242342311871,0.8484950772081443
0.10986348025689416,0.04968932543213244,0.8404471943109734
0.158166628711873,0.047951614381397216,0.7938817569067299
0.18703494419947878,0.04680715019730629,0.7661579056032151
0.20041212837109726,0.046275623170901475,0.7533122484580014
0.20600500733617655,0.0460962380440751,0.7478987546197484
0.20675968983942813,0.04613260715638584,0.747107703004186
0.2068303201628351,0.04624306057235261,0.7469266192648123
0.20680377361777572,0.046481798785598695,0.7467144275966257
0.20669150344760026,0.04739215432313661,0.7459163422292631
0.2061704083237862,0.05157457671865409,0.7422550149575597
0.20512219056072994,0.06000691710126249,0.7348708923380076
0.2018301413958524,0.08652725918881805,0.7116425994153296
0.19806887488174735,0.11685348566953138,0.6850776394487212
0.19294768685522187,0.15819653203969863,0.6488557811050795
0.18267752456751027,0.24127983413320428,0.5760426412992855
0.16120129869285438,0.4156664422730467,0.42313225903409896
0.14454243841165718,0.5513742798167469,0.3040832817715959
0.1322013768441498,0.6520072111992894,0.21579141195656076
0.12108932358309243,0.7425557145401331,0.13635496187677443
0.11247543713446624,0.8126034001732118,0.07492116269232198
0.10667183032907576,0.8596700005294067,0.033658169141517605
0.10357309971595939,0.8847411040854758,0.011685796198564795
0.10264535506758857,0.8922376850492078,0.005116959883203655
0.10223620624138247,0.8955422589877583,0.002221534770859248
0.10205802005561337,0.8969811164327682,0.0009608635116183958
0.10198084653609343,0.8976042374173132,0.00041491604659342913
0.10194750236464321,0.8978734570871589,0.00017904054819786662
0.10194098372428988,0.8980590162757102,0.0
0.10193029691278338,0.8980697030872166,0.0
0.10192568754236304,0.898074312457637,0.0
0.10192369955007732,0.8980763004499227,0.0
0.10192284215894232,0.8980771578410577,0.0
0.10192247238228636,0.8980775276177136,0.0
0.10192231290517603,0.8980776870948239,0.0
0.10192224412606594,0.898077755873934,0.0
0.1019222144631106,0.8980777855368894,0.0
0.10192220167012071,0.8980777983298793,0.0
0.10192219615277973,0.8980778038472202,0.0
0.10192219377327293,0.8980778062267271,0.0
0.10192219274704416,0.8980778072529559,0.0
0.10192219230444839,0.8980778076955517,0.0
0.10192219211356576,0.8980778078864343,0.0
0.10192219203124508,0.8980778079687549,0.0
0.1019221919957435,0.8980778080042565,0.0
0.10192219198043359,0.8980778080195665,0.0
0.10192219197644538,0.8980778080235546,0.0
0.10192219197252307,0.8980778080274769,0.0
0.10192219197044033,0.8980778080295596,0.0
0.10192219196951732,0.8980778080304826,0.0
0.1019221919691105,0.8980778080308895,0.0
0.10192219196893959,0.8980778080310604,0.0
0.10192219196886679,0.8980778080311332,0.0
0.10192219196883162,0.8980778080311684,0.0
0.10192219196882636,0.8980778080311737,0.0
0.10192219196881888,0.8980778080311811,0.0
0.1019221919688171,0.898077808031183,0.0
0.10192219196882026,0.8980778080311798,0.0
0.10192219196881602,0.8980778080311841,0.0
0.10192219196882397,0.8980778080311761,0.0
