0.1,0.1,0.8
0.1001239246831163,0.09999222484954166,0.7998838504673421
0.10036120750504471,0.09997731973389738,0.7996614727610579
0.1004852185888476,0.09996952061551481,0.7995452607956376
0.10147723376792796,0.09990690545108846,0.7986158607809836
0.10938760495383583,0.09939397025324555,0.7912184247929187
0.15560673992736607,0.09603829853389716,0.7483549615387368
0.1825990641977788,0.093923782895264,0.7234771529069572
0.1952905490307666,0.0929742393750001,0.7117352115942334
0.20028436605720948,0.09277393475175429,0.7069416991910362
0.20095176574553997,0.09298698859245973,0.7060612456620003
0.2009705784845188,0.09343703703673854,0.7055923844787426
0.2008522866634719,0.0944118112825898,0.7047359020539383
0.20037095130832341,0.09829696115739613,0.7013320875342804
0.1991859666873323,0.10784348651985316,0.6929705467928146
0.19796817695115393,0.11766583692331609,0.68436598612553
0.19226302124700967,0.16372836393434742,0.6440086148186429
0.18126847835839546,0.25269573853345706,0.5660357831081475
0.1666786441958926,0.37111659145991005,0.4622047643441974
0.15100156004637708,0.4987257097522094,0.35027273020141353
0.1384208365543313,0.6012910545526299,0.26028810889303894
0.1204266423776872,0.7479508348750261,0.13162252274728675
0.10927322950860124,0.8385890170298662,0.05213775346153254
0.1053345260643263,0.8704956670644662,0.024169806871207362
0.10341840019161404,0.88599148341552,0.010590116392865837
0.1027418961261633,0.8914578059341938,0.005800297939642978
0.10231794142287959,0.8948821837887597,0.0027998747883607343
0.1021125614495128,0.896540712566132,0.001346725984355122
0.10201360472523463,0.8973397424749346,0.0006466527998307293
0.101966049750047,0.897723706848768,0.0003102434011850415
0.10194322534101381,0.897907989115964,0.00014878554302207142
0.10193954961396408,0.8980604503860359,0.0
0.10193051363736425,0.8980694863626357,0.0
0.10192618147382862,0.8980738185261713,0.0
0.10192410456085634,0.8980758954391437,0.0
0.1019231088712945,0.8980768911287055,0.0
0.1019226315334294,0.8980773684665706,0.0
0.10192240269660918,0.8980775973033909,0.0
0.10192229299190603,0.898077707008094,0.0
0.10192224039937206,0.898077759600628,0.0
0.10192221518645184,0.8980777848135483,0.0
0.10192220309934807,0.8980777969006519,0.0
0.10192219730478647,0.8980778026952135,0.0
0.10192219452687855,0.8980778054731214,0.0
0.10192219319518082,0.8980778068048192,0.0
0.10192219281792804,0.898077807182072,0.0
0.10192219238000681,0.8980778076199931,0.0
0.10192219214990186,0.8980778078500982,0.0
0.10192219204734951,0.8980778079526505,0.0
0.10192219200278457,0.8980778079972154,0.0
0.10192219198349864,0.8980778080165014,0.0
0.1019221919751656,0.8980778080248344,0.0
0.10192219197155342,0.8980778080284466,0.0
0.10192219196999137,0.8980778080300087,0.0
0.1019221919693168,0.8980778080306833,0.0
0.1019221919690276,0.8980778080309724,0.0
0.10192219196890362,0.8980778080310964,0.0
0.10192219196884782,0.8980778080311521,0.0
0.10192219196883576,0.8980778080311642,0.0
0.10192219196882345,0.8980778080311765,0.0
0.10192219196881848,0.8980778080311815,0.0
0.10192219196882261,0.8980778080311774,0.0
0.10192219196882141,0.8980778080311786,0.0
