0.25,0.1,0.65
0.24982749265102522,0.10001861410958228,0.6501538932393925
0.24955824515319647,0.10004766455645107,0.6503940902903524
0.2493872283070515,0.10006611500558467,0.6505466566873638
0.24804389322266218,0.10021100617104356,0.6517451006062942
0.2453844517797945,0.10049767357513058,0.6541178746450749
0.24522743273655145,0.10051459229722168,0.6542579749662268
0.2439938434069153,0.10064748763393572,0.6553586689591491
0.2354088708783808,0.10157165179576763,0.6630194773258516
0.21574335231773084,0.10370547205434773,0.6805511756279214
0.20517854757988976,0.10492448357991242,0.6898969688401978
0.20106274381467082,0.10552313863354466,0.6934141175517845
0.1996688185036182,0.10593954663615004,0.6943916348602317
0.19941125470394366,0.10627075728476203,0.6943179880112943
0.19941086968114155,0.10627196424476783,0.6943171660740906
0.19940785485332088,0.10628161420352326,0.6943105309431559
0.19938722094163897,0.10635851795097336,0.6942542611073877
0.19929466436455712,0.10696990877803313,0.6937354268574097
0.19924672441863325,0.10735344927465927,0.6933998263067075
0.19924657415854546,0.10735465921069784,0.6933987666307567
0.19924537202940007,0.10736433959346307,0.6933902883771369
0.1992357512171698,0.10744184000991763,0.6933224087729126
0.199158395315081,0.10806554961752621,0.6927760550673928
0.1985089036765658,0.11330351913563473,0.6881875771877994
0.19287004919376505,0.15881243454883798,0.648317516257397
0.18480879486676127,0.224019946070956,0.5911712590622827
0.16992482747782411,0.34473750726811137,0.4853376652540645
0.15455604955428454,0.4697684284784699,0.37567552196724563
0.1446727385975003,0.5503152846336318,0.30501197676886804
0.14314600260434718,0.5627613679907928,0.29409262940486003
0.1431448381505658,0.5627708567690134,0.2940843050804208
0.14313552251453535,0.5628467679205712,0.2940177095648934
0.14306099645854944,0.5634541160575728,0.2934848874838778
0.14246456283935124,0.5683164216788994,0.28921901548174944
0.13768956624534964,0.6072448454561353,0.25506558829851494
0.12202067777403533,0.7347287022027836,0.143250620023181
0.11313657733020131,0.8072147006461554,0.07964872202364315
0.10767996177699032,0.8515028388047363,0.040817199418273345
0.10558470854024617,0.8684709878936724,0.025944303566081506
0.10339712545197949,0.8861635402304756,0.010439334317544936
0.10250304465395291,0.8933871945338596,0.004109760812187519
0.10214887836739588,0.8962474546378493,0.001603666994754936
0.10201034349581652,0.8973660739116893,0.000623582592494165
0.10196413824067528,0.8977391405069965,0.0002967212523281539
0.10196413581127825,0.897739160122738,0.0002967040659837613
0.10196411638115215,0.8977393170078122,0.0002965666110356849
0.10196396126294978,0.8977405694771672,0.0002954692598829702
0.10196274076132586,0.8977504239633004,0.0002868352753737945
0.10195417600286126,0.8978195752314568,0.00022624876568199125
0.10193739184491357,0.8979550878887825,0.00010752026630396986
0.10193366816394327,0.8980663318360567,0.0
0.10192722599663484,0.8980727740033652,0.0
0.10192440009975283,0.8980755999002472,0.0
0.10192316053727886,0.8980768394627211,0.0
0.10192261681742126,0.8980773831825787,0.0
0.10192237832223759,0.8980776216777625,0.0
0.10192227370986864,0.8980777262901313,0.0
0.10192222782325688,0.8980777721767431,0.0
0.1019222204695599,0.8980777795304401,0.0
