0.65,0.1,0.25
0.6479715067978918,0.1004994100093859,0.25152908319272227
0.6405624955552464,0.10232107034092548,0.2571164341038283
0.6405624955552462,0.10232107034092545,0.25711643410382823
0.6385753505940759,0.10280900789277572,0.2586156415131485
0.6231416257860274,0.10658951886529729,0.2702688553486753
0.5243034168500722,0.1304196793191754,0.3452769038307524
0.4220084510834535,0.15439875791674282,0.4235927909998036
0.3461842934375207,0.17166597914829068,0.4821497274141886
0.29715260248903813,0.18257814347115478,0.5202692540398072
0.2588154558461405,0.19097038697997984,0.5502141571738798
0.2310357345977842,0.19700178077544422,0.5719624846267716
0.21011120938027317,0.20159342717992262,0.5882953634398042
0.19740886504331062,0.20454353206064999,0.5980476028960394
0.19044520451936403,0.20647694404440664,0.6030778514362294
0.18760644984771824,0.20779711719609223,0.6045964329561896
0.18673378929435294,0.20913203741492833,0.6041341732907187
0.1863880664556721,0.21125666082943126,0.6023552727148966
0.18578894580866034,0.21608451618147148,0.5981265380098683
0.18321346712993716,0.23693858555521893,0.5798479473148439
0.17575883853949759,0.2973711641523342,0.5268699973081682
0.16218125323132815,0.40769295623855323,0.4301257905301185
0.1434776228622793,0.5600563341075168,0.29646604303020396
0.13566788669985458,0.6237404166431266,0.24059169665701874
0.12042710171062031,0.7479467010858772,0.13162619720350252
0.10984066118926299,0.8339870417959017,0.05617229701483545
0.10568127029207,0.8676894999663789,0.026629229741551116
0.10335767581133656,0.8864822449897543,0.010160079198909225
0.10275902701989104,0.8913194259430179,0.005921547037091079
0.10234048212068532,0.8947001433000152,0.002959374579299431
0.10210978413140706,0.8965631401322556,0.0013270757363373921
0.10200614479170891,0.8973999764822203,0.000593878726070888
0.10195972766682632,0.8977747514787288,0.00026552085444502357
0.1019389672370726,0.8979423685159705,0.00011866424695681745
0.101935092527706,0.8980649074722941,0.0
0.10192795566721735,0.8980720443327826,0.0
0.10192476701328793,0.8980752329867121,0.0
0.1019233424091492,0.8980766575908509,0.0
0.10192270594337352,0.8980772940566265,0.0
0.10192242159336598,0.8980775784066339,0.0
0.1019222945563636,0.8980777054436364,0.0
0.1019222378010224,0.8980777621989776,0.0
0.10192221244490583,0.8980777875550942,0.0
0.10192220111674995,0.89807779888325,0.0
0.10192219605576365,0.8980778039442364,0.0
0.10192219379470972,0.8980778062052903,0.0
0.10192219278455839,0.8980778072154416,0.0
0.10192219233325765,0.8980778076667423,0.0
0.10192219213164035,0.8980778078683597,0.0
0.10192219204155842,0.8980778079584416,0.0
0.10192219201743868,0.8980778079825613,0.0
0.10192219199265518,0.8980778080073448,0.0
0.1019221919793271,0.8980778080206728,0.0
0.10192219197336944,0.8980778080266306,0.0
0.10192219197077886,0.8980778080292211,0.0
0.10192219196965698,0.898077808030343,0.0
0.10192219196918266,0.8980778080308174,0.0
0.10192219196896948,0.8980778080310305,0.0
0.1019221919688718,0.8980778080311282,0.0
0.10192219196883516,0.8980778080311649,0.0
0.10192219196883069,0.8980778080311693,0.0
0.101922191968824,0.898077808031176,0.0
0.10192219196882477,0.8980778080311753,0.0
0.10192219196882056,0.8980778080311794,0.0
0.10192219196882081,0.8980778080311792,0.0
0.10192219196882134,0.8980778080311785,0.0
