0.2,0.15,0.65
0.19997410088710346,0.15000493864592332,0.6500209604669732
0.19995657101802028,0.1500082842138817,0.650035144768098
0.1999308224534406,0.1500132024978603,0.650055975048699
0.19972877185066126,0.1500519740934757,0.6502192540558631
0.19833864844892218,0.15032916613742867,0.6513321854136492
0.19461998725274,0.15134184564787986,0.6540381670993801
0.19376781279192587,0.1521732279100043,0.6540589592980698
0.19354974694261243,0.15335095208150198,0.6530993009758856
0.19321412593894727,0.15604382582895604,0.6507420482320968
0.19178226288101402,0.16761190113751276,0.6406058359814732
0.18697597615881636,0.20647921286452836,0.6065448109766554
0.17146654350015125,0.33221341375685887,0.4963200427429899
0.1651609056788576,0.3834574387784643,0.45138165554267823
0.14992779644372886,0.5074782045326034,0.34259399902366783
0.1316782824918182,0.656272599521247,0.21204911798693482
0.1192783217248747,0.7572967984053354,0.12342487986978982
0.11065137084172162,0.8274099749044488,0.061938654253829654
0.10583275122234162,0.8664634400185436,0.02770380875911492
0.10346491629450892,0.8856155244205889,0.010919559284902257
0.10288413520271374,0.8903086985292769,0.006807166268009351
0.1024088699356196,0.8941478213537059,0.0034433087106746194
0.10213991383643513,0.8963198455116819,0.0015402406518831208
0.10201935256287505,0.897293333438465,0.0006873139986598466
0.10196550298303712,0.8977281217270318,0.000306375289931158
0.10194148907704267,0.8979220075745779,0.00013650334837946466
0.10193698613713387,0.8980630138628661,0.0
0.10192878114749254,0.8980712188525075,0.0
0.10192512665296184,0.8980748733470382,0.0
0.10192349900227221,0.8980765009977278,0.0
0.10192277408535193,0.898077225914648,0.0
0.10192245122685685,0.8980775487731432,0.0
0.10192230743481138,0.8980776925651887,0.0
0.10192224339398921,0.8980777566060107,0.0
0.10192221487208097,0.898077785127919,0.0
0.10192220216926084,0.8980777978307392,0.0
0.10192219651179511,0.898077803488205,0.0
0.10192219399212744,0.8980778060078726,0.0
0.10192219286993977,0.8980778071300601,0.0
0.10192219237015623,0.8980778076298438,0.0
0.10192219214756452,0.8980778078524355,0.0
0.10192219204842513,0.8980778079515749,0.0
0.10192219200325962,0.8980778079967404,0.0
0.10192219198349545,0.8980778080165046,0.0
0.10192219197491206,0.898077808025088,0.0
0.1019221919713558,0.8980778080286442,0.0
0.10192219196986889,0.8980778080301312,0.0
0.10192219196925549,0.8980778080307444,0.0
0.10192219196900319,0.8980778080309968,0.0
0.1019221919688954,0.8980778080311046,0.0
0.10192219196885301,0.8980778080311469,0.0
0.10192219196882768,0.8980778080311723,0.0
0.10192219196882259,0.8980778080311774,0.0
0.10192219196882431,0.8980778080311757,0.0
0.10192219196882187,0.8980778080311781,0.0
0.10192219196882182,0.8980778080311782,0.0
0.10192219196882178,0.8980778080311782,0.0
0.1019221919688219,0.8980778080311782,0.0
