0.6,0.15,0.25
0.598183742767492,0.15060070400316788,0.2512155532293401
0.5919466009771576,0.15266156308904272,0.2553918359337997
0.5901683573233059,0.15324855975551824,0.25658308292117593
0.5763597169950141,0.1577982601179457,0.26584202288704023
0.48781410835194017,0.18661328926097476,0.3255726023870851
0.39504183428773515,0.21611642593961491,0.38884173977265
0.3320648660228347,0.2357064181496179,0.4322287158275474
0.2826003004295362,0.25082596297011356,0.46657373660035023
0.24607369919737154,0.26185624447143874,0.4920700563311897
0.21869636411714863,0.2701137817954348,0.5111898540874166
0.19907957585149233,0.2761675760409724,0.5247528481075353
0.18717056654483485,0.28015105097976,0.5326783824754051
0.1806637249027692,0.2828866196938668,0.536449655403364
0.17799035588445494,0.2849350427669197,0.5370746013486253
0.17708376767037845,0.2872120287798112,0.5357042035498103
0.17654899979896643,0.29097652746567443,0.5324744727353592
0.1754695622722061,0.2997159370710567,0.5248145006567373
0.1706717565830188,0.33866908865847856,0.49065915475850264
0.1564821274284837,0.4540815673716129,0.38943630519990335
0.13502855157408672,0.6289545730987686,0.23601687532714477
0.11647591365837563,0.7800960748946343,0.10342801144699014
0.10823782145420023,0.8469830916625564,0.04477908688324347
0.10436066287587954,0.8783736607056799,0.017265676418440547
0.10297832812146733,0.8895476661968394,0.007474005681693109
0.10248219984099946,0.8935555586920864,0.003962241466914219
0.10246149340820061,0.8937228032768721,0.003815703314927165
0.10246146237859684,0.893723053898045,0.0038154837233581374
0.10246121420544528,0.8937250583528349,0.0038137274417198936
0.10245923289015899,0.8937410611020463,0.003799706007794729
0.10244364003950418,0.8938670009670858,0.0036893589934098615
0.10233403380939689,0.8947522248638554,0.0029137413267476845
0.10211471432181275,0.8965233175118752,0.0013619681663120694
0.10200552549977074,0.897404976221068,0.0005894982791612725
0.10195822578081086,0.897786877612706,0.0002548966064832264
0.10193776623166552,0.8979520652197742,0.0001101685485602928
0.10193377481801284,0.8980662251819872,0.0
0.10192719670533729,0.8980728032946628,0.0
0.10192435438007047,0.8980756456199295,0.0
0.1019231262800966,0.8980768737199034,0.0
0.10192259565442262,0.8980774043455774,0.0
0.10192256146680005,0.8980774385331999,0.0
