0.8,0.15,0.05
0.7975529386529208,0.1517072381238596,0.05073982322321966
0.7860346004069158,0.1597331582018508,0.05423224139123348
0.7835911117426897,0.1614336974072634,0.05497519085004691
0.7643770131763256,0.17478179583684908,0.060841190986825444
0.6689823467354842,0.24050292183923325,0.09051473142528264
0.5695197707417462,0.3082405442112899,0.12223968504696389
0.5007104048223802,0.35465551748628565,0.1446340776913341
0.399071974124045,0.42256190178895725,0.17836612408699776
0.3290564915270095,0.4688638171979231,0.20207969127506747
0.27420721058514236,0.5048583326758226,0.2209344567390351
0.23295914091633707,0.5318013667531583,0.23523949233050476
0.2009977109166884,0.5527001068127874,0.24630218227052433
0.177732419970569,0.5680953156441872,0.25417226438524376
0.16014698374055059,0.5801598872030548,0.2596931290563947
0.14909692625205068,0.5884685397970941,0.26243453395085514
0.14278585691155107,0.594353270478566,0.262860872609883
0.13961240717883153,0.5991752784434774,0.26121231437769116
0.13821269920552362,0.6041529417522012,0.2576343590422751
0.13712608974627935,0.6119000375715159,0.2509738726822048
0.13526035473697512,0.6270650233977825,0.2376746218652423
0.12974127631315496,0.6720621055883945,0.1981966180984504
0.11731266630987885,0.7732890596508054,0.10939827403931576
0.10922348834764414,0.8389923645810172,0.051784147071338604
0.1051108049674982,0.8723058379760904,0.022583357056411436
0.10322160226588976,0.8875819156068291,0.009196482127281242
0.10258389826033469,0.8927341143702767,0.0046819873693885825
0.10223578905856824,0.8955456262777387,0.0022185846636930194
0.10206249965760622,0.8969449465775058,0.000992553764888038
0.10198486801612618,0.8975717682095052,0.0004433637743685979
0.10195016974452313,0.897851921250345,0.00019790900513202785
0.10194368011944034,0.8980563198805596,0.0
0.10193177911705684,0.8980682208829431,0.0
0.10192646921678838,0.8980735307832116,0.0
0.10192410020680714,0.8980758997931928,0.0
0.10192304329811065,0.8980769567018894,0.0
0.10192257177431997,0.89807742822568,0.0
0.10192236141208073,0.8980776385879192,0.0
0.10192226756278204,0.8980777324372179,0.0
0.10192222569365032,0.8980777743063497,0.0
0.10192220701451973,0.8980777929854802,0.0
0.10192219868117265,0.8980778013188273,0.0
0.1019221949634149,0.8980778050365851,0.0
0.1019221933048013,0.8980778066951988,0.0
0.10192219256484006,0.89807780743516,0.0
0.10192219223472297,0.898077807765277,0.0
0.10192219208744607,0.898077807912554,0.0
0.101922192021743,0.898077807978257,0.0
0.10192219200416804,0.8980778079958319,0.0
0.1019221919860638,0.8980778080139362,0.0
0.101922191976415,0.8980778080235851,0.0
0.10192219197210704,0.8980778080278929,0.0
0.10192219197023321,0.8980778080297668,0.0
0.10192219196942501,0.898077808030575,0.0
0.10192219196908017,0.8980778080309197,0.0
0.10192219196892113,0.8980778080310788,0.0
0.10192219196886051,0.8980778080311396,0.0
0.10192219196883076,0.8980778080311692,0.0
0.10192219196881837,0.8980778080311816,0.0
0.10192219196881795,0.8980778080311821,0.0
0.10192219196881944,0.8980778080311806,0.0
0.10192219196882113,0.898077808031179,0.0
0.10192219196881674,0.8980778080311833,0.0
0.10192219196881819,0.8980778080311819,0.0
