0.05,0.2,0.75
0.05008060088668785,0.19999533981269677,0.7499240593006153
0.05025071470078702,0.199985444756472,0.749763840542741
0.05033160104728414,0.1999807116606768,0.749687687292039
0.050981652566704005,0.19994202219858523,0.7490763252347108
0.056367153642805555,0.19958013428093327,0.7440527120762611
0.09507835411963218,0.19556937544485617,0.7093522704355116
0.13661456018814502,0.18985027753015501,0.6735351622817
0.1652411626114356,0.18557746201305383,0.6491813753755106
0.1816085359731719,0.18327027001153703,0.6351211940152911
0.18910882608568588,0.1829562181320775,0.6279349557822366
0.18968034954301985,0.18362156992042558,0.6266980805365546
0.18960275832723922,0.18520018524607793,0.6251970564266829
0.1891833549258873,0.18862227064698198,0.6221943744271308
0.1875132852592236,0.2021318075981824,0.610354907142594
0.17452695766771384,0.30736791354404175,0.5181051287882444
0.15990329813385804,0.42622863191465693,0.4138680699514851
0.14014673063537225,0.5872183115668006,0.2726349577978271
0.12436123276361337,0.7159125531861796,0.15972621405020704
0.11632691929842384,0.7813061319976932,0.102366948703883
0.11006776358949605,0.8321447863802982,0.05778745003020581
0.10530208036925802,0.8707581111358218,0.023939808494920237
0.1034891303042562,0.8854198187752286,0.01109105092051517
0.10284830971234457,0.8905981357126489,0.006553554575006555
0.10236778956321636,0.8944796056007639,0.00315260483601977
0.10213570210263535,0.8963538561507355,0.0015104417466292092
0.10202144705464505,0.8972764224320977,0.0007021305132572796
0.10196828630129033,0.8977056495307714,0.00032606416793829883
0.10194358822805244,0.8979050594944339,0.00015135227751375224
0.10193928177983964,0.8980607182201604,0.0
0.1019301219428662,0.8980698780571338,0.0
0.10192587151947655,0.8980741284805235,0.0
0.10192389927918688,0.8980761007208131,0.0
0.1019229841557893,0.8980770158442107,0.0
0.10192255954026419,0.8980774404597358,0.0
0.1019223625202259,0.8980776374797741,0.0
0.10192227110381866,0.8980777288961814,0.0
0.10192222868705154,0.8980777713129484,0.0
0.10192220900588907,0.8980777909941109,0.0
0.10192219987392927,0.8980778001260707,0.0
0.10192219563675145,0.8980778043632486,0.0
0.10192219367071773,0.8980778063292822,0.0
0.10192219275849633,0.8980778072415037,0.0
0.10192219233522469,0.8980778076647753,0.0
0.10192219213882582,0.8980778078611742,0.0
0.10192219204770235,0.8980778079522976,0.0
0.10192219200542466,0.8980778079945754,0.0
0.10192219198580552,0.8980778080141945,0.0
0.10192219197670055,0.8980778080232995,0.0
0.10192219197248309,0.8980778080275169,0.0
0.10192219197126365,0.8980778080287364,0.0
0.10192219197000396,0.898077808029996,0.0
0.1019221919693346,0.8980778080306654,0.0
0.1019221919690355,0.8980778080309646,0.0
0.10192219196890197,0.898077808031098,0.0
0.10192219196885512,0.8980778080311449,0.0
0.10192219196882847,0.8980778080311715,0.0
0.10192219196882676,0.8980778080311733,0.0
0.10192219196881785,0.8980778080311822,0.0
0.10192219196881538,0.8980778080311846,0.0
0.10192219196882081,0.8980778080311792,0.0
0.10192219196881798,0.8980778080311821,0.0
0.1019221919688235,0.8980778080311765,0.0
