0.4,0.2,0.4
0.3991666189883969,0.20024294803966344,0.40059043297193975
0.39704081074737724,0.20086239144660303,0.40209679780601976
0.3962212451280895,0.2011011008280537,0.4026776540438568
0.389829449380085,0.20296077361271458,0.40720977700720046
0.3474882249251768,0.21518713633664135,0.43732463873818184
0.29012091050729577,0.23149602272831038,0.47838306676439385
0.2465853557353319,0.24367301205108508,0.509741632213583
0.22042604461903087,0.2509692845504679,0.5286046708305012
0.20169138136209325,0.25630528064728864,0.5420033379906181
0.18999705564335523,0.25988995393115744,0.5501129904254873
0.1832276617288225,0.2624646333522385,0.5543077049189391
0.18052877360871594,0.2643268427507917,0.5551443836404923
0.17965226367990578,0.26635887808156655,0.5539888582385277
0.17918004427317602,0.2696374924455559,0.5511824632812682
0.1782745093803258,0.2769604148537805,0.5447650757658938
0.17417667110150725,0.31021039456366156,0.5156129343348312
0.16425444999845892,0.3908290626931966,0.4449164873083446
0.14794261542568096,0.5236559923171082,0.3284013922572109
0.12971572532938022,0.6722722155685259,0.1980120591020939
0.120212503506156,0.7496935954520015,0.13009390104184246
0.11225811608097502,0.8143681503516546,0.07337373356737054
0.1064674908099229,0.8613246986838601,0.032207810506217065
0.10389103436070651,0.8821710051486923,0.013937960490601229
0.10275378844901843,0.8913617414786378,0.005884470072343891
0.10226958031366742,0.8952727422399702,0.002457677446362398
0.10206662963431236,0.8969115983968211,0.0010217719688664965
0.10198212866618839,0.8975938856212513,0.0004239857125603278
0.10194704333394247,0.8978771633421517,0.00017579332390584005
0.1019399202146106,0.8980600797853894,0.0
0.10192953872797876,0.8980704612720213,0.0
0.10192523643836528,0.8980747635616347,0.0
0.10192345356852718,0.8980765464314728,0.0
0.1019227147609989,0.8980772852390011,0.0
0.1019224086072823,0.8980775913927176,0.0
0.101922281740967,0.898077718259033,0.0
0.10192222916921308,0.8980777708307869,0.0
0.10192220738417583,0.8980777926158242,0.0
0.10192219835673351,0.8980778016432664,0.0
0.10192219461588778,0.8980778053841122,0.0
0.10192219306573008,0.8980778069342699,0.0
0.10192219242336685,0.8980778075766331,0.0
0.10192219215717795,0.898077807842822,0.0
0.10192219209006882,0.8980778079099312,0.0
0.10192219202802351,0.8980778079719764,0.0
0.10192219199492163,0.8980778080050784,0.0
0.10192219198013273,0.8980778080198673,0.0
0.10192219197370905,0.8980778080262909,0.0
0.1019221919709194,0.8980778080290805,0.0
0.10192219196972935,0.8980778080302707,0.0
0.10192219196919716,0.8980778080308028,0.0
0.1019221919689777,0.8980778080310223,0.0
0.10192219196887901,0.898077808031121,0.0
0.10192219196884265,0.8980778080311574,0.0
0.10192219196882925,0.8980778080311708,0.0
0.1019221919688225,0.8980778080311775,0.0
0.10192219196882363,0.8980778080311764,0.0
0.10192219196881391,0.8980778080311861,0.0
0.10192219196882361,0.8980778080311764,0.0
0.10192219196882024,0.8980778080311798,0.0
