0.2,0.25,0.55
0.19993656633581275,0.25001824561452335,0.550045188049664
0.19986711103857818,0.2500382314862107,0.5500946574752111
0.19980406982129562,0.2500563792085426,0.5501395509701618
0.19930787306413386,0.25019947568826156,0.5504926512476046
0.1958100075011636,0.25122357996717776,0.5529664125316587
0.18589489743607296,0.25446755637815294,0.5596375461857742
0.18189005504911657,0.2565519141461621,0.5615580308047213
0.1807152185918955,0.2583554975389425,0.560929283869162
0.1802470522222222,0.2610093065729698,0.558743641204808
0.17956092248769953,0.2665330862342204,0.5539059912780802
0.17701880897683697,0.28714437147237387,0.5358368195507892
0.16893656420521985,0.35276650397273734,0.47829693182204286
0.15373517110887241,0.47645947523592336,0.3698053536552043
0.1384630409072878,0.6009466856516724,0.26059027344103985
0.12383997579785999,0.720155007061936,0.15600501714020396
0.11808285598688566,0.7670240756312352,0.11489306838187922
0.11107011880519413,0.8240118857399185,0.06491799545488748
0.10593801233331204,0.8656113495594318,0.028450638107256267
0.10369728216844597,0.8837373170022627,0.0125654008292914
0.10291740524149946,0.8900398991671782,0.0070426955913223815
0.10240380135833624,0.8941887601991745,0.003407438442489183
0.10215013467817606,0.8962373128193285,0.0016125525024954994
0.10202983817600116,0.8972086698837212,0.0007614919402777095
0.10197130648008307,0.8976812646437858,0.00034742887613119173
0.10194458909452135,0.8978969786616271,0.00015843224385161817
0.10193976616168686,0.8980602338383131,0.0
0.10193020300112264,0.8980697969988773,0.0
0.10192584362099483,0.8980741563790051,0.0
0.10192385647256394,0.8980761435274361,0.0
0.10192295068197807,0.8980770493180219,0.0
0.10192253780410666,0.8980774621958934,0.0
0.10192234960665766,0.8980776503933424,0.0
0.1019222638228936,0.8980777361771064,0.0
0.10192222472115371,0.8980777752788462,0.0
0.10192220689789737,0.8980777931021027,0.0
0.10192219877375114,0.8980778012262489,0.0
0.10192219507062728,0.8980778049293727,0.0
0.10192219338268008,0.89807780661732,0.0
0.10192219261327733,0.8980778073867227,0.0
0.10192219226257324,0.8980778077374267,0.0
0.10192219210271702,0.898077807897283,0.0
0.10192219202985264,0.8980778079701474,0.0
0.10192219199663763,0.8980778080033623,0.0
0.10192219198150726,0.8980778080184927,0.0
0.1019221919746008,0.8980778080253993,0.0
0.10192219197145766,0.8980778080285424,0.0
0.10192219197058057,0.8980778080294194,0.0
0.10192219196966679,0.8980778080303332,0.0
0.10192219196918181,0.8980778080308183,0.0
0.10192219196897041,0.8980778080310295,0.0
0.10192219196888022,0.8980778080311197,0.0
0.10192219196884,0.8980778080311599,0.0
0.1019221919688223,0.8980778080311778,0.0
0.10192219196881301,0.898077808031187,0.0
0.10192219196881745,0.8980778080311825,0.0
0.10192219196882243,0.8980778080311776,0.0
0.10192219196882406,0.898077808031176,0.0
0.10192219196881645,0.8980778080311836,0.0
