0.65,0.25,0.1
0.6479138318448963,0.2514026211842135,0.10068354697089026
0.6400407354882224,0.2566928730475732,0.10326639146420447
0.6379947946046578,0.25806680692906114,0.10393839846628117
0.6220833118383006,0.2687406487489098,0.10917603941278979
0.5193773189179296,0.3371649003707071,0.14345778071136336
0.4029016924727997,0.41380326289781877,0.1832950446293816
0.32313537585903446,0.4656478538699499,0.2112167702710156
0.271808384048541,0.49873049068113373,0.22946112527032522
0.23112058663121585,0.5248416539428513,0.2440377594259328
0.20252966059504596,0.5432101264999141,0.2542602129050399
0.17768188491522582,0.5593739159019147,0.26294419918285955
0.16098715239383338,0.570658633196524,0.2683542144096427
0.15026880800812986,0.5786047715859816,0.27112642040588864
0.14391184597150186,0.5844753767129824,0.2716127773155157
0.14083791502453152,0.5891417246284594,0.2700203603470091
0.13937550047569144,0.5944830508444919,0.26614144867981665
0.1382827144210679,0.6024576378370531,0.25925964774187915
0.13638293224963186,0.617909384517582,0.24570768323278608
0.13040350551188215,0.6666597673688772,0.20293672711924077
0.11841807704693218,0.764293821740848,0.1172881012122198
0.10909980932323848,0.8399950750987354,0.05090511557802613
0.10473806290899533,0.875321232129155,0.019940704961849586
0.10326397142907706,0.8872395282066861,0.009496500364236856
0.10255323329420088,0.8929818081895569,0.004464958516242095
0.10220483404304294,0.8957956038491882,0.001999562107768912
0.10204838283531,0.8970589323714585,0.0008926847932315064
0.10197845152470437,0.8976235751157087,0.00039797335958707814
0.10194725804858613,0.8978754297885921,0.00017731216282163335
0.10194140785986434,0.8980585921401357,0.0
0.10193074956427721,0.8980692504357227,0.0
0.10192600288286066,0.8980739971171393,0.0
0.1019238890413222,0.8980761109586778,0.0
0.1019229477027123,0.8980770522972876,0.0
0.10192252850841883,0.8980774714915811,0.0
0.10192234183475585,0.8980776581652442,0.0
0.10192225870624208,0.8980777412937578,0.0
0.101922221687934,0.898077778312066,0.0
0.10192220520315809,0.8980777947968419,0.0
0.10192219786225733,0.8980778021377427,0.0
0.1019221945932464,0.8980778054067536,0.0
0.10192219313751548,0.8980778068624846,0.0
0.10192219248925168,0.8980778075107483,0.0
0.1019221922005778,0.8980778077994221,0.0
0.10192219207202347,0.8980778079279765,0.0
0.10192219201477587,0.8980778079852242,0.0
0.10192219198928916,0.8980778080107109,0.0
0.10192219198247134,0.8980778080175287,0.0
0.10192219197554167,0.8980778080244582,0.0
0.10192219197177753,0.8980778080282226,0.0
0.10192219197009163,0.8980778080299083,0.0
0.10192219196935855,0.8980778080306415,0.0
0.10192219196904403,0.8980778080309559,0.0
0.10192219196891113,0.8980778080310888,0.0
0.10192219196885477,0.8980778080311452,0.0
0.10192219196883194,0.8980778080311681,0.0
0.10192219196882028,0.8980778080311798,0.0
0.10192219196882314,0.8980778080311769,0.0
0.1019221919688193,0.8980778080311808,0.0
0.10192219196882132,0.8980778080311786,0.0
0.10192219196881687,0.8980778080311831,0.0
0.10192219196881626,0.8980778080311838,0.0
