0.1,0.3,0.6
0.10009937961671314,0.2999791537688509,0.5999214666144359
0.10027420562140432,0.2999424598494292,0.5997833345291665
0.10037357172717096,0.2999215917351359,0.5997048365376932
0.10116737805843491,0.2997545643338258,0.5990780576077394
0.1074327597325934,0.2984175557237874,0.5941496845436192
0.14746677018109985,0.2893800175157658,0.5631532123031343
0.16676633153432455,0.28522775809550954,0.548005910370166
0.17540141516962782,0.2843781682277799,0.5402204166025923
0.17692791991307294,0.2857353570615232,0.5373367230254039
0.1768500494532322,0.28839339444128564,0.5347565561054822
0.1762421314808447,0.293441486112389,0.5303163824067663
0.17446089548076055,0.30789713450049144,0.5176419700187481
0.17059908222389927,0.33925974927288194,0.4901411685032187
0.16102559205465142,0.4170963696090744,0.4218780383362741
0.13921247006670082,0.5948351828321862,0.2659523471011131
0.12293994643382725,0.7274863557177251,0.14957369784844768
0.11094583764925674,0.8250205597956428,0.06403360255510047
0.10622879788466964,0.863257317413756,0.03051388470157439
0.10474549180454566,0.8752611647208671,0.019993343474587234
0.10345090256335322,0.8857287960662261,0.010820301370420699
0.10259153675221659,0.8926724149359484,0.004736048311835072
0.10221290159077007,0.8957304556234954,0.0020566427857345725
0.10204800429551932,0.8970619890292066,0.0008900066752740925
0.10197655634351095,0.8976388769537775,0.0003845667027113696
0.10194566743863398,0.8978882721781665,0.0001660603831995487
0.10193963384042483,0.8980603661595752,0.0
0.1019297202278248,0.8980702797721752,0.0
0.10192544121670806,0.898074558783292,0.0
0.10192359434798874,0.8980764056520113,0.0
0.10192279723387873,0.8980772027661212,0.0
0.1019224531998024,0.8980775468001977,0.0
0.10192230471539472,0.8980776952846052,0.0
0.10192224062990589,0.898077759370094,0.0
0.10192221297079362,0.8980777870292064,0.0
0.10192220103320628,0.8980777989667937,0.0
0.10192219588098124,0.8980778041190188,0.0
0.10192219365729681,0.8980778063427032,0.0
0.10192219269755491,0.8980778073024451,0.0
0.10192219228334301,0.898077807716657,0.0
0.1019221921045665,0.8980778078954335,0.0
0.10192219202740944,0.8980778079725905,0.0
0.1019221920073135,0.8980778079926865,0.0
0.1019221919876418,0.8980778080123581,0.0
0.10192219197711352,0.8980778080228864,0.0
0.10192219197240827,0.8980778080275917,0.0
0.10192219197036148,0.8980778080296384,0.0
0.10192219196948035,0.8980778080305196,0.0
0.1019221919690981,0.8980778080309019,0.0
0.10192219196893071,0.8980778080310693,0.0
0.10192219196886074,0.8980778080311392,0.0
0.10192219196883136,0.8980778080311687,0.0
0.10192219196882657,0.8980778080311734,0.0
0.10192219196881704,0.898077808031183,0.0
0.10192219196881709,0.8980778080311829,0.0
0.10192219196881912,0.8980778080311808,0.0
0.10192219196881842,0.8980778080311815,0.0
0.10192219196882576,0.8980778080311742,0.0
