0.25,0.3,0.45
0.2497599712335309,0.300084350849954,0.4501556779165151
0.24933095168106012,0.3002351122651808,0.45043393605375903
0.24909316297216416,0.30031867098483384,0.45058816604300206
0.2472246213775806,0.3009752206316752,0.4518001579907442
0.23418497549198505,0.30555647372991174,0.4602585507781031
0.20610554731759692,0.31549602580763675,0.47839842687476625
0.18797059407104313,0.3222068247301394,0.48982258119881755
0.1787480070565609,0.3260984890765249,0.4951535038669142
0.1738841252347914,0.3289533432873372,0.4971625314778714
0.17192522702670773,0.33148252324576516,0.4965922497275272
0.17120106496182672,0.3346105201546075,0.4941884148835658
0.17045125157399724,0.3404658350533173,0.48908291337268556
0.16853043336109244,0.356067106329803,0.47540246030910466
0.1635314459245413,0.39670904790849076,0.4397595061669679
0.14699837742941466,0.5313523218137304,0.32164930075685505
0.1278727932354778,0.6872944736307798,0.18483273313374246
0.11757772612851386,0.7711333427492202,0.11128893112226607
0.11161541453388993,0.8195859201902209,0.06879866527588925
0.10687490328063838,0.8580254369895117,0.03509965972985002
0.10379717906141171,0.8829297466361532,0.013273074302435121
0.10260891781261045,0.892532011274971,0.004859070912418601
0.10224108041722917,0.8955028983179457,0.002256021264825215
0.10210221900057319,0.8966242274970608,0.0012735535023659893
0.10200560918186645,0.8974043012922679,0.0005900895258656859
0.10195986985613183,0.8977736035317738,0.00026652661209445173
0.10193919507475793,0.8979405290338862,0.0001202758913558871
0.10193539536090317,0.8980646046390968,0.0
0.1019281485330118,0.8980718514669882,0.0
0.10192487914924415,0.8980751208507559,0.0
0.10192340422283372,0.8980765957771663,0.0
0.10192273884440747,0.8980772611555926,0.0
0.10192243867645902,0.898077561323541,0.0
0.10192230326397721,0.8980776967360228,0.0
0.10192224217645622,0.8980777578235438,0.0
0.10192221461855556,0.8980777853814444,0.0
0.10192220218659753,0.8980777978134025,0.0
0.10192219657827632,0.8980778034217236,0.0
0.10192219404824301,0.898077805951757,0.0
0.10192219290688917,0.8980778070931108,0.0
0.10192219239200243,0.8980778076079976,0.0
0.1019221921597289,0.8980778078402711,0.0
0.10192219205494292,0.8980778079450571,0.0
0.10192219200767252,0.8980778079923275,0.0
0.10192219198634955,0.8980778080136504,0.0
0.10192219197673114,0.8980778080232689,0.0
0.10192219197238525,0.8980778080276147,0.0
0.10192219197120805,0.8980778080287919,0.0
0.101922191969976,0.898077808030024,0.0
0.10192219196931573,0.8980778080306843,0.0
0.10192219196902524,0.8980778080309748,0.0
0.10192219196890429,0.8980778080310957,0.0
0.10192219196884748,0.8980778080311526,0.0
0.10192219196882556,0.8980778080311744,0.0
0.10192219196882368,0.8980778080311763,0.0
0.10192219196882482,0.8980778080311752,0.0
0.10192219196881971,0.8980778080311803,0.0
0.10192219196882384,0.8980778080311761,0.0
0.10192219196882121,0.8980778080311788,0.0
0.10192219196881773,0.8980778080311823,0.0
