0.6000000000000001,0.30000000000000004,0.10000000000000002
0.5981189526584563,0.3013414278545141,0.10053961948702976
0.5914611572347522,0.3060872757293952,0.1024515670358527
0.5914611572347521,0.30608727572939515,0.10245156703585268
0.5896183560533046,0.3074003182469905,0.10298132569970489
0.5752952404610228,0.31759775475584434,0.10710700478313291
0.4829282133953513,0.38301443535211793,0.1340573512525308
0.38123207965886824,0.45435015622308544,0.16441776411804632
0.3055806567380494,0.5069076676352288,0.18751167562672186
0.257284988754381,0.5402417062348723,0.2024733050107467
0.21905083385108065,0.5665633048713933,0.2143858612775261
0.1906197404376799,0.5862049230201926,0.22317533654212746
0.16805918656559068,0.6020510584014092,0.22988975503300027
0.15298176648246742,0.6131320844486331,0.23388614906889946
0.14347223891420396,0.6209067838237157,0.23562097726208042
0.1379768249358331,0.6266850890101993,0.23533808605396764
0.1353880938094558,0.6314244892139094,0.23318741697663486
0.13409812439908228,0.637137941585252,0.22876393401566575
0.13293436459634436,0.6460500867988028,0.2210155486048529
0.13070329579366147,0.6642205363086383,0.2050761678977002
0.12319698754681142,0.7253864860261965,0.15141652642699216
0.1117856644931824,0.8182036812453798,0.07001065426143782
0.10665279700698532,0.8598242738492725,0.033522929143742275
0.1035206448472313,0.8851650917605477,0.01131426339222108
0.10266315166554905,0.8920939271375617,0.0052429211968890955
0.10226302180855203,0.8953257075707772,0.0024112706206707068
0.10207338034562154,0.8968570898505075,0.0010695298038710334
0.10198914031469154,0.8975372732631518,0.0004735864221567179
0.10195181463626468,0.8978386405814797,0.00020954478225571537
0.10194474335348791,0.898055256646512,0.0
0.10193216481391389,0.8980678351860861,0.0
0.10192660206970418,0.8980733979302958,0.0
0.10192414213095222,0.8980758578690479,0.0
0.10192305433100901,0.898076945668991,0.0
0.1019225733043572,0.8980774266956428,0.0
0.1019223605946894,0.8980776394053106,0.0
0.10192226653482599,0.8980777334651739,0.0
0.10192222494174,0.89807777505826,0.0
0.1019222065493739,0.8980777934506261,0.0
0.10192219841630641,0.8980778015836937,0.0
0.10192219481988395,0.898077805180116,0.0
0.10192219322955695,0.8980778067704431,0.0
0.10192219252631257,0.8980778074736874,0.0
0.10192219221534182,0.8980778077846582,0.0
0.10192219207783046,0.8980778079221695,0.0
0.10192219201701874,0.8980778079829813,0.0
0.1019221920008697,0.8980778079991303,0.0
0.1019221919846455,0.8980778080153545,0.0
0.10192219197580277,0.8980778080241972,0.0
0.1019221919718391,0.8980778080281608,0.0
0.1019221919701168,0.8980778080298832,0.0
0.1019221919693718,0.8980778080306282,0.0
0.10192219196905514,0.898077808030945,0.0
0.10192219196891723,0.8980778080310827,0.0
0.10192219196885617,0.8980778080311438,0.0
0.10192219196882647,0.8980778080311735,0.0
0.10192219196882271,0.8980778080311773,0.0
0.10192219196881593,0.8980778080311841,0.0
0.10192219196882744,0.8980778080311725,0.0
0.1019221919688199,0.8980778080311801,0.0
0.10192219196882252,0.8980778080311775,0.0
0.10192219196882546,0.8980778080311744,0.0
