0.05,0.35,0.6
0.05007216788681044,0.3499898778671258,0.5999379542460637
0.05021835891058478,0.34996930766747847,0.5998123334219367
0.050290736272588246,0.3499590911722777,0.5997501725551341
0.05087193070326265,0.3498762811412666,0.5992517881554708
0.05565621344965659,0.3491459339923464,0.595197852557997
0.09238408771580285,0.3416508613874324,0.5659650508967647
0.1311504412317629,0.33194792378975485,0.5369016349784823
0.15478050309484556,0.3259227567093237,0.5192967401958307
0.16741376408439307,0.32339766377764,0.5091885721379669
0.17167157107986228,0.32410286892668777,0.50422555999345
0.17210465009960474,0.32617101726253916,0.5017243326378561
0.17168241268576404,0.3304331245096409,0.49788446280459503
0.1705377829317777,0.3397568678605494,0.48970534920767295
0.16595937330462587,0.376965367157627,0.457075259537747
0.1497832742542095,0.508661112758857,0.3415556129869335
0.12895397318980406,0.6784824671033016,0.19256355970689443
0.11621932170655158,0.7821809070528609,0.1015997712405875
0.10970696640386932,0.8350713868716655,0.055221646724465195
0.10520798853490011,0.8715194863754747,0.023272525089625233
0.10332764531503728,0.8867249476457655,0.009947407039197316
0.10269316524195182,0.891851477410439,0.005455357347609217
0.10229168792093811,0.8950942067049376,0.0026141053741243685
0.1020932776256744,0.8966964262858915,0.0012102960884339306
0.10200127004808392,0.8974393362442308,0.0005593937076853709
0.1019581270493199,0.8977876748315964,0.0002541981190837063
0.10193851542630146,0.8979460163896064,0.00011546818409227156
0.10193495121493557,0.8980650487850644,0.0
0.10192798617724759,0.8980720138227524,0.0
0.10192482317158945,0.8980751768284105,0.0
0.1019233868108219,0.8980766131891781,0.0
0.10192273455011068,0.8980772654498893,0.0
0.10192243835611824,0.8980775616438817,0.0
0.10192230385370837,0.8980776961462916,0.0
0.10192224277591863,0.8980777572240813,0.0
0.10192221504039257,0.8980777849596074,0.0
0.10192220244565808,0.8980777975543419,0.0
0.1019221967263653,0.8980778032736346,0.0
0.10192219412922546,0.8980778058707745,0.0
0.10192219294986582,0.8980778070501342,0.0
0.10192219241430667,0.8980778075856933,0.0
0.10192219217112027,0.8980778078288797,0.0
0.10192219206068263,0.8980778079393174,0.0
0.1019221920105384,0.8980778079894616,0.0
0.1019221919877603,0.8980778080122397,0.0
0.10192219197735937,0.8980778080226406,0.0
0.10192219197267013,0.8980778080273298,0.0
0.10192219197055409,0.8980778080294459,0.0
0.10192219196959743,0.8980778080304025,0.0
0.10192219196917097,0.898077808030829,0.0
0.10192219196905497,0.8980778080309451,0.0
0.10192219196892233,0.8980778080310776,0.0
0.10192219196885925,0.8980778080311408,0.0
0.101922191968834,0.898077808031166,0.0
0.10192219196882196,0.8980778080311781,0.0
0.10192219196881909,0.898077808031181,0.0
0.10192219196882331,0.8980778080311766,0.0
0.10192219196882167,0.8980778080311783,0.0
0.10192219196882851,0.8980778080311715,0.0
0.10192219196882298,0.898077808031177,0.0
