0.45,0.35,0.2
0.4462292996368713,0.35371608609339467,0.200054614269734
0.42985320309272856,0.37004414234114735,0.20010265456612406
0.4259962861908155,0.3739354838032077,0.20006823000597682
0.39447862478330165,0.4064174491712382,0.19910392604546
0.2733477927432152,0.5439111502943614,0.18274105696242343
0.15167805825204592,0.7065120869206946,0.14180985482725958
0.06799064635903145,0.8399627989358679,0.09204655470510072
0.03248216416732675,0.907689884359181,0.05982795147349228
0.011824079712890248,0.9556485816283553,0.032527338658754464
0.005151671845428518,0.9752899161283133,0.019558412026258267
0.00266724128890912,0.9842931490917833,0.0130396096193074
0.0011670486778045644,0.9910082133448121,0.007824737977383358
0.0005071003342086366,0.9948224739913643,0.004670425674427179
0.00021945216509983704,0.9970014604089331,0.0027790874259669366
0.0,0.998349136391027,0.0016508636089730595
0.0,0.9990205040748409,0.0009794959251591014
0.0,0.9994191773235158,0.0005808226764841982
0.0,0.9996557015618317,0.00034429843816830306
0.0,0.9997959494315227,0.000204050568477278
0.0,0.9998790828456506,0.00012091715434939024
0.0,1.0,0.0
