0.35,0.5,0.15
0.34521747662448415,0.5054305517475572,0.14935197162795857
0.32287433755646167,0.5310736002527708,0.14605206219076766
0.3228743375564616,0.5310736002527707,0.14605206219076763
0.31814851679479783,0.5365557771030701,0.14529570610213216
0.2807075805694499,0.5807353314049898,0.13855708802556038
0.13661801182382516,0.7652720085113571,0.09810997966481777
0.07206981110486893,0.8592755350803011,0.06865465381483002
0.03248420724136571,0.9246063096434528,0.042909483115181404
0.01096038425473959,0.9668523730773789,0.022187242667881572
0.007473769980350471,0.9749831673913334,0.017543062628316206
0.0038892337050446465,0.984377315908411,0.011733450386544334
0.0017029012127497416,0.9912531752595278,0.0070439235277224045
0.0007406123862249964,0.9950527554652013,0.004206632148573659
0.00032086317945171944,0.9971743651713407,0.0025047716492075586
0.00013870731824991463,0.9983723819053781,0.001488910776371901
0.0,0.9991157550930195,0.0008842449069804695
0.0,0.9994752036162966,0.000524796383703399
0.0,0.9996886313417177,0.00031136865828235584
0.0,0.9998152947887609,0.00018470521123911863
0.0,0.9998904440462784,0.00010955595372168992
0.0,1.0,0.0
