0.15,0.6,0.25
0.14779953099049717,0.6035662875531076,0.24863418145639524
0.13785819426939677,0.6200794983408567,0.24206230738974652
0.13574098484274333,0.6236834321533493,0.24057558300390733
0.11924090029719088,0.6528781250321164,0.22788097467069285
0.05035798952807475,0.8019328003240005,0.14770921014792485
0.02492367373655533,0.876080536898316,0.09899578936512882
0.01065545801868418,0.929583167493272,0.059761374488043785
0.006915249580190112,0.9470717191480251,0.046013031271784854
0.0032291310719826075,0.9678607772037489,0.028910091724268477
0.001291153131087765,0.9822556497406938,0.016453197128218473
0.0005073590652299446,0.990251913011555,0.00924072792321498
0.00019743152015315042,0.9946508319545305,0.0051517365253162155
0.0,0.9968432562677938,0.0031567437322061183
0.0,0.9980692724889896,0.0019307275110103943
0.0,0.9988203269379022,0.0011796730620978234
0.0,0.9992796687922945,0.0007203312077055505
0.0,0.9995603191022538,0.000439680897746146
0.0,0.9997316868108034,0.00026831318919655345
0.0,0.9998362863838821,0.00016371361611782048
0.0,1.0,0.0
