0.65,0.2,0.15
0.6469472789904338,0.20283757023438295,0.15021515077518324
0.6330297008093997,0.21583513063191423,0.15113516855868608
0.6297830981669409,0.21888176472501694,0.15133513710804214
0.6024623504007857,0.244748413632213,0.15278923596700128
0.44819630885709494,0.3995946612616632,0.1522090298812418
0.31121117327475056,0.5515962828948671,0.13719254383038249
0.18349163116839542,0.7082601086986468,0.1082482601329579
0.08424254760386407,0.8447976299755754,0.07095982242056051
0.042918756335608,0.9092298100787302,0.047851433585661865
0.016018109716584506,0.9575796044201887,0.026402285863226824
0.007024026576811757,0.9770427539559436,0.015933219467244613
0.0036262089024924203,0.9857722010043206,0.01060159009318702
0.0015935808454901963,0.9920288741917034,0.006377544962806457
0.000696085286130445,0.9954854413867181,0.003818473327151465
0.00030300096655849876,0.9974168390718198,0.002280159961621776
0.0001316307592234978,0.9985088757324783,0.0013594935082982401
0.0,0.9991901004307557,0.000809899569244191
0.0,0.9995178032885523,0.0004821967114475957
0.0,0.9997129904814249,0.00028700951857508887
0.0,0.9998291969067749,0.00017080309322515787
0.0,0.9998983629918241,0.00010163700817590027
0.0,1.0,0.0
