0.35,0.35,0.3
0.3514523426206746,0.34797047926405406,0.3005771781152713
0.35680056841736624,0.3406684191678968,0.30253101241473707
0.3568005684173662,0.34066841916789675,0.302531012414737
0.3583543410174746,0.3385943659439552,0.30305129303857015
0.37165612358181277,0.3216009786401056,0.30674289777808167
0.4687697091381057,0.22543949092447071,0.30579079993742364
0.5599273234825524,0.1672855992289872,0.27278707728846047
0.6108497898396741,0.15156756101126093,0.23758264914906496
0.6212714742888029,0.1651922585599183,0.21353626715127882
0.5834556533038298,0.21462775753298932,0.20191658916318092
0.5014026871636892,0.2838754163787244,0.21472189645758644
0.4627947266186696,0.30109711930726235,0.2361081540740681
0.4641882776450006,0.28437071018739457,0.25144101216760484
0.5038312134388044,0.23923159253849316,0.2569371940227024
0.5472578073591431,0.20946727668360005,0.24327491595725695
0.5613404512287519,0.21050393244951715,0.22815561632173095
0.5379889673771939,0.2390139418671285,0.22299709075567764
0.5060356356002732,0.25956635102005554,0.2343980133796714
0.5092155871138236,0.24905126454811924,0.24173314833805715
0.531095414016557,0.2301476195779079,0.23875696640553512
0.5378954719322234,0.23049418889263854,0.2316103391751381
0.5251182177642933,0.24323164018083115,0.23165014205487555
0.5190880878754649,0.2444917050436426,0.23642020708089256
0.5267991362536474,0.23676022440980185,0.2364406393365507
0.5299395138031884,0.236586943393574,0.23347354280323762
0.524370290063314,0.24138076680129716,0.23424894313538874
0.5251479156201406,0.23933541183909257,0.23551667254076675
0.5273662781803149,0.23838829287195912,0.234245428947726
0.5253138298117254,0.2399214262694246,0.23476474391885008
0.5265853270517525,0.23874231228711293,0.2346723606611345
0.5258939098306232,0.23943644111395826,0.23466964905541857
0.5262837420415806,0.2390733726830329,0.23464288527538663
0.5261329598359884,0.23916812349111943,0.2346989166728921
0.5261295526138634,0.2391871662312843,0.23468328115485226
0.5261380758770983,0.2391839184164812,0.23467800570642044
0.5261395994115932,0.23918352560561373,0.2346768749827931
0.5261395260291796,0.23918368025568998,0.2346767937151305
0.5261361862406971,0.23918652585441308,0.23467728790488981
0.526139489863671,0.23918370899191863,0.23467680114441047
0.5261395163263745,0.23918368792055053,0.23467679575307507
0.5261395164201819,0.23918368542985488,0.23467679814996326
