0.45,0.35,0.2
0.44822272950019615,0.3512362608164494,0.2005410096833545
0.4424534957862046,0.3551881736780703,0.20235833053572513
0.440733052504202,0.3563475885289637,0.2029193589668343
0.427591487741771,0.3648734352578036,0.2075350770004254
0.3709183300286368,0.3801702874908573,0.24891138248050582
0.3861646506969452,0.33733519148212876,0.27650015782092596
0.4427105500529136,0.26749183912728136,0.289797610819805
0.5046591855347881,0.21409717622765825,0.2812436382375537
0.5575540027575919,0.18180066640747367,0.26064533083493446
0.5970049632442517,0.1718133684742849,0.23118166828146344
0.5915850011723363,0.19599796671541853,0.2124170321122453
0.5278000244372455,0.2582633576293312,0.2139366179334234
0.48529133331338675,0.28459184708986607,0.2301168195967472
0.47716881201415945,0.27969820441913473,0.2431329835667059
0.5011060225116687,0.24712119617791134,0.2517727813104201
0.539628660574121,0.21790374891715852,0.2424675905087205
0.5527921800832473,0.21558840343873134,0.23161941647802145
0.5382002724063076,0.23625630486162558,0.22554342273206668
0.5130879393063014,0.25411755759795607,0.23279450309574273
0.5116339571250659,0.24901085455236302,0.23935518832257105
0.5286223066130973,0.23314650473091592,0.2382311886559868
0.5350640515870952,0.23251811854576143,0.23241782986714343
0.5247872695328637,0.2426274584660933,0.2325852720010431
0.5213816298327272,0.24230249350866778,0.23631587665860504
0.5281873206409343,0.23645914308612914,0.2353535362729365
0.5276337597188865,0.23877911227757306,0.23358712800354048
0.5244523697448618,0.24036228848894736,0.23518534176619088
0.5271945389701681,0.23822968473610967,0.23457577629372217
0.5256176737038005,0.23975345269493778,0.23462887360126175
0.5264354973731779,0.23886011864024723,0.23470438398657487
0.5259456099707049,0.23935107466026456,0.23470331536903044
0.5261929998737,0.23916561348710705,0.23464138663919284
0.5261670933003868,0.239160270554488,0.2346726361451253
0.5261450338733924,0.23917844306928707,0.23467652305732045
0.526139916675667,0.23918342140168486,0.23467666192264824
0.5261393396894122,0.23918383156244286,0.23467682874814502
0.5261393971343161,0.23918377465167795,0.23467682821400604
0.5261395937542973,0.23918363055273884,0.2346767756929638
0.5261396092952627,0.23918362021113745,0.23467677049359983
0.5261387665158608,0.23918423163730418,0.23467700184683515
0.5261388181855197,0.2391841511132067,0.23467703070127371
0.5261395544016993,0.23918344679500333,0.23467699880329732
0.5261394979448282,0.2391836570119599,0.2346768450432119
0.5261402789048455,0.23918304601233256,0.234676675082822
0.5261433332317925,0.23918081704577707,0.23467584972243033
0.526139950507073,0.23918335336190555,0.23467669613102143
0.5261395164369399,0.23918368808363666,0.23467679547942347
0.5261399025956219,0.23918344185062632,0.23467665555375183
0.5261395164301432,0.2391836880281073,0.23467679554174956
