0.6,0.05,0.35
0.6035972874636211,0.04940724345775537,0.3469954690786235
0.6190414422500008,0.046994293758727414,0.3339642639912717
0.6223614337349324,0.046504032713526634,0.33113453355154093
0.646756232992659,0.043226611326070356,0.3100171556812707
0.7063711410163399,0.038226944695076016,0.2554019142885841
0.7476185134005392,0.04031482529975573,0.21206666129970508
0.7659432358831512,0.05034945995138031,0.18370730416546865
0.7596790146830157,0.07769244169616452,0.1626285436208199
0.6976846769505639,0.15022609120962976,0.15208923183980633
0.573783925916191,0.2678463382737635,0.15836973581004554
0.5134160932880178,0.3208154077757201,0.16576849893626203
0.38171492616878844,0.42633162461570884,0.19195344921550272
0.2953371352203935,0.481157668281468,0.22350519649813855
0.25783416136007303,0.47413806502610617,0.26802777361382085
0.28029471909677484,0.4195233571194592,0.300181923783766
0.33226557817346547,0.34392430886307135,0.3238101129634632
0.41447613286876633,0.2557052234421742,0.3298186436890595
0.5167900520617705,0.17915638946048495,0.3040535584777446
0.5775001196336613,0.14868181010765702,0.2738180702586817
0.6306751534228794,0.13720153536182908,0.2321233112152916
0.6368571845743226,0.1559928528609022,0.20714996256477528
0.5878646606735097,0.21596864198855678,0.19616669733793357
0.5054678462725883,0.286353371328929,0.20817878239848273
0.4749940195630818,0.3063090964062971,0.21869688403062118
0.4477481561114062,0.3143797547230994,0.23787208916549438
0.46008987088686937,0.2800998654975875,0.2598102636155432
0.5123940093045081,0.228080325946394,0.25952566474909794
0.5571392849967475,0.2013712939063768,0.24148942109687563
0.5677227963380097,0.20683614012373966,0.22544106353825075
0.5373837813348764,0.2415479406147666,0.2210682780503571
0.5057215499940708,0.26310723161765537,0.23117121838827384
0.5022988766964709,0.25566593727938797,0.24203518602414129
0.5244101424995673,0.23342680333706314,0.2421630541633696
0.5405423262608854,0.2255996156735769,0.23385805806553772
0.533832591582478,0.23660273883078653,0.2295646695867355
0.517621744901345,0.2473732067024142,0.23500504839624087
0.5223170810132257,0.23997162193659535,0.23771129705017902
0.5312454030652628,0.23494595272307028,0.23380864421166703
0.5249942448171435,0.2413248866077903,0.2336808685750663
0.5243974118545326,0.23989268478982922,0.23570990335563818
0.5278278359991614,0.23788124809647768,0.234290915904361
0.5252928801845999,0.24011652138205392,0.23459059843334634
0.5263902538273492,0.2387508927610465,0.23485885341160442
0.5260181430693187,0.23941824344022078,0.23456361349046054
0.5262955088781022,0.239012886799548,0.2346916043223498
0.5260456809832329,0.23925142481095413,0.23470289420581308
0.5261601383234136,0.23917603217501626,0.2346638295015702
0.5261459954356899,0.2391800258560755,0.23467397870823464
0.5261397005361268,0.23918397792055157,0.23467632154332171
0.5261219969373018,0.2391992003541864,0.2346788027085119
0.5261391507097509,0.23918387400270957,0.2346769752875396
0.5261400475738477,0.23918318879809825,0.23467676362805404
0.5261389458881066,0.2391841062230978,0.23467694788879565
0.5261379734749763,0.23918514863283222,0.23467687789219158
0.526142802984624,0.23918154555760565,0.23467565145777042
0.5261406314571535,0.23918269168376757,0.23467667685907892
0.5261406373041175,0.23918275287653104,0.23467660981935148
0.5261398815745578,0.23918369441278767,0.23467642401265454
0.52613959833462,0.23918369866873143,0.2346767029966487
0.5261405991312897,0.23918288343770433,0.23467651743100598
0.5261383199527271,0.23918487547287168,0.2346768045744012
0.5261405889459365,0.23918314960643133,0.2346762614476322
0.5261395159969784,0.23918368860398062,0.23467679539904102
0.526140923478007,0.23918255917738,0.23467651734461303
0.5261395184381065,0.23918368692963235,0.23467679463226115
