0.2,0.45,0.35
0.2016603300558644,0.44755410958779934,0.35078556035633623
0.20845361196745954,0.43766908349227196,0.3538773045402685
0.21024639324418273,0.43509275028840466,0.35466085646741263
0.2257700573399844,0.41333443759984767,0.36089550506016793
0.310949356471782,0.31009597473005823,0.37895466879815976
0.4250772360799486,0.20864355404507945,0.36627920987497203
0.5329325643153915,0.14385128839970454,0.32321614728490405
0.6089962864534715,0.11444559128710693,0.2765581222594215
0.656565068337972,0.10693955917315186,0.2364953724888761
0.674116843139984,0.11710875255089315,0.20877440430912286
0.6567417701772185,0.15444556422419314,0.18881266559858823
0.5939589633173956,0.22121994414626717,0.1848210925363371
0.5096301770977364,0.2940226446355879,0.19634717826667572
0.4426126924890915,0.3394799019918532,0.21790740551905532
0.4118457271569521,0.34367233739493713,0.2444819354481107
0.4381533906469446,0.28978904790816135,0.27205756144489407
0.463453763256772,0.2614239037106277,0.2751223330326003
0.5336709787422521,0.20461915687472704,0.26170986438302096
0.5725037347369465,0.18661763400515444,0.24087863125789913
0.58051171747898,0.2000184168907611,0.219469865630259
0.541136640194074,0.24266730962244962,0.21619605018347646
0.4982689647668409,0.2723663409084644,0.2293646943246947
0.48969799472041264,0.2682449837759455,0.24205702150364194
0.5122309308816959,0.24056825665102707,0.24720081246727701
0.5424191899562958,0.2204749984228414,0.23710581162086275
0.542942618881236,0.22882068990879667,0.22823669120996726
0.5210407311666359,0.2481664524296121,0.23079281640375204
0.5148245264058454,0.24713760866849452,0.23803786492566
0.5276505194687633,0.23484473372646347,0.23750474680477324
0.5329261513274316,0.23411756650907012,0.23295628216349834
0.52456444527341,0.2421480029662324,0.23328755176035776
0.5231095531786212,0.24082461441350173,0.2360658324078771
0.5285094273927873,0.23699900321070097,0.23449156939651186
0.5257100646734698,0.2401221832308662,0.23416775209566407
0.5256861508502898,0.2391747463581257,0.23513910279158462
0.5264401264849328,0.2391494633158579,0.23441041019920936
0.5261244026138846,0.23907883940438143,0.23479675798173388
0.5260172943768233,0.23930616990802547,0.2346765357151513
0.5261701033597745,0.23917588699980374,0.23465400964042168
0.5261492266797481,0.23917829282788364,0.23467248049236836
0.526140691323363,0.23918329079451206,0.2346760178821249
0.5261389754224935,0.23918420740336038,0.23467681717414612
0.5261365357222361,0.23918617834961672,0.23467728592814727
0.5261423263583526,0.2391808197062403,0.23467685393540713
0.5261401274887632,0.23918319770421914,0.23467667480701773
0.5261392178335689,0.2391839335228256,0.23467684864360558
0.5261376454730012,0.23918518423060736,0.23467717029639135
0.5261399100722194,0.2391833569088357,0.23467673301894498
