0.05,0.5,0.45
0.05086434609791965,0.49860506486513184,0.45053058903694854
0.055101511231113745,0.49181950039119277,0.4530789883776935
0.056067117551449115,0.49028533939779867,0.4536475430507522
0.06455713674299163,0.476989334978351,0.4584535282786574
0.1196621133867664,0.398518258890567,0.4818196277226667
0.18746596560696588,0.31814077949171243,0.49439325490132163
0.2865764987928481,0.22701592072763904,0.4864075804795129
0.4075701862194122,0.14876393247964792,0.44366588130093987
0.5165801153192959,0.10116548600290293,0.3822543986778012
0.5982736246868205,0.0767706154999155,0.32495575981326397
0.6693989810452265,0.06381427708099038,0.2667867418737831
0.7099806149206566,0.06317360995774918,0.22684577512159432
0.730026562924273,0.073196694409604,0.19677674266612302
0.7217869009537708,0.10388345608248802,0.17432964296374123
0.6709827275163243,0.1640675447540198,0.16494972772965596
0.5991942359324121,0.23371153773900427,0.16709422632858367
0.48233167375868,0.3342684699742835,0.18339985626703642
0.38054108469749337,0.4055860218443057,0.21387289345820096
0.33648240101178395,0.4121395376441585,0.25137806134405755
0.3550249233383445,0.35982679585996036,0.28514828080169524
0.3912475271139694,0.30986950500000027,0.2988829678860303
0.4763851159418517,0.22635843856936302,0.2972564454887853
0.5561228885879641,0.1745836124249502,0.26929349898708566
0.6039607749138902,0.15932966424027772,0.23670956084583208
0.6109261981838855,0.17589273245422676,0.21318106936188772
0.5629924885573423,0.23168562329821354,0.2053218881444443
0.48873569922912474,0.28866677118140815,0.22259752958946707
0.4669686098847345,0.2892959598734474,0.24373543024181807
0.490173665582505,0.2546256367688122,0.25520069764868275
0.5371442866522098,0.21657072212403772,0.24628499122375241
0.5569614599831215,0.2101776865620982,0.23286085345478025
0.5477851583863533,0.2283096836764844,0.22390515793716237
0.5157826769737529,0.2546711917470188,0.22954613127922827
0.5081743674958998,0.2518775705455092,0.23994806195859097
0.5265872944493897,0.23365881686243842,0.2397538886881719
0.537243021283819,0.2297500463393668,0.2330069323768141
0.5283601124849979,0.2404289594775763,0.23121092803742574
0.519567752268701,0.24463676685009708,0.235795480881202
0.5264110162205832,0.2372312870112483,0.23635769676816862
0.5294955767533754,0.23693281027126428,0.2335716129753602
0.5242540877169644,0.24124511757391984,0.2345007947091159
0.525872049223465,0.23879316596630693,0.2353347848102281
0.5268167852923458,0.23894722337256993,0.23423599133508435
0.5258119994370171,0.23926312599483632,0.2349248745681466
0.5261702765416879,0.23926861190726476,0.23456111155104742
0.5262581627593765,0.23906902741072653,0.23467280982989688
0.5261192221439881,0.2391830941407495,0.2346976837152623
0.5261239872916628,0.23919384874430086,0.2346821639640364
0.5261339159015054,0.23918774209968413,0.23467834199881052
0.5261373837685336,0.23918519544216657,0.23467742078929982
0.5261383178621418,0.23918457224243825,0.23467710989541993
0.5261386864269726,0.23918431077454635,0.23467700279848105
0.5261388406218043,0.23918419705996968,0.23467696231822605
0.526138923887388,0.2391841346516133,0.23467694146099874
0.5261389653928555,0.23918410342375035,0.2346769311833942
0.5261389911632666,0.23918408400612037,0.2346769248306131
0.5261395509099933,0.23918366192657062,0.23467678716343607
