0.7,0.05,0.25
0.7017409382879332,0.04995775137044517,0.24830131034162176
0.7075805601034025,0.04990709763697349,0.24251234225962398
0.7091605579684299,0.049920160137775546,0.24091928189379452
0.7204579623449489,0.05044101041433017,0.22910102724072107
0.7468262352672238,0.06024030567389861,0.1929334590588776
0.7393925643995594,0.09242947008260848,0.16817796551783215
0.7127502365072115,0.12641265143125077,0.1608371120615378
0.6272044199925495,0.21306234998248208,0.15973323002496845
0.5084567885750878,0.31887822165136026,0.1726649897735521
0.37088903643127263,0.4230094352577778,0.20610152831094958
0.3150096911304884,0.4482437052235715,0.23674660364594013
0.3052173846887051,0.42281577510360524,0.27196684020768963
0.3360010899513354,0.3649148729989522,0.2990840370497124
0.38616155031903443,0.30085074175161813,0.3129877079293475
0.48123725637079734,0.21367552029898773,0.30508722333021493
0.5644662051513081,0.16345673451205855,0.2720770603366333
0.6151491125303159,0.14926435281105951,0.2355865346586245
0.6228767182489614,0.1660590274353795,0.21106425431565912
0.5777862162324898,0.22116966367833707,0.2010441200891731
0.4999373624247191,0.2857392236940526,0.21432341388122836
0.4753969769046594,0.30002089568647083,0.2245821274088698
0.45758020434909435,0.29891980391459455,0.24349999173631104
0.4811972833335112,0.26060033078277745,0.25820238588371136
0.5330977628862513,0.21660929049483946,0.2502929466189093
0.5576949765952144,0.2055034914503,0.23680153195448558
0.5581216124154819,0.21798356217874285,0.22389482540577518
0.5254039864659565,0.24959621956002817,0.22499979397401534
0.503608457926778,0.25850643233978293,0.23788510973343907
0.5145289499257861,0.24299697041102447,0.24247407966318948
0.5354744393263265,0.22780262724555733,0.23672293342811623
0.5364918932925707,0.2328542136366803,0.23065389307074902
0.5210068900106788,0.2457718525322911,0.23322125745703004
0.5215320927115674,0.2411822347076822,0.2372856725807505
0.5304625898525656,0.23527359014318408,0.23426382000425044
0.525636405806439,0.24070809905875593,0.23365549513480519
0.5246955467747635,0.23974672094166163,0.2355577322835749
0.5274550480614172,0.23828772285108324,0.23425722908749963
0.5252885486325307,0.2399179598304228,0.23479349153704637
0.5266166671569861,0.23873501574981093,0.234648317093203
0.5258569899948734,0.23942834661319382,0.23471466339193287
0.5262617650227756,0.23911097710978896,0.23462725786743555
0.5261650414336653,0.23914646596793168,0.2346884925984031
0.5261378939807043,0.23918007935316,0.2346820266661357
0.5261395753732977,0.23918283112522815,0.23467759350147419
0.5261395669281729,0.23918361548147837,0.23467681759034875
0.5261393539692861,0.23918383543076532,0.23467681059994855
0.526139445534358,0.2391837530276468,0.23467680143799527
0.5261402756108159,0.2391829788644942,0.23467674552468995
0.5261410622366494,0.23918223660060697,0.23467670116274372
0.5261395587633099,0.23918364865992883,0.23467679257676136
