0.35,0.6,0.05
0.34401869173220423,0.6059838296252079,0.04999747864258784
0.3158141836446223,0.6342683826273823,0.04991743372799537
0.3101257169282759,0.6399876858984143,0.04988659717330978
0.2665158562835809,0.6840244964874627,0.049459647228956474
0.12848495546702393,0.8269004464866636,0.04461459804631237
0.05434675999776892,0.908746814311,0.03690642569123102
0.018066076585498872,0.9540655801236478,0.02786834329085327
0.007252830724405675,0.9708995688598128,0.021847600415781637
0.002837491024911324,0.9802044071470178,0.016958101828070806
0.001090357567300282,0.9858223694480216,0.013087272984678105
0.0004135779747729694,0.9895232933414702,0.010063128683756887
0.00018455372325822017,0.9917283850993924,0.008087061177349402
0.0,0.993233560009204,0.006766439990795968
0.0,0.9945317910547773,0.005468208945222738
0.0,0.9955842765694861,0.0044157234305139
0.0,0.9964363783768495,0.0035636216231504925
0.0,0.9971254847983985,0.002874515201601578
0.0,0.9976822736726846,0.002317726327315338
0.0,0.998131823940394,0.0018681760596059355
0.0,0.9984945760116433,0.0015054239883567193
0.0,0.9987871492848304,0.0012128507151695819
0.0,0.9990230299776972,0.0009769700223027757
0.0,0.9992131445546143,0.0007868554453857377
0.0,0.9993663343419185,0.0006336656580815498
0.0,0.9994897462137217,0.0005102537862782935
0.0,0.9995891523429552,0.0004108476570448187
0.0,0.9996692117297814,0.0003307882702185309
0.0,0.9997336829486373,0.00026631705136273315
0.0,0.9997855967336705,0.00021440326632950183
0.0,0.9998273961114071,0.00017260388859288925
0.0,0.9998610498277911,0.00013895017220883255
0.0,0.9998881440690877,0.00011185593091244872
0.0,1.0,0.0
