0.25,0.65,0.1
0.24606362004389157,0.6539819541704326,0.09995442578567582
0.22842566723718336,0.6719327458317673,0.09964158693104931
0.22470657547634626,0.6757420070208265,0.09955141750282721
0.19625671773993048,0.7051997960765726,0.09854348618349698
0.08480992622434975,0.8292689339557752,0.08592113981987513
0.027385852640384314,0.9073716155832622,0.06524253177635352
0.011151276879803393,0.9375222677773015,0.05132645534289509
0.004268074499348059,0.9562143291236671,0.03951759637698484
0.0015593902631057162,0.9684282926962198,0.030012317040674585
0.0007032156894800087,0.975148722836373,0.024148061474146963
0.00031192988463623326,0.9803385295506194,0.019349540564744333
0.0001365406851613579,0.9844089324982832,0.015454526816555476
0.0,0.9876872108806656,0.012312789119334406
0.0,0.9902110953074826,0.009788904692517345
0.0,0.992230075333406,0.007769924666593962
0.0,0.9938405366890276,0.006159463310972366
0.0,0.9951221933105489,0.004877806689451121
0.0,0.9959707265511509,0.004029273448849086
0.0,0.9966731467649246,0.003326853235075404
0.0,0.9969774423195212,0.0030225576804787948
0.0,0.9975197148785907,0.0024802851214092946
0.0,0.998015916077533,0.001984083922466962
0.0,0.998413325415458,0.0015866745845419844
0.0,0.9987314397840439,0.0012685602159561446
0.0,0.9989859705401105,0.0010140294598894822
0.0,0.999189555915934,0.0008104440840660077
0.0,0.9993523476456164,0.0006476523543835377
0.0,0.9994824909047204,0.0005175090952796705
0.0,0.9995865149940301,0.00041348500596997387
0.0,0.9996696501150527,0.0003303498849472921
0.0,0.9997360834235461,0.0002639165764539151
0.0,0.999789165494746,0.00021083450525399218
0.0,0.9998315764816095,0.00016842351839057375
0.0,0.9998654596301687,0.00013454036983127408
0.0,0.9998925284335834,0.00010747156641659952
0.0,1.0,0.0
