0.2,0.05,0.75
0.20645326118387405,0.048764371686723394,0.7447823671294026
0.2466355472757753,0.04183469303333007,0.7115297596908947
0.2536323278176013,0.040747151628395456,0.7056205205540034
0.3106106397489633,0.03295619752192433,0.6564331627291123
0.44880135573416335,0.019781635617477665,0.531417008648359
0.5616438183894203,0.013025391559725851,0.42533079005085384
0.642901226626072,0.00979504083828028,0.3473037325356477
0.7030615104447839,0.008279271916726307,0.28865921763848973
0.7480909345459882,0.007852904611450235,0.24405616084256154
0.7840070889789531,0.008469638429311595,0.20752327259173534
0.8113873214972094,0.010834939569023561,0.1777777389337671
0.8271253328124976,0.01625545591042616,0.15661921127707626
0.8296262542146555,0.029543292197988173,0.14083045358735644
0.8111629869402309,0.057094132422432664,0.13174288063733652
0.7540096610882224,0.11790885627976297,0.12808148263201466
0.7142895884344498,0.15701615910133837,0.1286942524642119
0.6236629335743539,0.24295904185850487,0.13337802456714132
0.4850068619050183,0.3687836065860578,0.14620953150892388
0.3125911770155416,0.5184618280015381,0.1689469949829204
0.21615323041780998,0.6039243896934957,0.1799223798886944
0.10542309377031499,0.7217039376948516,0.17287296853483342
0.04943782296146307,0.8039915246363116,0.1465706524022253
0.02260680414912565,0.8585175674096112,0.11887562844126318
0.008607474018062803,0.9006607120935963,0.09073181388834094
0.003034065815949169,0.9292394781235673,0.06772645606048351
0.0009617691273278335,0.9498389590032473,0.04919927186942481
0.0004030981609981941,0.9608975665309724,0.038699335308029464
0.00016337927753406394,0.9696375526639162,0.030199068058549765
0.0,0.976581036368326,0.023418963631673916
0.0,0.9819311810331183,0.01806881896688175
0.0,0.9853879772205056,0.014612022779494374
0.0,0.9882079775365823,0.0117920224634177
0.0,0.9904998719174961,0.009500128082503886
0.0,0.9923568646471633,0.007643135352836635
0.0,0.9938577413723578,0.006142258627642149
0.0,0.9950683512805106,0.004931648719489342
0.0,0.9958684805196883,0.004131519480311642
0.0,0.9962190373324881,0.003780962667511965
0.0,0.9968951675324979,0.0031048324675021976
0.0,0.9975170120494585,0.0024829879505415
0.0,0.9980150619852588,0.0019849380147412676
0.0,0.9984136907878647,0.001586309212135301
0.0,0.9987325712980719,0.0012674287019280967
0.0,0.9989875465404384,0.0010124534595615082
0.0,0.9991913523966292,0.0008086476033708241
0.0,0.999354212332252,0.0006457876677480153
0.0,0.9994843236599584,0.0005156763400416377
0.0,0.9995882531146487,0.00041174688535121015
0.0,0.9996712573830663,0.0003287426169337126
0.0,0.9997375420182782,0.0002624579817218332
0.0,0.9997904700707607,0.00020952992923934158
0.0,0.9998327298764732,0.00016727012352675901
0.0,0.9998667429226826,0.0001332570773174226
0.0,0.9998959502019238,0.00010404979807624657
0.0,1.0,0.0
