0.4,0.15,0.45
0.4049009252099592,0.1474254179327832,0.44767365685725763
0.4288432819598094,0.1354475535233051,0.43570916451688546
0.4336234298763361,0.1331718158433429,0.43320475428032096
0.47055048963270163,0.1168180963288698,0.41263141403842846
0.5826957283299532,0.07922245017113946,0.33808182149890736
0.6634214072958146,0.06320985175729982,0.2733687409468857
0.7080822898886333,0.06138643610943597,0.2305312740019308
0.7306240223076426,0.06986027410660424,0.19951570358575324
0.7271217019060269,0.09693727519606227,0.1759410228979109
0.6617220866334109,0.17425629460969938,0.1640216187568898
0.5658696706902155,0.2643995529507623,0.16973077635902215
0.4598161260573464,0.3525975280244998,0.18758634591815376
0.3558591015492704,0.41839928069195187,0.2257416177587777
0.3364914754265974,0.3923255848880951,0.27118293968530754
0.35134213737756953,0.36318888167934266,0.2854689809430878
0.40098127355133345,0.2970081468311816,0.30201057961748495
0.4907002472397286,0.21446799094571597,0.2948317618145555
0.5560637671900772,0.17388263026264583,0.2700536025472769
0.6013350919014971,0.15837209126163224,0.2402928168368707
0.6126666686183934,0.1737563335901675,0.21357699779143924
0.5717701153319057,0.2237006394079931,0.20452924526010124
0.4990109912740075,0.28300238363008845,0.21798662509590416
0.4670607229340388,0.2943889729425731,0.2385503041233881
0.47279889218764787,0.27546470973537535,0.25173639807697684
0.5148001780234837,0.23180882515735807,0.2533909968191584
0.5518737050200796,0.20968943649978697,0.23843685848013352
0.556121836856241,0.21794512828416274,0.2259330348595963
0.5281550373441682,0.24638622449722777,0.22545873815860412
0.506314911185983,0.25656494271429386,0.23712014609972312
0.5158966781328858,0.24255841660844032,0.24154490525867395
0.5353642901897061,0.228824783739434,0.23581092607085993
0.5335453868692783,0.23561998613370003,0.23083462699702165
0.5201388630923097,0.24543006526324787,0.23443107164444243
0.5242453725030479,0.23889920311152674,0.2368554243854254
0.5299796511156506,0.23606280218483505,0.2339575466995144
0.5254456318045796,0.24069356725906826,0.23386080093635214
0.52476462865068,0.23978209632436992,0.23545327502495006
0.527362678119792,0.23829708578532996,0.2343402360948781
0.5254092903623208,0.23987743870104827,0.2347132709366309
0.526525891962279,0.23878398738984366,0.23469012064787748
0.5259097346262441,0.23940878082798303,0.2346814845457728
0.5262565370101101,0.23910464815060364,0.23463881483928634
0.5261543120919079,0.23915598127243154,0.23468970663566044
0.526139033261885,0.23917990621825888,0.234681060519856
0.5261401132028041,0.23918259223076133,0.23467729456643457
0.5261396415778722,0.2391835777711501,0.2346767806509777
0.5261395137842121,0.23918369269349787,0.23467679352228998
0.5261395154287135,0.23918368893144604,0.23467679563984045
0.5261396103117595,0.23918360585069023,0.2346767838375503
0.5261395384561494,0.23918366384435694,0.23467679769949362
