0.45,0.15,0.4
0.4541906980028232,0.1478040137230406,0.3980052882741362
0.47343946497420486,0.1381292039313865,0.3884313310944087
0.47748448281887723,0.1361804858979025,0.38633503128322033
0.508486017619014,0.12218620442028322,0.36932777796070276
0.6126865552682956,0.08698321430138965,0.3003302304303148
0.675958043785017,0.07659194228922864,0.24745001392575441
0.7060708974284442,0.08118025299107091,0.21274884958048487
0.710228855982254,0.10252528077828395,0.18724586323946205
0.6672100348831875,0.16054374710870453,0.172246218008108
0.5722383902941087,0.25245146790371514,0.17531014180217613
0.46252122012941677,0.3425914701538752,0.19488730971670812
0.37484444866987743,0.3908388138853943,0.23431673744472836
0.3690566313680685,0.36388751884711995,0.26705584978481156
0.42555713087904323,0.28339317909536504,0.2910496900255917
0.4945513707454843,0.22016123889781508,0.2852873903567007
0.5557933820273152,0.1813597562224524,0.26284686175023236
0.594615868924826,0.16902616104950907,0.23635797002566494
0.5970823776493545,0.18948833535865026,0.2134292869919953
0.5448109031645351,0.24484731449642652,0.2103417823390383
0.49440933558428146,0.2815556678079081,0.22403499660781045
0.4753727905223294,0.2821645809715672,0.24246262850610337
0.4953245401052954,0.25240964313707587,0.25226581675762866
0.5132189414840882,0.2356891390296047,0.2510919194863072
0.543174825110265,0.21574691645530866,0.24107825843442635
0.553144104232796,0.21839199647241367,0.22846389929479027
0.531174173993033,0.2426889538333602,0.2261368721736068
0.5094283347401922,0.2542547485011983,0.2363169167586095
0.5173657169254324,0.24213212438409273,0.24050215869047487
0.5348681400184208,0.23024878952088557,0.2348830704606938
0.5299851811315239,0.23858158015949074,0.23143323870898538
0.520476803349136,0.2441023818543256,0.23542081479653837
0.5265258853575326,0.23739719752857746,0.23607691711388992
0.5287585417117888,0.23760574144015664,0.23363571684805448
0.5242690673861305,0.2409187436122697,0.2348121890015997
0.526609877405439,0.238364533830353,0.23502558876420812
0.5262853344758134,0.23936551604672385,0.2343491494774627
0.5261195252981197,0.23903237777281203,0.23484809692906822
0.525992323887966,0.23936078657393445,0.23464688953809953
0.5262364982246361,0.23911474021573081,0.23464876155963316
0.5261493005036012,0.2391631272928963,0.23468757220350245
0.5261359762917064,0.2391834905765757,0.23468053313171794
0.5261418827214356,0.23918120082004488,0.23467691645851962
0.5261417134944122,0.2391819190836127,0.23467636742197515
0.5261380670361346,0.23918487070515798,0.23467706225870733
0.5261377947064788,0.2391850630118072,0.23467714228171405
0.5261407149263438,0.239182728855503,0.2346765562181532
0.5261411132214716,0.23918241253710829,0.23467647424142024
0.5261384257300863,0.2391845594169348,0.23467701485297898
0.5261362739602411,0.23918627809759063,0.23467744794216838
0.5261363586836146,0.23918606985310914,0.2346775714632763
0.5261383079744485,0.23918379524259134,0.2346778967829601
0.5261387333492554,0.23918423227427685,0.23467703437646764
0.526140438660244,0.23918314047226358,0.2346764208674925
0.5261412237644069,0.23918249946264006,0.23467627677295322
0.5261398285575748,0.23918344399793895,0.23467672744448634
0.5261395164845678,0.23918368813347787,0.23467679538195432
0.5261397973769361,0.2391835161379071,0.2346766864851569
0.5261395403015408,0.23918366977621422,0.23467678992224494
