0.65,0.15,0.2
0.6495240812944711,0.1508395913876138,0.19963632731791514
0.6478214094373937,0.153685458274821,0.1984931322877853
0.6472672268182672,0.15456832241077686,0.198164450770956
0.6421843633578138,0.16201032255190378,0.19580531409028254
0.5686712739585135,0.23897707885166253,0.19235164718982403
0.47352760600511573,0.3135733176477423,0.21289907634714186
0.4302391299350348,0.3240294452295258,0.24573142483543953
0.45106476050721034,0.2834924203362694,0.2654428191565202
0.5093581348067536,0.22636742470231835,0.2642744404909281
0.5594634891478423,0.19609919749661614,0.24443731335554156
0.5752388592151424,0.19917661315251015,0.22558452763234754
0.5487012955034041,0.2333583139072767,0.2179403905893192
0.5080847930379108,0.2645755368751205,0.22733967008696876
0.4957065462394325,0.2629769613567651,0.24131649240380232
0.516148600601216,0.2388380640862587,0.2450133353125254
0.5401038190428962,0.22326843974924396,0.23662774120785984
0.5407660141935764,0.22990913727491497,0.22932484853150867
0.522429150853905,0.24641264371302332,0.23115820543307183
0.5163140233334528,0.24635635352660165,0.2373296231399457
0.5266249452357059,0.23605367353187284,0.23732138123242127
0.5320511533042256,0.23451473567518397,0.23343411102059058
0.5259010858353955,0.24096467431667123,0.23313423984793336
0.5229251699706216,0.24142447575153894,0.23565035427783956
0.5274403327376471,0.23744026499201307,0.2351194022703399
0.5267137453754757,0.23927102609279186,0.23401522853173237
0.5254637070859732,0.23945501105084926,0.23508128186317753
0.5265294066349278,0.23902343817311708,0.23444715519195516
0.5260827170489083,0.23912854110077542,0.23478874185031615
0.5260312509537072,0.2392842076367947,0.2346845414094981
0.5261418617448249,0.23919618646740196,0.2346619517877732
0.526142108326107,0.2391848338796552,0.2346730577942378
0.526139145570919,0.23918444969093922,0.23467640473814183
0.5261393177239025,0.23918384277973673,0.2346768394963608
0.526139451331618,0.2391837268820494,0.23467682178633265
0.5261395499559546,0.239183663306964,0.23467678673708148
0.5261395536782187,0.23918366186980589,0.23467678445197543
0.5261390156258035,0.23918404186257486,0.23467694251162172
0.5261390574296199,0.23918398087077397,0.2346769616996062
0.5261396025176536,0.2391834830804422,0.23467691440190422
0.5261395324407583,0.239183645941155,0.23467682161808676
0.5261396813233746,0.2391835218372759,0.2346767968393495
0.5261395507145346,0.2391836549927051,0.23467679429276028
0.5261391352607214,0.23918406013733626,0.2346768046019424
0.5261395163685193,0.2391836880447683,0.2346767955867123
0.5261395162210329,0.23918368822209995,0.23467679555686716
