0.35,0.2,0.45
0.354599596481452,0.19682280059443422,0.4485776029241138
0.37714358432226597,0.1819236287675673,0.44093278691016674
0.38175694788124864,0.17900869042747602,0.43923436169127533
0.4182440241561155,0.15747096513803158,0.424285010705853
0.5307802797070689,0.10605677832744302,0.363162941965488
0.6276636678503211,0.07789851124724839,0.29443782090243054
0.6835635388548235,0.07038689586445313,0.24604956528072336
0.7136212704596355,0.07513330640323818,0.2112454231371264
0.7188343108880939,0.09563440650520955,0.18553128260669657
0.6799346447741204,0.1500537206896202,0.17001163453625942
0.5844872263690726,0.24384692544549608,0.17166584818543135
0.46813198886359336,0.3414130765734979,0.19045493456290877
0.3679901685154494,0.4013343349940363,0.2306754964905143
0.3556007120931499,0.37854731573188743,0.26585197217496265
0.40431689723301645,0.30248503578127506,0.2931980669857085
0.4736690605624528,0.2335195167958324,0.2928114226417148
0.5494084487749149,0.18190711161070253,0.26868443961438254
0.5950615609977505,0.1651091166391741,0.23982932236307528
0.6053223758092756,0.17909460567422666,0.21558301851649783
0.5650092390522321,0.22781157868519722,0.20717918226257073
0.49315974195954926,0.2838818736620731,0.22295838437837756
0.4719948261096471,0.2847379630241431,0.2432672108662097
0.495207972531488,0.25125683186825054,0.25353519560026155
0.5332664139688456,0.22018934138619656,0.246544244644958
0.554398975938608,0.21233613014564023,0.2332648939157519
0.5443933351583219,0.23097537801294094,0.22463128682873723
0.5141494051301039,0.2546790607792171,0.23117153409067914
0.5115479751098254,0.24813052728793714,0.24032149760223745
0.5301716154133501,0.23175521057276866,0.23807317401388123
0.5357017665765712,0.23229304495255848,0.23200518847087037
0.5242396423368509,0.2432353868081635,0.23252497085498564
0.5210548521822612,0.24241343383008823,0.23653171398765063
0.5287641448301214,0.23603866962635234,0.2351971855435263
0.5276556577702517,0.23885835356630222,0.23348598866344605
0.5242888410074991,0.2404733557081857,0.2352378032843152
0.5272646188076405,0.23809929864251025,0.23463608254984922
0.5257227669960045,0.23975667511509655,0.23452055788889908
0.526317975064364,0.23888771407974785,0.2347943108558882
0.5259841211117715,0.23937730075986394,0.23463857812836453
0.5262585139293957,0.23908467282096266,0.23465681324964174
0.5261250799017126,0.23917872606033308,0.23469619403795422
0.52613411960921,0.23918190960893568,0.23468397078185435
0.5261409650796008,0.2391811670343655,0.23467786788603368
0.5261398961754981,0.23918332394499495,0.234676779879507
0.526139526042168,0.23918368380813196,0.23467679014970014
0.5261395163390538,0.2391836881095894,0.23467679555135684
0.5261395226211997,0.23918368300373466,0.2346767943750656
0.5261395165704431,0.23918368790317956,0.2346767955263773
0.5261395163976899,0.23918368803511497,0.23467679556719523
