0.65,0.2,0.15
0.6477973907834371,0.2020976027261487,0.15010500649041422
0.6387746710023048,0.21064799314357355,0.1505773358541217
0.6364836867988078,0.2128086128201676,0.15070770038102457
0.6176205307674566,0.23044788131206784,0.15193158792047556
0.47489913249752747,0.3563557828258989,0.16874508467657354
0.35377846126635015,0.4514507827526624,0.1947707559809875
0.2747214679429295,0.502128738738803,0.22314979331826754
0.2302724156093976,0.5051468247487504,0.2645807596418519
0.25228270572567213,0.44390672304984213,0.30381057122448574
0.29879399745134133,0.3727940106734897,0.328411991875169
0.35540783471806064,0.3044343446054686,0.34015782067647077
0.45931631581142185,0.21085657635832994,0.3298271078302482
0.5532678949273983,0.15391216495486015,0.29281994011774154
0.6142749493815484,0.1317089962885219,0.2540160543299298
0.6456257020941063,0.1344204569182866,0.21995384098760706
0.636461431549214,0.1645492291893524,0.19898933926143372
0.5867501652817447,0.2196695044585036,0.1935803302597518
0.5327320494820424,0.2675871314250057,0.1996808190929519
0.49396968848659895,0.2971345695757894,0.2088957419376117
0.4458092797314985,0.3220639579920505,0.23212676227645107
0.44498044187274466,0.2972949149610861,0.2577246431661692
0.49290922926856146,0.24226631248533648,0.26482445824610207
0.5469751165924691,0.20369183662193044,0.24933304678560042
0.5712964295740297,0.19866320614738836,0.23004036427858193
0.5552183090870998,0.22568789681106707,0.2190937941018332
0.5087355251503529,0.26302773687891723,0.22823673797072982
0.5010290148886869,0.25591443873747177,0.24305654637384141
0.5241040631742547,0.23304962441496913,0.24284631241077614
0.5418029260984696,0.22452646142561844,0.2336706124759121
0.5344508416170402,0.23640953387333818,0.2291396245096216
0.5169747888810929,0.24810994476711132,0.2349152663517957
0.5216071417229295,0.24040650760917667,0.23798635066789378
0.5315695289980538,0.23416127655822794,0.23426919444371838
0.5267008811315071,0.24024211463353265,0.23305700423496023
0.5233111194960788,0.241053096616024,0.23563578388789713
0.5277131410827409,0.2374452063181857,0.23484165259907336
0.5262440439338117,0.23960780464122436,0.23414815142496395
0.5257347893488278,0.23922439079655652,0.23504081985461578
0.5263907967678244,0.23914131575872946,0.23446788747344616
0.5260949848960775,0.2391253077830478,0.23477970732087478
0.5260376135396237,0.23927707572458376,0.23468531073579246
0.526143568061795,0.2391941681278246,0.23466226381038052
0.5261429430557546,0.23918400873130402,0.23467304821294144
0.5261394002472328,0.2391842608989576,0.23467633885380954
0.5261394285929276,0.23918377180762135,0.23467679959945106
0.5261395242316973,0.23918368121268171,0.23467679455562113
0.5261395182429672,0.23918368655038436,0.23467679520664836
0.5261396049334235,0.23918361724004183,0.23467677782653473
0.5261394983058132,0.23918370272343026,0.2346767989707564
