0.45,0.25,0.3
0.4519166901323935,0.2482675067514215,0.299815803116185
0.4589583257061628,0.24203396513654873,0.29900770915728847
0.460887475559894,0.24036164877700672,0.29875087566309927
0.47631196416961846,0.2275213021414951,0.2961667336888864
0.5527430930193237,0.17712162739254686,0.2701352795881295
0.602728916040447,0.16055066511502414,0.23672041884452882
0.6090719841542426,0.17791775816889124,0.21301025767686624
0.5599019221788301,0.23413366136948502,0.205964416451685
0.48687552748185825,0.2890958317600757,0.22402864075806603
0.4681238207521999,0.28786662787519607,0.24400955137260408
0.490286843827346,0.25492411090596234,0.2547890452666917
0.5383049630031325,0.21619824816457592,0.24549678883229165
0.5568863122763521,0.21104860507686446,0.23206508264678338
0.543536779199747,0.23254166713773328,0.22392155366251987
0.5105190508958587,0.2568253251827045,0.2326556239214369
0.5106408394921543,0.2486155627382407,0.24074359776960508
0.530170308556494,0.23141045279491576,0.23841923864859013
0.5365420089626752,0.23147985356625386,0.2319781374710709
0.5248403676658497,0.24303163527794244,0.23212799705620776
0.520408710427907,0.24304912200158477,0.2365421675705083
0.5282058698108055,0.23615054864106938,0.23564358154812515
0.5283142745008889,0.23829283290874587,0.2333928925903654
0.5239799520469743,0.24092877176877478,0.23509127618425096
0.5270305930613903,0.23807043350614088,0.23489897343246885
0.5261338262499784,0.23952290419138164,0.23434326955864004
0.5260766670910009,0.2390389149573025,0.23488441795169662
0.5260277092599221,0.23936384997204593,0.234608440768032
0.5262659590806624,0.23907775167388254,0.23465628924545506
0.5261257172374116,0.23917753508425485,0.23469674767833348
0.5261258951114848,0.2391920363282195,0.23468206856029575
0.5261373946950523,0.23918476597611957,0.23467783932882813
0.526140046199125,0.23918308967797486,0.23467686412290006
0.5261465933609413,0.23917758585360846,0.23467582078545024
0.5261386230453117,0.23918449546361323,0.23467688149107518
0.5261391069793637,0.23918405216037933,0.23467684086025695
0.5261409349652933,0.23918242336038903,0.23467664167431757
0.5261412436698707,0.23918214799494156,0.23467660833518778
0.5261385803915668,0.23918452276529586,0.23467689684313725
0.5261385764963347,0.2391844687388845,0.23467695476478093
0.5261392514700359,0.23918364664726505,0.234677101882699
0.5261393917830222,0.23918374728658448,0.23467686093039342
0.5261405215732324,0.2391829050443739,0.23467657338239378
0.5261436161121992,0.2391807123741802,0.2346756715136205
0.5261396615781513,0.23918357515709093,0.23467676326475784
0.5261395164288479,0.23918368804764964,0.2346767955235025
0.5261397059060975,0.2391835697530146,0.23467672434088793
0.5261395164141354,0.23918368803051504,0.23467679555534965
