0.5,0.25,0.25
0.5005641247359441,0.2494168022195456,0.25001907304451026
0.5019927373975063,0.24796403493152233,0.25004322767097137
0.5025713437176756,0.24738509738081066,0.2500435589015137
0.5073195153288738,0.24282202329094305,0.24985846138018317
0.5418188223173345,0.21827679183085563,0.23990438585180995
0.54915346312724,0.222394331664189,0.22845220520857104
0.5270821669974737,0.24503574740154369,0.22788208560098275
0.5115169700932547,0.2510166916866279,0.23746633822011753
0.5228385474563658,0.23781330915663768,0.23934814338699656
0.5345373883843096,0.23178326480903447,0.23367934680665597
0.5276336811424481,0.24028582210386273,0.2320804967536892
0.5213325933357325,0.2428377865700788,0.23582962009418884
0.5275300158198507,0.2369552202829313,0.2355147638972181
0.5278282453622226,0.2384835417734047,0.23368821286437255
0.5245749461647597,0.2403171222204703,0.2351079316147698
0.5270901074551652,0.2383223521956229,0.2345875403492119
0.5256721269114808,0.23969742344851291,0.23463044964000623
0.5264029416641891,0.23889132341009847,0.2347057349257124
0.5259640646175252,0.23933744903309337,0.23469848634938148
0.5262025677124486,0.23915260689002285,0.23464482539752862
0.5261618071663443,0.23916142279895777,0.23467677003469795
0.5261433269643314,0.23917920204154342,0.23467747099412517
0.5261382650295924,0.239184732624449,0.23467700234595856
0.5261377911672712,0.239185080845395,0.23467712798733373
0.5261404000493326,0.23918296580959347,0.23467663414107398
0.5261407536273974,0.2391826923322422,0.23467655404036045
0.5261387308545482,0.23918432080463728,0.2346769483408145
0.5261384078141272,0.23918458014619035,0.23467701203968247
0.5261402682885669,0.23918308295948504,0.23467664875194816
0.5261396136591835,0.2391836103839583,0.2346767759568583
