0.55,0.25,0.2
0.548688311167979,0.251130491488296,0.200181197343725
0.5445360553466101,0.25467687716801585,0.20078706748537412
0.5432169745894224,0.2557932308568102,0.20098979455376742
0.5326918428780175,0.2645224167156252,0.2027857404063573
0.46365704074886105,0.31056388456300665,0.22577907468813233
0.45208656284912135,0.2940959929915479,0.2538174441593306
0.5014005908338482,0.23774585176295546,0.2608535574031963
0.5466568051359936,0.20641386543647866,0.24692932942752777
0.5668217900554456,0.2026927828539428,0.23048542709061162
0.5498440770725076,0.22959132952453257,0.22056459340295986
0.5088653146244694,0.2613558429048267,0.22977884247070385
0.5046281536303725,0.25284297586379245,0.24252887050583516
0.5260241415591225,0.2324475910035393,0.24152826743733824
0.540205218047875,0.22602900566302905,0.233765776289096
0.5338403876591716,0.2364545955425636,0.22970501679826477
0.5183873928215379,0.24722761446266567,0.2343849927157964
0.5226320369267001,0.23976524868709304,0.23760271438620692
0.5309939574755821,0.23466755066307135,0.23433849186134645
0.5270602317315426,0.23979941697005797,0.23314035129839955
0.5237126464189564,0.24071582438284422,0.23557152919819943
0.5277883030104273,0.23766515226782725,0.2345465447217454
0.5255821025775601,0.2399836328648945,0.23443426455754546
0.5262531469980101,0.23884699106466964,0.2348998619373203
0.5259831974252503,0.2394295008289281,0.23458730174582154
0.5263050174383604,0.2390240959130776,0.23467088664856192
0.5260852768072378,0.23920706831578228,0.23470765487697992
0.5261153450461038,0.2392048273282695,0.23467982762562667
0.526134706460165,0.23918812216342375,0.23467717137641114
0.526139196984358,0.2391837793589119,0.2346770236567302
0.5261396883635466,0.23918349813953008,0.23467681349692335
0.5261395911646567,0.2391836600193,0.2346767488160434
0.5261394520311292,0.2391837619480533,0.23467678602081737
0.5261394648850289,0.23918370745217013,0.23467682766280107
0.5261401343845549,0.23918310762023107,0.23467675799521417
