0.05,0.3,0.65
0.051620291399785634,0.29762571636020857,0.6507539922400059
0.06172720799744838,0.28373123360532887,0.6545415583972228
0.06372604629274028,0.28114693927561274,0.655127014431647
0.08216545262786962,0.2592906326664381,0.6585439147056923
0.1440580137032957,0.20262373245922316,0.6533182538374811
0.25569061804298204,0.1343457831991161,0.609963598757902
0.38717261340248393,0.08367942330210087,0.5291479632954152
0.5037347967400064,0.054812985199721095,0.44145221806027246
0.5515678557001727,0.04611969292378419,0.4023124513760431
0.640655682647232,0.034125605561729735,0.32521871179103823
0.6990835498773045,0.02954129780626095,0.2713751523164346
0.7418480506271448,0.02914770532616473,0.22900424404669045
0.7704638479383942,0.03345851709270142,0.1960776349689045
0.7830987926225975,0.04607885090752697,0.17082235646987556
0.7667691459983587,0.08055973304648001,0.15267112095516133
0.6863995973666173,0.16723809591972225,0.14636230671366046
0.6389790405498624,0.2128189999981312,0.14820195945200632
0.5158785477707475,0.32405693553928044,0.16006451668997213
0.35959931412121743,0.451583311208442,0.18881737467034054
0.2766459098082621,0.5099062032741927,0.2134478869175453
0.21472594971324052,0.5414968919923854,0.24377715829437405
0.19680089253491406,0.5266575589893924,0.2765415484756936
0.22343779127167684,0.4650571284496191,0.3115050802787041
0.27059607536581054,0.392439783215648,0.3369641414185415
0.3511825904145954,0.2958696635638,0.3529477460216046
0.454322609263045,0.20597002034259715,0.3397073703943578
0.5475193856958325,0.15027215105956132,0.3022084632446063
0.6111530601777455,0.12610243779496808,0.2627445020272864
0.6516193396224742,0.12447796868073899,0.22390269169678684
0.6517405376707983,0.14799081267967562,0.20026864964952606
0.5853259106736348,0.22386802997961908,0.19080605934674608
0.5035910052435962,0.29309051170248956,0.2033184830539143
0.4678831520078992,0.31737355361412334,0.21474329437797746
0.43298542532378426,0.32971110606435394,0.2373034686118618
0.4446842109425906,0.29146052425816776,0.2638552647992417
0.5056434727998811,0.2290403528722167,0.26531617432790233
0.5512717192706801,0.1993423210007917,0.24938595972852817
0.5755184829684598,0.1959754261315358,0.22850609090000457
0.5567508874338818,0.22552957619239122,0.21771953637372704
0.5048075436153397,0.266368519847166,0.22882393653749436
0.49722909806046456,0.25972092100329225,0.24304998093624317
0.5226929123272737,0.23340128888362122,0.2439057987891051
0.5428942303828689,0.2230367675441305,0.2340690020730006
0.5364819498142731,0.23486922832733978,0.22864882185838725
0.517683655159636,0.24882107119184632,0.23349527364851774
0.5197443900541436,0.24195785058336222,0.23829775936249417
0.5315007954799928,0.23355602147959337,0.2349431830404138
0.5284353944309492,0.23892037833406787,0.232644227234983
0.5226425637201301,0.24195615169980753,0.23540128458006243
0.5272717764670203,0.23751847987464475,0.23520974365833494
0.5269981916999529,0.23902128461145053,0.23398052368859656
0.5252748399899863,0.23965548285629742,0.23506967715371635
0.5267737744883166,0.23872820689038976,0.23449801862129366
0.525795814029462,0.23941722708591268,0.23478695888462542
0.5262438995603674,0.23915212540113204,0.23460397503850047
0.5261940017199295,0.2391255200884575,0.23468047819161303
0.5261419750351478,0.23917455739256835,0.23468346757228398
0.5261405740035983,0.23918158792164507,0.23467783807475673
0.5261398413988214,0.2391833809466156,0.2346767776545629
0.5261394985769273,0.2391837041688524,0.23467679725422017
0.5261395099464405,0.2391836928777305,0.2346767971758291
0.5261398257156281,0.23918346454344774,0.23467670974092422
0.5261395189365851,0.23918368612369678,0.2346767949397182
0.52613950663793,0.23918369547480323,0.2346767978872668
