0.15,0.3,0.55
0.15347841188768976,0.29637499337361217,0.5501465947386981
0.17278103660750105,0.2770691777633313,0.5501497856291676
0.17668944145165538,0.27332012679018636,0.5499904317581582
0.2104300451213477,0.24301216970048853,0.5465577851781638
0.3365358440184931,0.15628854715296978,0.5071756088285371
0.46514733955485943,0.09890004594633015,0.4359526144988104
0.5668413895356514,0.06901274982406827,0.3641458606402803
0.6543877217275278,0.052622331098757885,0.29298994717371424
0.706306873591003,0.04846290872360312,0.24523021768539388
0.7378586971900257,0.05181991425251274,0.21032138855746157
0.751291378615719,0.06617656605139137,0.1825320553328896
0.7329344764821099,0.10320086536907971,0.1638646581488105
0.7091652891087902,0.1314222880623693,0.15941242282884055
0.6373882277396152,0.2040708444726712,0.15854092778771361
0.5244415334863636,0.3060183032223574,0.16954016329127897
0.3925950617550451,0.40984253456398045,0.1975624036809745
0.31420596947820956,0.4519643726942193,0.23382965782757117
0.3083979907687061,0.4080351751700504,0.2835668340612435
0.348084427663952,0.34512232454351366,0.3067932477925344
0.4034174243583137,0.2805709916536602,0.31601158398802626
0.4899210673038522,0.20621290291461286,0.30386602978153504
0.5635188184335982,0.1629338262736662,0.2735473552927356
0.6145443163792723,0.14784851697574816,0.23760716664497966
0.6252587487700607,0.1626402621451801,0.21210098908475913
0.5846753755190229,0.21485126939067176,0.20047335509030523
0.5035931583948352,0.2837069886117523,0.21269985299341249
0.4600861100926159,0.304574161010098,0.2353397288972861
0.45909237300546774,0.2902543369313969,0.2506532900631354
0.4968726384978792,0.24440552880706506,0.2587218326950558
0.5435619788144063,0.21027904919303866,0.2461589719925552
0.5630716706242607,0.20712116863591254,0.22980716073982688
0.5467250147915496,0.23130619380537096,0.2219687914030795
0.5095815780028127,0.25949857277649596,0.23091984922069145
0.5049063468148489,0.25435702350537753,0.2407366296797736
0.5242541354592876,0.23447708459071845,0.2412687799499941
0.538820997654943,0.22743894787928773,0.23374005446576937
0.5320375371986081,0.23771181736826313,0.2302506454331288
0.5185883800077121,0.2461938175632514,0.23521780242903656
0.5253073036998543,0.23775447020832555,0.23693822609182014
0.5304004283462098,0.23598995803197878,0.2336096136218113
0.5246554200303125,0.24131502925626636,0.2340295507134211
0.5251103772618018,0.23933547438030678,0.2355541483578914
0.5272868101469492,0.23852208222566693,0.23419110762738377
0.5253090229460409,0.23981140291999853,0.23487957413396066
0.5266401665598621,0.2387621496397907,0.2345976838003472
0.525867734530508,0.2393892044690838,0.23474306100040823
0.526247434431516,0.23912847324439507,0.23462409232408904
0.5261666224516629,0.23914605781101483,0.2346873197373223
0.5261358395442207,0.23918144357560947,0.2346827168801698
0.5261409038583529,0.23918123173559291,0.2346778644060542
0.5261402599029131,0.23918378393387635,0.23467595616321052
0.526141733280174,0.23918162162162745,0.2346766450981987
0.5261382090546033,0.23918490090965427,0.23467689003574246
0.5261404192349319,0.23918283595569148,0.23467674480937667
0.526138756705973,0.23918440430726778,0.23467683898675915
0.5261402117040729,0.23918303350450984,0.23467675479141722
0.5261389764502464,0.23918419647166836,0.2346768270780853
0.5261389614554028,0.2391841702757681,0.2346768682688291
0.5261393827333104,0.23918364440462322,0.23467697286206637
0.5261394625370248,0.23918370824067306,0.23467682922230226
0.5261402776876218,0.23918308061893648,0.23467664169344182
0.5261433234237043,0.23918097744699388,0.23467569912930183
0.5261399650427083,0.2391833369896503,0.23467669796764137
0.5261395164397086,0.2391836880707704,0.23467679548952108
0.5261395164000953,0.23918368803300755,0.23467679556689708
0.5261395163993515,0.23918368803353335,0.23467679556711524
