0.2,0.3,0.5
0.20378318190431308,0.2961851768072611,0.5000316412884258
0.22361006016784254,0.27691410199553423,0.49947583783662314
0.22771797878286856,0.27306921262676626,0.49921280859036526
0.26239063431821147,0.24253497958140116,0.4950743861003873
0.39855503683599725,0.15090044185736576,0.45054452130663697
0.5221343450272823,0.09745000357107153,0.3804156514016461
0.6109279083405978,0.07246134963480465,0.3166107420245976
0.6722630818055563,0.06224118072288368,0.2654957374715602
0.7105877090428753,0.061681208227553776,0.22773108272957104
0.7320329773804589,0.07212846661127403,0.195838556008267
0.7247883848157386,0.1008739861167892,0.17433762906747213
0.6995944385952463,0.13379819196490042,0.16660736943985327
0.6148145332444949,0.2197809516458668,0.16540451510963836
0.5000973782751285,0.3205585300817619,0.17934409164310974
0.3984829198311355,0.3961545756108018,0.2053625045580627
0.3410457682875413,0.42076087437493825,0.23819335733752045
0.3364867509015193,0.3924108948811523,0.27110235421732853
0.3881722651992279,0.3120265360568983,0.29980119874387384
0.4210126758831622,0.2754745747589354,0.30351274935790234
0.515831516754807,0.19699765848167883,0.2871708247635142
0.5743002908421786,0.16575339139691686,0.2599463177609045
0.6123060800611944,0.16047463277842627,0.22721928716037937
0.605127070198887,0.18644354888262576,0.20842938091848734
0.5241365485380086,0.26510870525809893,0.21075474620389248
0.475233369107056,0.29497529196448546,0.2297913389284585
0.4669004161247941,0.28655703560229895,0.246542548272907
0.497375508796502,0.24705056463171815,0.2555739265717798
0.5451166255196529,0.21216886454517858,0.24271450993516863
0.558444418178296,0.2122243375961501,0.22933124422555395
0.539411723255621,0.23682862753907072,0.22375964920530816
0.5085426481957487,0.25771999687196917,0.2337373549322822
0.5108007528202979,0.2480840245305414,0.24111522264916072
0.5319336340729799,0.23023798055779254,0.23782838536922746
0.5359625263306848,0.23269348276664262,0.23134399090267269
0.5228509718772992,0.24437065403584732,0.2327783740868535
0.5208984901698188,0.2422718336352616,0.23682967619491954
0.5292826945049144,0.23563740395837823,0.23507990153670744
0.5275574897084476,0.2390588864936182,0.2333836237979342
0.5241068160580572,0.24058631557132296,0.23530686837061993
0.527342635575393,0.23797140074481762,0.2346859636797894
0.5258249116657031,0.23973938119120364,0.23443570714309322
0.5262057452163288,0.23893796304663814,0.23485629173703307
0.5260335203665274,0.23936578074062756,0.23460069889284513
0.5262673512961018,0.23906080635368443,0.23467184235021382
0.5260996584779258,0.23919966358813038,0.23470067793394364
0.5261256779965545,0.23919096045281601,0.2346833615506294
0.5261370888054216,0.239184686270895,0.23467822492368343
0.5261401306349238,0.2391829864932623,0.2346768828718139
0.526143580241643,0.23917947915001045,0.2346769406083465
0.5261397115054645,0.2391832696917966,0.23467701880273906
0.5261390154238652,0.2391841795056945,0.23467680507044028
0.5261393178850455,0.23918332704609316,0.2346773550688613
0.5261395167175231,0.23918368774590046,0.23467679553657642
0.5261382814833361,0.23918467413643496,0.2346770443802289
0.526138323070557,0.239184576374643,0.23467710055480007
0.526139294507941,0.2391835248419062,0.2346771806501528
0.5261393700008341,0.23918374219364477,0.23467688780552115
0.526140740659328,0.23918271916082504,0.23467654017984704
0.5261442576759436,0.2391801986071694,0.23467554371688698
0.5261396213298978,0.2391836070092096,0.23467677166089265
0.5261395164322835,0.23918368804372625,0.23467679552399018
0.5261396801881033,0.2391835841081049,0.23467673570379186
0.5261395164620647,0.23918368799224354,0.2346767955456918
