0.6000000000000001,0.30000000000000004,0.10000000000000002
0.595717541528899,0.3040524646155448,0.10022999385555618
0.5763540640076362,0.32236389022697765,0.10128204576538616
0.5719443377852702,0.3265314023891428,0.10152425982558703
0.5360969276793138,0.36037932972814357,0.10352374259254253
0.3179144178259797,0.5674089504407847,0.11467663173323564
0.14943568727050652,0.7390690235766995,0.1114952891527941
0.06728259916546235,0.8369833676266494,0.09573403320788827
0.03909057213493169,0.8770314921859237,0.08387793567914457
0.009883236480316752,0.9319729583731993,0.05814380514648399
0.004044120517919266,0.9504285554688566,0.045527324013224166
0.0020488690223718657,0.9601691980144805,0.037781932963147635
0.0010168677390009907,0.9677981847521293,0.031184947508869673
0.0004275292795953278,0.9749636265684098,0.024608844151994776
0.00017623418099263632,0.9804975307440329,0.01932623507497445
0.0,0.9848781469019338,0.015121853098066308
0.0,0.988203945790563,0.011796054209437074
0.0,0.9908192323871707,0.009180767612829223
0.0,0.9928674924057719,0.007132507594228125
0.0,0.9944665622818941,0.0055334377181058625
0.0,0.9955246622339653,0.0044753377660346145
0.0,0.9962399088906578,0.0037600911093421444
0.0,0.9969530248631591,0.003046975136840957
0.0,0.9975437043645162,0.0024562956354837653
0.0,0.9980206745138991,0.0019793254861008745
0.0,0.9984054727419583,0.0015945272580416322
0.0,0.998715753557178,0.0012842464428219982
0.0,0.9989658452708777,0.0010341547291222131
0.0,0.9991673571136931,0.0008326428863068607
0.0,0.9993296825221202,0.0006703174778798003
0.0,0.9994604137978033,0.0005395862021967072
0.0,0.9995656821035287,0.00043431789647133156
0.0,0.999650435181232,0.000349564818767967
0.0,0.9997186635167358,0.0002813364832642818
0.0,0.9997735840811276,0.00022641591887244305
0.0,0.9998177893201711,0.0001822106798289388
0.0,0.9998533677820478,0.0001466322179522315
0.0,0.9998820016626222,0.00011799833737784321
0.0,1.0,0.0
