0.25,0.7,0.05
0.254725523054754,0.6952311565255096,0.050043320419736394
0.27830017105456695,0.6714400340184244,0.05025979492700858
0.28335762304804274,0.6663360620091424,0.050306314942814956
0.32554949255795446,0.6237549948523494,0.05069551258969609
0.5260566981366299,0.42138790484367905,0.05255539701969092
0.734010406960823,0.21168889367220697,0.05430069936697018
0.8308909501738645,0.11437876748640254,0.05473028233973287
0.8966202294503709,0.04902651523205677,0.05435325531757243
0.913758681055474,0.03229891563366176,0.05394240331086427
0.9279636799568011,0.018747234929145058,0.053289085114053864
0.9397053157729983,0.008143765002444228,0.052150919224557495
0.9456216121019281,0.003465357949036825,0.050913029949035134
0.9488978677003027,0.0014603460674641215,0.04964178623223299
0.9510275125251065,0.0006103759901387146,0.048362111484754805
0.9526617042713024,0.0002532026805579885,0.047085093048139716
0.9540797287728275,0.00010428214819523027,0.04581598907897726
0.9554404640407241,0.0,0.04455953595927581
0.9566873943303903,0.0,0.043312605669609726
0.9579196754198394,0.0,0.04208032458016067
0.959136554910701,0.0,0.04086344508929896
0.9603371526343278,0.0,0.03966284736567217
0.9615205757664745,0.0,0.03847942423352541
0.9626859667372754,0.0,0.03731403326272465
0.9638325232354329,0.0,0.036167476764567205
0.9649595065640174,0.0,0.03504049343598263
0.9660662450243598,0.0,0.0339337549756402
0.9666118311492515,0.0,0.03338816885074844
0.967327307140444,0.0,0.03267269285955605
0.9681868589747799,0.0,0.031813141025220086
0.9690518679378841,0.0,0.03094813206211597
0.969901684991203,0.0,0.030098315008797026
0.9707361088971217,0.0,0.029263891102878307
0.9715549683696256,0.0,0.028445031630374363
0.9723581213262416,0.0,0.02764187867375841
0.973145454062139,0.0,0.026854545937860984
0.9739168803558662,0.0,0.02608311964413377
0.9746723405157188,0.0,0.025327659484281107
0.9754222325684934,0.0,0.024577767431506664
0.9761902429242226,0.0,0.02380975707577741
0.9770100825047854,0.0,0.022989917495214614
0.9779352360313986,0.0,0.02206476396860143
0.9790499654744337,0.0,0.02095003452556637
0.9805043475781373,0.0,0.01949565242186271
0.9816229793551629,0.0,0.018377020644837105
0.984552291409307,0.0,0.015447708590693002
0.9897865645048194,0.0,0.010213435495180575
0.9968354723173328,0.0,0.0031645276826671206
0.9985896253360296,0.0,0.001410374663970398
0.999280442770908,0.0,0.0007195572290919802
0.9996612369825821,0.0,0.00033876301741781823
0.9998407779889205,0.0,0.00015922201107944784
1.0,0.0,0.0
