0.2,0.5,0.3
0.19796178468155717,0.5028886505773276,0.2991495647411153
0.18952793180445407,0.5151040303844419,0.29536803781110416
0.18750765787169787,0.5180944816323769,0.2943978604959253
0.17134708636792156,0.5429578912939843,0.2856950223380941
0.10560848564687544,0.6644340542123489,0.22995746014077567
0.0891382196342255,0.7011075625512859,0.2097542178144886
0.08761927425345892,0.7046418632741035,0.20773886247243756
0.07590314341551384,0.7328457438550561,0.19125111272943007
0.036329861618662564,0.8435429948594931,0.12012714352184425
0.02465836898873507,0.8828269878649985,0.09251464314626646
0.024068796006749014,0.8849350967844942,0.09099610720875677
0.019757696557843617,0.9008035135097895,0.07943878993236689
0.007504601002156823,0.9523162520445917,0.040179146953251615
0.004411099631130993,0.9681281806222544,0.027460719746614785
0.004290694948308246,0.9687896456612707,0.026919659390420955
0.003434346013945322,0.9736331390442043,0.022932514941850238
0.0014684477767653802,0.9861300384953544,0.012401513727880321
0.0006626015709036236,0.9923807635867663,0.006956634842330146
0.0006438529950828938,0.9925432634498031,0.006812883555114058
0.0005115955690271658,0.9937251994284589,0.005763205002513951
0.00024006457878674126,0.9964386980743962,0.003321237346816888
0.0001044434196700956,0.9980852477132841,0.0018103088670456979
0.0,0.9990150029968174,0.0009849970031824984
0.0,0.9994646245685954,0.0005353754314046051
0.0,0.9997091582168895,0.0002908417831104491
0.0,0.9998420452588861,0.00015795474111393986
0.0,1.0,0.0
