0.85,0.05,0.1
0.8490042417760516,0.05097825149086787,0.10001750673308048
0.8439625948836401,0.055938782399917605,0.10009862271644228
0.8428495036293999,0.05703563471423042,0.10011486165636968
0.8331252736494513,0.06664292536569064,0.10023180098485804
0.7644345967000575,0.13562233837214063,0.09994306492780176
0.6155513239565575,0.2903187997592959,0.0941298762841466
0.47777196475830397,0.43838712706451816,0.0838409081771779
0.32010711615134063,0.6131409012139041,0.06675198263475532
0.1616795420103944,0.7954965427201167,0.042823915269488914
0.08071299271584587,0.8928256484673204,0.026461358816833716
0.03518450465396991,0.9501708008365131,0.01464469450951699
0.015017630316512308,0.9770624298386317,0.007919939844856106
0.007784340225529365,0.9873002993317885,0.004915360442682149
0.0034718954169248037,0.9937970325474011,0.002731072035674028
0.0015354869352130795,0.9969577040963183,0.0015068089684685485
0.0006772959712142964,0.9984933243505832,0.000829379678202513
0.0002983518792934099,0.9992456888519653,0.00045595926874127026
0.00013133518561608902,0.9996181511608578,0.0002505136535260656
0.0,0.9998623982680787,0.0001376017319214116
0.0,1.0,0.0
