0.7,0.1,0.2
0.6987650980848799,0.10103491677888386,0.20019998513623627
0.6937485679947163,0.10525618657846252,0.20099524542682118
0.6924516449829777,0.1063519892638608,0.2011963657531615
0.6815809785048432,0.11560935603837455,0.20280966545678233
0.5810133642009108,0.2073878199437879,0.21159881585530133
0.40742566306911404,0.39206166721080105,0.20051266972008483
0.29152706786194393,0.5340428004727272,0.17443013166532884
0.19856682829582548,0.6598282209216567,0.14160495078251772
0.09314204431198667,0.8192277480329108,0.0876302076551025
0.03557949847879306,0.9193057560269792,0.04511474549422777
0.012012897212454882,0.9672084669600786,0.020778635827466474
0.00548027518076353,0.982736767782193,0.011782957037043514
0.0024622115693300195,0.9909472823724815,0.006590506058188482
0.0010970851396177725,0.9952441723360356,0.0036587425243465675
0.00048664204899483485,0.9974903767866014,0.002022981164403832
0.00021534383561575013,0.998668540724646,0.001116115439738334
0.0,0.9993848792294876,0.0006151207705123668
0.0,0.9996612544411675,0.0003387455588324695
0.0,0.9998135113936989,0.00018648860630109977
0.0,0.999885385282231,0.00011461471776891143
0.0,1.0,0.0
