0.5,0.25,0.25
0.497631286166973,0.2522268638467516,0.25014184998627537
0.4882069201671264,0.2611651253741283,0.25062795445874525
0.48576264367591687,0.26350399106896044,0.2507333652551227
0.46556704951534394,0.2831624747046974,0.2512704757799586
0.31892484774487473,0.4459265378579495,0.2351486143971757
0.22494643672777773,0.5716468669645973,0.20340669630762495
0.1356865874336688,0.71034142333691,0.15397198922942124
0.06062759002191666,0.8476938168276962,0.09167859315038711
0.022318307422240734,0.9318551850315164,0.04582650754624278
0.009420507269292357,0.9658270041346282,0.024752488596079366
0.0031894206986094924,0.9854959437912415,0.011314635510148933
0.001361480138855554,0.9925431825596955,0.006095337301449023
0.0006684874656704979,0.9957003246661921,0.0036311878681373542
0.00031521741005668735,0.9975855981075265,0.002099184482416954
0.00014799137339907543,0.9986427419128592,0.001209266713741866
0.0,0.9993040581324086,0.0006959418675913855
0.0,0.999599758759981,0.00040024124001900876
0.0,0.9997734567016057,0.00022654329839442
0.0,0.9998717969986852,0.00012820300131468043
0.0,1.0,0.0
