0.05,0.05,0.9
0.05007973985905177,0.04775166181319073,0.9021685983277575
0.05053124435849143,0.03516460934199841,0.9143041462995102
0.05059548393764274,0.03339240338451212,0.9160121126778451
0.05103563431163751,0.021364268346839497,0.927600097341523
0.05152901359059763,0.008100020298278911,0.9403709661111235
0.05173622657084432,0.0025924508863875116,0.9456713225427682
0.05179583537104981,0.001014682691130872,0.9471894819378194
0.05181526301985648,0.0005010839481835991,0.9476836530319599
0.05182500532101506,0.00024364699452455183,0.9479313476844604
0.05182662186632548,0.00020093777939334255,0.9479724403542812
0.05182713869728062,0.00018728351696424813,0.9479855777857551
0.05183019201267349,0.0001066217450663935,0.9480631862422602
0.051834898858759686,0.0,0.9481651011412403
0.0518345196440748,0.0,0.9481654803559252
0.05183435490355717,0.0,0.9481656450964429
0.051834283352323214,0.0,0.9481657166476768
0.05183425227876435,0.0,0.9481657477212356
0.051834238784591806,0.0,0.9481657612154082
0.05183423850975333,0.0,0.9481657614902467
