0.2,0.4,0.4
0.19828735300491293,0.4035371011932093,0.3981755458018778
0.19089221590247082,0.4191089190165904,0.3899988650809388
0.18913946618662178,0.42287003222006736,0.3879905015933109
0.17471597422000618,0.4548223020349478,0.37046172374504616
0.1204399925595121,0.5902941827822056,0.2892658246582823
0.08963897442351207,0.6776393700582519,0.23272165551823593
0.08804467463325556,0.6823749354513646,0.2295803899153797
0.07573273345772943,0.7197015139625542,0.20456575257971632
0.04008030866436528,0.8364521618207869,0.12346752951484785
0.021855031583114224,0.9029563495234081,0.07518861889347773
0.021305176422784906,0.9050705434520939,0.07362428012512118
0.01732302505060617,0.9206332104270882,0.062043764522305596
0.006068318505327721,0.9680850339054843,0.025846647589187897
0.003555957985752137,0.9799408218323392,0.016503220181908546
0.0035559579857521373,0.9799408218323393,0.01650322018190855
0.003457632638656108,0.9804235373380011,0.016118830023342832
0.0027609100913599228,0.9838989856847892,0.013340104223850858
0.0012632547480490384,0.9918307527244344,0.006905992527516533
0.000542513131938372,0.9960710538785973,0.003386432989464237
0.0005157818750223167,0.9962390729345212,0.0032451451904564623
0.0005012450125005063,0.9963309253518918,0.0031678296356076993
0.0003987155847582651,0.996989563973096,0.0026117204421457854
0.00019221517801371223,0.9983966648366642,0.00141111998532203
0.0,0.9992823115313038,0.0007176884686962433
0.0,0.9996352877251531,0.0003647122748469041
0.0,0.9998147213949591,0.00018527860504087223
0.0,1.0,0.0
