0.05,0.45,0.5
0.049565282179287774,0.45259230452725036,0.4978424132934619
0.04778604675178853,0.46354846134989436,0.48866549189831715
0.04734779473275782,0.46633264502512006,0.48631956024212214
0.043774147867942745,0.4902982968767591,0.4659275552552982
0.030437390525041283,0.5995110464780407,0.3700515629969181
0.01682692358386197,0.743961331345151,0.23921174507098714
0.009767737692849563,0.8345274985517318,0.1557047637554186
0.005093235583423674,0.9032936854543823,0.09161307896219406
0.0022001255139232874,0.952132461355872,0.04566741313020468
0.0014463263368835579,0.966393596345245,0.03216007731787145
0.0007338248470554373,0.9810658954526085,0.018200279700336126
0.00031641262283688126,0.9907165419896578,0.00896704538750543
0.00013514182790884177,0.9954872233593085,0.004377634812782692
0.0,0.9978723888689696,0.0021276111310304735
0.0,0.9989683114098978,0.0010316885901020913
0.0,0.99950025449012,0.0004997455098798672
0.0,0.999758048738054,0.00024195126194603012
0.0,0.999882888468349,0.00011711153165094564
0.0,1.0,0.0
