0.9,0.05,0.05
0.8987327083519628,0.051289428503900586,0.049977863144136644
0.8916176904782259,0.05853511155745636,0.04984719796431773
0.8901394137362528,0.06004184639804439,0.04981873986570282
0.8769115699081489,0.07354291627746537,0.049545513814385746
0.7880242877049121,0.1649220940384071,0.04705361825668082
0.6462884967030028,0.3121498385937788,0.04156166470321845
0.5505042714719397,0.41236860003166625,0.0371271284963941
0.366604164733957,0.6061182926232185,0.027277542642824504
0.21054102914545525,0.7719628286996004,0.01749614215494433
0.1281820241628045,0.8601782932994266,0.011639682537768972
0.0624622105521354,0.9311389654516935,0.006398823996171105
0.024226614137451155,0.9728828898962698,0.002890495966278994
0.00913008538160469,0.9895992787423658,0.0012706358760295714
0.0042805483615711275,0.9950486597127711,0.0006707919256577592
0.0020005791460553403,0.9976463535118186,0.0003530673421260821
0.0009335904090742911,0.998880840725059,0.00018556886586680954
0.0004353969531276919,0.9995646030468722,0.0
0.00020295582460439887,0.9997970441753956,0.0
0.0,1.0,0.0
