0.25,0.1,0.65
0.25024732794403237,0.09802824438567675,0.6517244276702909
0.2515101853630139,0.08842144483826983,0.6600683697987163
0.2517776403864664,0.08646994308411136,0.6617524165294223
0.2540278391984913,0.0708950444475688,0.67507711635394
0.2607591642239542,0.02967379267874351,0.7095670430973023
0.26372547858120166,0.012995350267189225,0.7232791711516091
0.2647381902780712,0.00744345582870348,0.7278183538932252
0.26480304782318115,0.007090103835967731,0.728106848340851
0.2652303513656167,0.004768514637994518,0.7300011339963889
0.265761208759696,0.0018994628288570843,0.7323393284114469
0.2659769725745073,0.0007380286906458356,0.7332849987348469
0.26606148210420116,0.0002838457933167461,0.733654672102482
0.26608364507725923,0.00016480208154145092,0.7337515528411993
0.26608521829437526,0.0001563528930522489,0.7337584288125725
0.2660952267465713,0.00010260433088859408,0.7338021689225401
0.2661181071402031,0.0,0.7338818928597969
0.266115979104582,0.0,0.733884020895418
0.2661150516137961,0.0,0.7338849483862039
0.2661146474695456,0.0,0.7338853525304545
0.26611447138635147,0.0,0.7338855286136485
0.2661143946714607,0.0,0.7338856053285394
0.2661143612494298,0.0,0.7338856387505701
0.26611434668872963,0.0,0.7338856533112704
0.2661143403452132,0.0,0.7338856596547868
0.2661143375816004,0.0,0.7338856624183996
0.26611433637760706,0.0,0.7338856636223929
0.2661143358530762,0.0,0.7338856641469238
0.2661143356245593,0.0,0.7338856643754408
0.26611433552500346,0.0,0.7338856644749966
0.2661143354816307,0.0,0.7338856645183693
0.2661143354627346,0.0,0.7338856645372654
0.26611433545450186,0.0,0.7338856645454981
0.2661143354509149,0.0,0.7338856645490851
0.2661143354493518,0.0,0.7338856645506482
0.26611433544867047,0.0,0.7338856645513295
0.2661143354483732,0.0,0.7338856645516267
0.26611433544824337,0.0,0.7338856645517566
0.266114335448185,0.0,0.7338856645518149
0.26611433544815866,0.0,0.7338856645518412
0.26611433544814694,0.0,0.733885664551853
0.26611433544814167,0.0,0.7338856645518583
0.2661143354481389,0.0,0.7338856645518611
0.26611433544813656,0.0,0.7338856645518634
0.26611433544813273,0.0,0.7338856645518673
0.26611433544812585,0.0,0.7338856645518741
