0.55,0.1,0.35
0.5492030235662817,0.10048004020948935,0.350316936224229
0.5466767030980275,0.10201464755113628,0.35130864935083617
0.5458658092610262,0.10251146143034773,0.35162272930862604
0.5392243051659119,0.10666107925699553,0.35411461557709256
0.4942685561384117,0.13920076750691215,0.36653067635467623
0.4504980147496026,0.1798175786907654,0.3696844065596321
0.387059712313633,0.2547676343414779,0.35817265334488907
0.2852271661697519,0.40705188618837684,0.3077209476418713
0.20801130402520843,0.542352920094839,0.24963577587995253
0.13031489990754586,0.6934615897328609,0.17622351035959335
0.07980596474614136,0.8005714194079259,0.11962261584593281
0.04383628973317577,0.8827203337621468,0.07344337650467747
0.01992204480354811,0.9418813315709381,0.03819662362551374
0.0072021135446292805,0.9765075842660388,0.016290302189331904
0.003022090652639285,0.989132573218353,0.007845336129007755
0.002129851700783667,0.9920278598717815,0.005842288427434886
0.0010667868935662322,0.9956716938166718,0.0032615192897620317
0.0004925690733748669,0.997808025630792,0.0016994052958331418
0.00022703513539905048,0.9988889906517079,0.0008839742128930511
0.00010455115772760402,0.9994360320803145,0.0004594167619579
0.0,0.9997613270936593,0.00023867290634073908
0.0,0.9998760435579818,0.00012395644201815604
0.0,1.0,0.0
