0.85,0.1,0.05
0.8475406798215155,0.10252469960975474,0.04993462056872978
0.8338800443841266,0.11656364064285972,0.04955631497301373
0.8310460216880794,0.11947922093174285,0.04947475738017774
0.8059858644390803,0.1453025770803926,0.04871155848052721
0.6956732641037326,0.2596890003761805,0.04463773552008686
0.5106201835978997,0.4534301394818553,0.03594967692024498
0.34393287869033806,0.6295190069162512,0.026548114393410895
0.23445806550045062,0.7460021430221242,0.019539791477425156
0.14377575158961192,0.8431272006577778,0.013097047752610232
0.07009432463337256,0.9226944885584252,0.007211186808202339
0.02919291391282607,0.9673465424313971,0.003460543655776911
0.01458265083963702,0.9834876417454069,0.0019297074149560165
0.007145022679902819,0.9917972757704621,0.0010577015496351777
0.003254968287247243,0.9962000988013611,0.0005449329113916521
0.0014789524275952617,0.9982409908467106,0.0002800567256941729
0.0006711685334914966,0.9991850688358386,0.00014376263066992448
0.0003044343710552681,0.9996955656289447,0.0
0.00013803607337002118,0.99986196392663,0.0
0.0,1.0,0.0
