0.25,0.3,0.45
0.24864078546564503,0.30207255948248196,0.449286655051873
0.24343671284814106,0.31019234016076175,0.4463709469910972
0.2420416396420622,0.31241871576230784,0.44553964459562995
0.23046243539754543,0.3317041347894674,0.4378334298129871
0.1834077923862707,0.42430493803529834,0.39228726957843096
0.1352699168301698,0.5405752826266217,0.32415480054320844
0.08584653059526362,0.6808497850831972,0.23330368432153922
0.04272282016219489,0.8223677137806443,0.13490946605716075
0.01785258335521034,0.9160795216527248,0.06606789499206493
0.006707509121395894,0.9640707368196324,0.029221754058971594
0.0028425747266748124,0.982943410192612,0.01421401508071319
0.0015603628317042869,0.9898599939638764,0.008579643204419386
0.0007241554829299701,0.9947833265367149,0.004492517980355192
0.00032860638314088616,0.9973643636363027,0.0023070299805563847
0.0001487752733568598,0.9986690994122187,0.0011821253144243607
0.0,0.999394912226957,0.0006050877730430714
0.0,0.999690484815058,0.00030951518494203294
0.0,0.9998417187566652,0.00015828124333485452
0.0,1.0,0.0
