0.6000000000000001,0.30000000000000004,0.10000000000000002
0.5947796242862603,0.3057827847495388,0.09943759096420107
0.5679925280240702,0.33553841282530117,0.09646905915062869
0.5624088317070485,0.34175782164447066,0.0958333466484809
0.5157740982564736,0.39391847094106686,0.0903074308024596
0.33491197604176404,0.5995686237235299,0.06551940023470607
0.1708141276290755,0.7908862160694593,0.03829965630146523
0.09111588453968257,0.8860437487057747,0.022840366754542585
0.04156589419537641,0.9465624147626179,0.011871691042005755
0.027813272772689548,0.9637104122212254,0.00847631500608507
0.014449089416851161,0.9806633323437354,0.004887578239413471
0.006329558849294599,0.9912320689435309,0.002438372207174489
0.002753235840837834,0.9960384160542203,0.001208348104941871
0.001193730071815558,0.9982093117582058,0.0005969581699786242
0.0005168025771762178,0.9991886998656101,0.0002944975572136464
0.0002235878259918345,0.9996312217385802,0.00014519043542794856
0.0,1.0,0.0
