0.2,0.35,0.45
0.19865683065810533,0.3525646981642857,0.448778471177609
0.19327801787738405,0.36307986094276556,0.4436421211798504
0.1919017127243866,0.36583304464196603,0.44226524263364736
0.18051228375068687,0.3895836664139005,0.4299040498354127
0.13854635216560252,0.49131484886689836,0.3701387989674992
0.07940880549474723,0.6699238459294791,0.2506673485757736
0.04224110203013424,0.8043791433886427,0.15337975458122316
0.019103847954314714,0.9004577831396391,0.08043836890604619
0.007761632313192511,0.9541672135074915,0.0380711541793161
0.0033389203957187256,0.9778852822900241,0.018775797314257173
0.0018350039348546516,0.9868152018245497,0.01134979424059561
0.00083786264826537,0.9932981581073997,0.005863979244334929
0.00037590985518752177,0.9966410040086608,0.0029830861361516245
0.00016814681733312827,0.9983187062785425,0.001513146904124422
0.0,0.9992335312151299,0.0007664687848699937
0.0,0.9996120837852568,0.0003879162147431822
0.0,0.9998037403951973,0.00019625960480272153
0.0,1.0,0.0
