0.25,0.4,0.35
0.24977445217643449,0.40010995619449136,0.3501155916290742
0.24938003988564475,0.4003022390992,0.3503177210151553
0.24915633057163858,0.40041130370860883,0.3504323657197526
0.24739478864335385,0.40127017319958136,0.3513350381570649
0.23491584171217625,0.40736067353492955,0.3577234847528942
0.20472181909495168,0.42225960066422935,0.3730185802408191
0.18526146784521955,0.43235280809137866,0.3823857240634018
0.1751226348639704,0.4383511551168435,0.3865262100191861
0.16953889558345128,0.4428542171849802,0.3876068872315684
0.16706601092885345,0.4468587304858782,0.38607525858526837
0.16599049718858816,0.4516538292642197,0.3823556735471922
0.16483874815648977,0.4601836674520511,0.3749775843914591
0.16219288411257904,0.4806475104548521,0.35715960543256886
0.15638550171861548,0.5256156922829163,0.31799880599846836
0.13599412698702934,0.6837514920700631,0.18025438094290758
0.12316313213691613,0.7832368012677063,0.09360006659537753
0.11845191535745841,0.8197056188841964,0.06184246575834529
0.11324666953393407,0.8599315778676455,0.02682175259842042
0.11068375748149283,0.8797037318760359,0.009612510642471324
0.11021030155701472,0.88335343329394,0.006436265149045298
0.10975111264732998,0.8868922175812559,0.0033566697714142004
0.10947585831483239,0.8890130480299107,0.001511093655256916
0.10935991962494883,0.8899062520091476,0.0007338283659035643
0.1093599133482457,0.8899063003643509,0.0007337862874033863
0.10935986314754721,0.8899066871063451,0.0007334497461076664
0.10935946236812868,0.8899097746746611,0.0007307629572102437
0.10935630843325454,0.8899340721750041,0.0007096193917414595
0.10933414546854371,0.8901048106844415,0.0005610438470148356
0.10929016191197612,0.8904436430261922,0.00026619506183174713
0.10926784526411536,0.890615559121119,0.00011659561476573348
0.10926364782388445,0.8907363521761156,0.0
0.10925622997740984,0.8907437700225902,0.0
0.1092529818271659,0.8907470181728341,0.0
0.1092515595595035,0.8907484404404965,0.0
0.10925093679929199,0.890749063200708,0.0
0.10925066411640652,0.8907493358835935,0.0
0.10925054471929303,0.890749455280707,0.0
0.10925053374881169,0.8907494662511882,0.0
