0.3,0.4,0.3
0.29960767766234975,0.4002060463237557,0.30018627601389447
0.29880033381327675,0.400630023642236,0.3005696425444872
0.2984120391278145,0.40083391935424634,0.30075404151793916
0.295360750071919,0.4024357766146834,0.3022034733133977
0.2740575366027399,0.41360220097858374,0.3123402624186763
0.23083909602544414,0.43623246846679137,0.3329284355077645
0.20083325050314718,0.4521339593326571,0.3470327901641957
0.18359182330269774,0.46168346024451196,0.35472471645279025
0.17234241365498407,0.4686274931686452,0.35903009317637075
0.1660469232367725,0.4737244792715606,0.3602285974916669
0.16323069391199357,0.47794298615364617,0.3588263199343603
0.161942330810847,0.48312483995398126,0.3549328292351718
0.16078848681377422,0.49153396826058565,0.3476775449256401
0.1584221800046151,0.5098401980873499,0.33173762190803496
0.14910242623576253,0.5820620823978208,0.2688354913664167
0.12991850825758985,0.7308779982275411,0.13920349351486905
0.12282764766494708,0.7858351692493133,0.09133718308573972
0.11638784004669996,0.8356665265821522,0.04794563337114774
0.11205986082211097,0.8690906341520014,0.018849505025887614
0.11054152421176382,0.8808002629163727,0.008658212871863611
0.10992568453400432,0.8855469706827328,0.004527344783262873
0.1096019711216502,0.8880413936209519,0.002356635257398
0.10940970820921773,0.8895226830364187,0.0010676087543634468
0.10932182022073732,0.8901997605342384,0.00047841924502422866
0.10928241038377541,0.8905033573539672,0.00021423226225742906
0.1092752373748565,0.8907247626251434,0.0
0.10926154465296133,0.8907384553470387,0.0
0.10925541622440445,0.8907445837755956,0.0
0.10925267348430688,0.8907473265156931,0.0
0.10925144601815047,0.8907485539818496,0.0
0.10925089669282391,0.890749103307176,0.0
0.10925065085562793,0.8907493491443721,0.0
0.10925054083740184,0.8907494591625982,0.0
0.10925049160158407,0.8907495083984159,0.0
0.10925046956736176,0.8907495304326383,0.0
0.10925045970652429,0.8907495402934756,0.0
0.10925045529356318,0.8907495447064369,0.0
0.10925045331866552,0.8907495466813344,0.0
0.10925045243484656,0.8907495475651535,0.0
0.10925045203931072,0.8907495479606893,0.0
0.1092504518623022,0.8907495481376978,0.0
0.10925045178308905,0.890749548216911,0.0
0.10925045174764074,0.8907495482523592,0.0
0.10925045173177082,0.8907495482682292,0.0
0.10925045172467049,0.8907495482753295,0.0
0.10925045172276508,0.8907495482772348,0.0
0.10925045172079519,0.8907495482792048,0.0
0.10925045171973632,0.8907495482802636,0.0
0.1092504517192627,0.8907495482807373,0.0
0.10925045171905869,0.8907495482809413,0.0
0.1092504517189736,0.8907495482810264,0.0
0.10925045171893731,0.8907495482810627,0.0
0.10925045171892422,0.8907495482810758,0.0
0.10925045171891908,0.8907495482810809,0.0
0.1092504517189211,0.8907495482810789,0.0
0.1092504517189218,0.8907495482810782,0.0
0.10925045171892099,0.890749548281079,0.0
0.10925045171892098,0.890749548281079,0.0
