0.55,0.4,0.05
0.5486600063154393,0.40116721941460093,0.05017277426995984
0.54447277577718,0.4048140851743633,0.05071313904845674
0.5431493880634463,0.40596653875034633,0.05088407318620748
0.5327614211346617,0.41501026111378697,0.05222831775155122
0.4613141898815034,0.47709402236919374,0.06159178774930289
0.335865897021428,0.5855893734308024,0.0785447295477696
0.263893684314067,0.6475772419909173,0.08852907369501584
0.22140209646770959,0.6841256135747776,0.09447228995751289
0.18919922841474915,0.7118805422647825,0.09892022932046837
0.16523377945750004,0.732702702962054,0.10206351758044598
0.14941077692077281,0.7467136511108778,0.10387557196834943
0.1369621153531469,0.7582407350044704,0.10479714964238274
0.12979260231124934,0.7656765325752651,0.10453086511348554
0.12605048565701088,0.7708386408787637,0.10311087346422547
0.12446269654510107,0.7749940554840081,0.1005432479708909
0.1235902756640175,0.7800594784962197,0.09635024583976279
0.12251256394887364,0.7882783580168794,0.08920907803424698
0.11993869320187771,0.8082020262947034,0.0718592805034189
0.11411237986943878,0.8532470257246946,0.03264059440586664
0.11121886613044146,0.8755776472670055,0.013203486602553015
0.11015706517474394,0.8837637445687684,0.0060791902564876045
0.10966426150055547,0.887561430537224,0.002774307962220447
0.10943853595358313,0.8893005890854168,0.0012608749610001882
0.10933577547490193,0.8900922531127078,0.0005719714123902952
0.10928912476465187,0.8904516329349008,0.0002592423004472164
0.10926797335942162,0.8906145722810455,0.0001174543595329687
0.10926420229418679,0.8907357977058132,0.0
0.10925667989703751,0.8907433201029625,0.0
0.10925327264845366,0.8907467273515463,0.0
0.10925172939098365,0.8907482706090164,0.0
0.10925103040724486,0.8907489695927551,0.0
0.10925071382026313,0.8907492861797369,0.0
0.10925057043055557,0.8907494295694444,0.0
0.10925050548608509,0.8907494945139149,0.0
0.10925047607129172,0.8907495239287083,0.0
0.10925046274865224,0.8907495372513478,0.0
0.1092504567145311,0.8907495432854688,0.0
0.10925045398153732,0.8907495460184626,0.0
0.10925045324162941,0.8907495467583706,0.0
0.10925045245790531,0.8907495475420947,0.0
0.10925045204448783,0.8907495479555122,0.0
0.10925045186012676,0.8907495481398733,0.0
0.10925045177999888,0.8907495482200011,0.0
0.1092504517453345,0.8907495482546655,0.0
0.10925045173034206,0.8907495482696579,0.0
0.10925045172384469,0.8907495482761554,0.0
0.1092504517210414,0.8907495482789586,0.0
0.10925045171982932,0.8907495482801707,0.0
0.109250451719307,0.890749548280693,0.0
0.10925045171908142,0.8907495482809186,0.0
0.10925045171897942,0.8907495482810206,0.0
0.10925045171893762,0.8907495482810623,0.0
0.1092504517189263,0.8907495482810737,0.0
0.10925045171892096,0.890749548281079,0.0
0.1092504517189214,0.8907495482810787,0.0
0.10925045171892003,0.89074954828108,0.0
0.10925045171892117,0.8907495482810788,0.0
0.10925045171891587,0.8907495482810841,0.0
