0.4,0.55,0.05
0.39917235311758914,0.5507472315789987,0.05008041530341213
0.39702552619372816,0.5526853755634766,0.05028909824279522
0.39620881738347236,0.5534226602140039,0.050368522402523735
0.3898057927202345,0.5592023142140147,0.05099189306575087
0.3458729949522778,0.5988254659151088,0.05530153913261351
0.27167320978651277,0.6656274392057521,0.06269935100773516
0.21942598185346868,0.7126068481415958,0.06796717000493552
0.18721297555789287,0.7416128432672525,0.07117418117485465
0.16289161310645028,0.7636362679063734,0.07347211898717627
0.14520525164352618,0.779883197205059,0.07491155115141486
0.1334202651844733,0.7910762448856614,0.07550348992986529
0.1257672703320924,0.7989698700430706,0.07526285962483698
0.121946104062207,0.8038817790511322,0.0741721168866608
0.12029193716236683,0.8075668012327677,0.07214126160486556
0.11954061459651756,0.8114587569505971,0.06900062845288536
0.11871537747054023,0.8176706250319287,0.06361399749753113
0.11702660990464182,0.8307285143627775,0.05224487573258066
0.11425825339290643,0.8521208262014004,0.033620920405693304
0.11103547743490684,0.8769918286394847,0.011972693925608475
0.11001572192306552,0.8848530854266667,0.005131192650267637
0.10957553696050584,0.8882450617286615,0.0021794013108327732
0.10938800247661319,0.8896899025066354,0.0009220950167513935
0.10930855467632078,0.8903019526065814,0.00038949271709766257
0.10927497757569497,0.8905606153933013,0.00016440703100375676
0.10926838189926938,0.8907316181007306,0.0
0.10925801668441458,0.8907419833155854,0.0
0.10925364337613866,0.8907463566238614,0.0
0.1092517982613597,0.8907482017386403,0.0
0.10925101981466145,0.8907489801853385,0.0
0.10925069139353234,0.8907493086064677,0.0
0.10925055283546059,0.8907494471645394,0.0
0.1092504943790453,0.8907495056209548,0.0
0.10925046971682521,0.8907495302831748,0.0
0.10925045931206286,0.8907495406879371,0.0
0.10925045492239487,0.8907495450776052,0.0
0.1092504530704447,0.8907495469295553,0.0
0.10925045228912655,0.8907495477108734,0.0
0.10925045195948842,0.8907495480405115,0.0
0.10925045187516927,0.8907495481248308,0.0
0.10925045179493696,0.890749548205063,0.0
0.10925045175241703,0.890749548247583,0.0
0.10925045173343748,0.8907495482665625,0.0
0.10925045172519159,0.8907495482748085,0.0
0.10925045172162397,0.890749548278376,0.0
0.10925045172008373,0.8907495482799163,0.0
0.10925045171941133,0.8907495482805887,0.0
0.10925045171912143,0.8907495482808786,0.0
0.10925045171900223,0.8907495482809977,0.0
0.10925045171894843,0.8907495482810516,0.0
0.10925045171893029,0.8907495482810697,0.0
0.10925045171891966,0.8907495482810803,0.0
0.10925045171892392,0.8907495482810761,0.0
0.10925045171892271,0.8907495482810773,0.0
0.10925045171891758,0.8907495482810824,0.0
0.10925045171891691,0.8907495482810831,0.0
0.10925045171891998,0.89074954828108,0.0
