0.1,0.6,0.3
0.10006362722643805,0.5999685565925346,0.29996781618102736
0.10015725927783091,0.5999222823616004,0.29992045836056874
0.10022082220279109,0.5998908666940881,0.29988831110312086
0.10072779387052012,0.5996402421996577,0.2996319639298221
0.10468168304129555,0.5976829996355529,0.29763531732315157
0.12889752252190886,0.5858780074155105,0.2852244700625806
0.1424896139142667,0.5804527560764621,0.27705763000927125
0.14702472555531815,0.5802365330809416,0.27273874136374027
0.14855416897669094,0.5836901629473421,0.2677556680759669
0.1480715254394154,0.5898562392777408,0.2620722352828438
0.14666256804521582,0.6009821281390756,0.2523553038157086
0.14318051978002883,0.6279968606305055,0.22882261958946565
0.13611881905163242,0.6827842342936147,0.18109694665475295
0.12107683634899535,0.7993926290713809,0.07953053457962377
0.11464320663314134,0.8491475245067817,0.036209268860077054
0.11125161492998831,0.8753251510887842,0.01342323398122747
0.11008142751092218,0.8843467037999218,0.005571868689156129
0.10965036956098334,0.8876684802294206,0.002681150209596176
0.10942904432440238,0.889373714482928,0.0011972411926696597
0.1093300542179686,0.8901363278106496,0.0005336179713818795
0.10928590196907118,0.8904764596475612,0.00023763838336773174
0.10926623315849206,0.8906279777178864,0.0001057891236215651
0.10926262073338718,0.8907373792666128,0.0
0.10925586754512925,0.8907441324548707,0.0
0.1092528619899092,0.8907471380100908,0.0
0.10925152438215677,0.8907484756178432,0.0
0.10925092909351476,0.8907490709064853,0.0
0.10925066416781758,0.8907493358321824,0.0
0.10925054626626693,0.8907494537337332,0.0
0.10925049379585353,0.8907495062041465,0.0
0.10925047044465101,0.890749529555349,0.0
0.10925046005253788,0.8907495399474621,0.0
0.10925045542767545,0.8907495445723246,0.0
0.1092504533694464,0.8907495466305536,0.0
0.10925045245345598,0.890749547546544,0.0
0.10925045204581924,0.8907495479541807,0.0
0.10925045186440058,0.8907495481355995,0.0
0.10925045178367172,0.8907495482163282,0.0
0.10925045176211312,0.8907495482378869,0.0
0.10925045174012181,0.8907495482598783,0.0
0.10925045172826814,0.8907495482717318,0.0
0.10925045172296731,0.8907495482770327,0.0
0.10925045172065567,0.8907495482793443,0.0
0.10925045171965701,0.890749548280343,0.0
0.10925045171923362,0.8907495482807664,0.0
0.10925045171904581,0.8907495482809542,0.0
0.1092504517189667,0.8907495482810333,0.0
0.10925045171893924,0.8907495482810608,0.0
0.1092504517189253,0.8907495482810748,0.0
0.10925045171891798,0.8907495482810821,0.0
0.10925045171892128,0.8907495482810788,0.0
0.10925045171892299,0.8907495482810771,0.0
0.10925045171892091,0.890749548281079,0.0
0.10925045171891294,0.8907495482810871,0.0
