0.15,0.6,0.25
0.14998814629310145,0.6000144534163121,0.24999740029058654
0.1499824542563825,0.6000214010558977,0.24999614468771986
0.14998245425638249,0.6000214010558976,0.2499961446877198
0.14997064271577334,0.6000358331674288,0.24999352411679776
0.14987738477768522,0.6001505084444578,0.24997210677785694
0.149204296235403,0.6010216983296776,0.24977400543491954
0.14649965697643244,0.6062907859829083,0.24720955704065928
0.1451766448404858,0.6128524585195357,0.2419708966399785
0.14384390143600712,0.6228614284060394,0.2332946701579535
0.14090456233311355,0.6456537428055323,0.21344169486135411
0.13510389108551155,0.6906579349385261,0.17423817397596242
0.12123153429766512,0.7981949196205631,0.08057354608177188
0.11402055319322889,0.8539564625990471,0.03202298420772399
0.1109101127441047,0.8779585074745193,0.011131379781376053
0.10999417681246222,0.8850191314981354,0.004986691689402393
0.1095810851500563,0.8882023162231983,0.002216598626745267
0.10939656311223563,0.8896239523690223,0.000979484518742211
0.1093149169174652,0.8902529406721718,0.00043214241036295797
0.10927887398242289,0.8905305997117675,0.00019052630580967448
0.10927215510876703,0.890727844891233,0.0
0.10926001582167977,0.8907399841783202,0.0
0.10925466621962425,0.8907453337803758,0.0
0.10925230884556633,0.8907476911544336,0.0
0.10925127005941891,0.8907487299405811,0.0
0.10925081231857244,0.8907491876814276,0.0
0.10925061061602745,0.8907493893839725,0.0
0.10925052173639603,0.8907494782636041,0.0
0.10925048257188091,0.8907495174281191,0.0
0.10925046531416667,0.8907495346858333,0.0
0.10925045770962089,0.8907495422903791,0.0
0.10925045435870534,0.8907495456412947,0.0
0.10925045288212834,0.8907495471178717,0.0
0.10925045223147965,0.8907495477685203,0.0
0.10925045194477748,0.8907495480552224,0.0
0.10925045181844854,0.8907495481815515,0.0
0.10925045176277716,0.8907495482372229,0.0
0.10925045173824596,0.890749548261754,0.0
0.10925045172743662,0.8907495482725634,0.0
0.10925045172457547,0.8907495482754245,0.0
0.10925045172165006,0.89074954827835,0.0
0.10925045172011033,0.8907495482798897,0.0
0.10925045171942707,0.890749548280573,0.0
0.10925045171912924,0.8907495482808707,0.0
0.1092504517190033,0.8907495482809967,0.0
0.10925045171894705,0.890749548281053,0.0
0.10925045171892918,0.8907495482810708,0.0
0.10925045171892794,0.890749548281072,0.0
0.10925045171892002,0.89074954828108,0.0
0.10925045171892106,0.8907495482810789,0.0
0.10925045171891853,0.8907495482810814,0.0
0.10925045171891976,0.8907495482810802,0.0
0.10925045171891903,0.890749548281081,0.0
