0.05,0.65,0.3
0.05005471870122666,0.6499765787835265,0.2999687025152469
0.05015452887287045,0.6499338230716739,0.29991164805545567
0.05020934364886781,0.6499103234114636,0.2998803329396686
0.05064885130829393,0.649721428115513,0.29962972057619314
0.05171172859576265,0.6492612073933881,0.29902706401084916
0.05176748562215001,0.6492369345782804,0.29899557979956976
0.052214479601574076,0.6490418843562203,0.2987436360422055
0.05584700580471184,0.647428120288461,0.29672487390682734
0.08639062134719268,0.6325095634589668,0.28109981519384053
0.10887444613930156,0.620794930899977,0.27033062296072163
0.126772561248993,0.6116742313040072,0.2615532074469998
0.13987741005590112,0.60625786302514,0.25386472691895906
0.14346809305216857,0.6060497809103805,0.2504821260374509
0.1434757765366083,0.6060522322399434,0.25047199122344826
0.14353628057152107,0.6060724478088305,0.2503912716196484
0.14396291076760545,0.6062702180245387,0.24976687120785585
0.1451998479022747,0.6092230088807067,0.24557714321701865
0.144732602029225,0.6154989209651656,0.23976847700560944
0.14473165732515075,0.6155079357298644,0.23976040694498482
0.14472406883677497,0.6155800716662683,0.2396958594969568
0.14466155435284314,0.6161581909439351,0.2391802547032218
0.14409966019900963,0.6208142685664415,0.23508607123454894
0.141772854531539,0.6389951012047217,0.21923204426373927
0.13684472629528244,0.6774472611993515,0.18570801250536603
0.13150935877937223,0.7185609885038687,0.14992965271675912
0.13150841550137798,0.7185682398695736,0.14992334462904836
0.13150087114395315,0.7186262436550102,0.14987288520103667
0.13144063081527577,0.7190898204579288,0.14946954872679546
0.1309643788204446,0.7227705419721827,0.1462650792073728
0.12738774952365323,0.7504362474767781,0.12217600299956859
0.12166365602928918,0.7946293883472257,0.08370695562348518
0.12166314122829133,0.7946339972104773,0.08370286156123134
0.12165901445257445,0.7946708696164344,0.08367011593099118
0.12162550354723203,0.7949659113992389,0.08340858505352916
0.12133930474057292,0.7973184781771453,0.08134221708228169
0.11982301235032529,0.8091337777302225,0.07104320991945218
0.11717231272692961,0.829708460750924,0.053119226522146394
0.11561468741725701,0.8416486545289751,0.04273665805376781
0.11561468741725703,0.8416486545289752,0.04273665805376782
0.11561434820485444,0.8416512581185306,0.04273439367661503
0.11561163532515026,0.8416720821555389,0.04271628251931083
0.11558998374114357,0.8418383761105814,0.04257164014827501
0.11541970004417067,0.8431500838231619,0.04143021613266735
0.11420278462570638,0.8525442173656652,0.033252998008628507
0.11234425807577118,0.8668864132795537,0.02076932864467509
0.1123440909091653,0.8668877282679516,0.020768180822883113
0.11234275356306846,0.8668982460042667,0.020759000432664872
0.11233205519149016,0.8669822479175466,0.020685696890963227
0.11224694570855755,0.8676449498187782,0.020108104472664267
0.11163738224979852,0.8723526448380279,0.016009972912173678
0.11035622558318343,0.8822440644369771,0.0073997099798394205
0.10968273005538619,0.8874198857182687,0.0028973842263451885
0.10941863185060269,0.8894539653157286,0.0011274028336685279
0.10932690087896402,0.8901606222342204,0.0005124768868155875
0.1092851767326601,0.8904820468708934,0.0002327763964466213
0.10926621909930849,0.890628086162149,0.00010569473854241319
0.10926285287731063,0.8907371471226893,0.0
0.10925608117461329,0.8907439188253867,0.0
0.10925300714027432,0.8907469928597257,0.0
0.10925287780479268,0.8907471221952074,0.0
