0.2,0.65,0.15
0.19984841827533623,0.6501198644479415,0.15003171727672238
0.19960463199480522,0.6503126527235972,0.15008271528159764
0.1994540411462738,0.6504317489314524,0.15011420992227387
0.1982652696106193,0.6513721115914142,0.1503626187979666
0.18968487565943748,0.6581727448548433,0.1521423794857193
0.164820862973309,0.6781381990866455,0.1570409379400455
0.14872077695974673,0.6916891520654364,0.15959007097481692
0.14015211508865869,0.6997461568073178,0.16010172810402362
0.13529087381903074,0.7056342596069968,0.1590748665739726
0.1329979481777735,0.7105531159155846,0.15644893590664202
0.13188301664654628,0.716029241563253,0.1520877417902008
0.13065888795748984,0.7251458124925763,0.14419529954993396
0.12813830874725407,0.7446815972577959,0.1271800939949501
0.12373157326874822,0.7788330553052757,0.09743537142597619
0.11597689004180607,0.8388427587676225,0.04518035119057152
0.11184806729775419,0.8707245629383458,0.017427369763900087
0.11045362836730421,0.8814778363687014,0.00806853526399442
0.10980115605040812,0.8865065963839152,0.0036922475656768206
0.10950111864400348,0.8888184301751775,0.0016804511808190586
0.1093642585920968,0.8898728242318442,0.0007629171760588422
0.10930206188489558,0.8903519708142409,0.00034596730086360104
0.10927384400789138,0.8905693479322906,0.00015680805981807376
0.10926881591686789,0.890731184083132,0.0
0.10925877205792343,0.8907412279420767,0.0
0.10925422134385276,0.8907457786561472,0.0
0.10925215956942075,0.8907478404305793,0.0
0.1092512254661277,0.8907487745338722,0.0
0.10925080226670708,0.890749197733293,0.0
0.10925061053516151,0.8907493894648385,0.0
0.10925052367080823,0.8907494763291918,0.0
0.10925048431682288,0.8907495156831772,0.0
0.10925046648741596,0.8907495335125841,0.0
0.10925045840978785,0.8907495415902121,0.0
0.10925045475018914,0.8907495452498109,0.0
0.1092504530922501,0.89074954690775,0.0
0.10925045264328287,0.8907495473567172,0.0
0.10925045216590483,0.8907495478340951,0.0
0.10925045191572345,0.8907495480842765,0.0
0.1092504518042621,0.8907495481957379,0.0
0.10925045175583602,0.890749548244164,0.0
0.10925045173487692,0.8907495482651231,0.0
0.10925045172581084,0.8907495482741892,0.0
0.10925045172189482,0.8907495482781053,0.0
0.10925045172018968,0.8907495482798103,0.0
0.10925045171945903,0.890749548280541,0.0
0.10925045171914756,0.8907495482808524,0.0
0.10925045171901095,0.8907495482809891,0.0
0.10925045171895444,0.8907495482810456,0.0
0.10925045171893531,0.8907495482810648,0.0
0.10925045171892717,0.8907495482810729,0.0
0.10925045171891526,0.8907495482810848,0.0
0.1092504517189192,0.8907495482810809,0.0
0.10925045171892031,0.8907495482810797,0.0
0.10925045171892377,0.8907495482810762,0.0
0.10925045171892575,0.8907495482810743,0.0
