0.1,0.7,0.2
0.10004926532686183,0.6999698042505396,0.1999809304225986
0.10011434824615172,0.6999299154695884,0.19995573628425983
0.10016354440380666,0.6998997650062442,0.19993669058994928
0.10055556261737482,0.69965955818076,0.19978487920186525
0.10359114086804715,0.697803008904388,0.19860585022756502
0.12145719797023252,0.6872572530429668,0.19128554898680056
0.13202096783638925,0.6826029347006092,0.18537609746300152
0.13535974368016296,0.6850465735565725,0.1795936827632646
0.13513485090097876,0.6900111977211271,0.1748539513778942
0.1339538722733563,0.699567673578591,0.16647845414805276
0.1312929874621542,0.7202183185619822,0.14848869397586364
0.1228626723052702,0.7855659891554431,0.09157133853928665
0.11561496935074786,0.841639868622443,0.04274516202680904
0.11175128208628858,0.8714711530113568,0.016777564902354575
0.11042516298179686,0.8816972730279841,0.007877563990219091
0.10979611869786304,0.886545417630592,0.0036584636715450273
0.10950258768823427,0.8888071136327474,0.0016902986790182893
0.109366669603429,0.889854250999658,0.0007790793969130815
0.1093039594249044,0.8903373533910003,0.00035868718409522924
0.10927507417967358,0.8905598715652268,0.00016505425509976768
0.10927007669666475,0.8907299233033353,0.0
0.10925947890931861,0.8907405210906814,0.0
0.10925460396986081,0.8907453960301392,0.0
0.10925236161121352,0.8907476383887866,0.0
0.10925133019823377,0.8907486698017663,0.0
0.10925085578556737,0.8907491442144326,0.0
0.10925063757374986,0.8907493624262502,0.0
0.10925053720479591,0.8907494627952041,0.0
0.10925049103904216,0.8907495089609578,0.0
0.10925046980460314,0.8907495301953968,0.0
0.1092504600376461,0.890749539962354,0.0
0.10925045554519965,0.8907495444548004,0.0
0.10925045345093039,0.8907495465490696,0.0
0.10925045246237199,0.890749547537628,0.0
0.10925045202828648,0.8907495479717135,0.0
0.10925045186841599,0.890749548131584,0.0
0.10925045179030811,0.8907495482096919,0.0
0.10925045175286768,0.8907495482471323,0.0
0.10925045173502872,0.8907495482649712,0.0
0.10925045172655147,0.8907495482734485,0.0
0.10925045172252866,0.8907495482774713,0.0
0.10925045172062016,0.8907495482793798,0.0
0.10925045171971337,0.8907495482802866,0.0
0.10925045171927415,0.890749548280726,0.0
0.10925045171907422,0.8907495482809258,0.0
0.1092504517189811,0.8907495482810189,0.0
0.10925045171894283,0.8907495482810572,0.0
0.10925045171892855,0.8907495482810714,0.0
0.109250451718922,0.890749548281078,0.0
0.10925045171891636,0.8907495482810837,0.0
0.10925045171892034,0.8907495482810797,0.0
0.10925045171892427,0.8907495482810758,0.0
0.10925045171891637,0.8907495482810837,0.0
