0.05,0.8,0.15
0.050045428279235714,0.7999699242944972,0.14998464742626713
0.05012250362712389,0.7999188830410097,0.14995861333186647
0.0501679842077398,0.7998887565979369,0.14994325919432336
0.05053232827338593,0.7996472002597362,0.14982047146687782
0.05347650734919686,0.7976819664429241,0.1488415262078791
0.07747955505874755,0.7810595526793292,0.14146089226192324
0.10681126151253317,0.7603799022332541,0.13280883625421264
0.11587401366522891,0.7543805781665243,0.1297454081682468
0.124880773502614,0.7500364466984392,0.1250827797989469
0.12675804123087336,0.7516888557543895,0.12155310301473699
0.12659227536257558,0.7563486404634113,0.11705908417401313
0.12558244009116878,0.7644836497245318,0.10993391018429954
0.12341224371116634,0.7813066499457125,0.09528110634312112
0.11705887254994164,0.8304794303993236,0.05246169705073477
0.11241434564226828,0.8663554192522702,0.02123023510546141
0.11059594187703321,0.8803807563764783,0.009023301746488606
0.10997159839160532,0.8851931437018858,0.0048352579065088705
0.10959647140355215,0.8880837721897638,0.0023197564066841383
0.10941597304397319,0.8894744207656369,0.0011096061903899336
0.10932951417016523,0.8901404900705043,0.0005299957593304628
0.10928818996165242,0.8904588350006332,0.00025297503771427664
0.10926845896734819,0.8906108318179606,0.00012070921469121842
0.10926533513158226,0.8907346648684178,0.0
0.10925755161631923,0.8907424483836808,0.0
0.10925383854401617,0.8907461614559838,0.0
0.10925206730180395,0.8907479326981961,0.0
0.10925122238045801,0.8907487776195421,0.0
0.10925081933728042,0.8907491806627196,0.0
0.10925062707879606,0.8907493729212039,0.0
0.10925053536837334,0.8907494646316267,0.0
0.10925049162102894,0.890749508378971,0.0
0.10925047075285357,0.8907495292471465,0.0
0.10925046079841108,0.890749539201589,0.0
0.10925045604995295,0.890749543950047,0.0
0.10925045378488225,0.8907495462151177,0.0
0.10925045270441294,0.890749547295587,0.0
0.10925045218900396,0.8907495478109961,0.0
0.10925045194315455,0.8907495480568454,0.0
0.10925045182058203,0.890749548179418,0.0
0.10925045176147981,0.8907495482385202,0.0
0.1092504517366602,0.8907495482633397,0.0
0.10925045172838935,0.8907495482716107,0.0
0.10925045172330211,0.8907495482766978,0.0
0.10925045172082473,0.8907495482791753,0.0
0.10925045171973466,0.8907495482802654,0.0
0.10925045171925693,0.890749548280743,0.0
0.10925045171906025,0.8907495482809398,0.0
0.10925045171897327,0.8907495482810267,0.0
0.10925045171893509,0.8907495482810649,0.0
0.10925045171892371,0.8907495482810763,0.0
0.10925045171891899,0.890749548281081,0.0
0.1092504517189193,0.8907495482810807,0.0
0.1092504517189202,0.8907495482810798,0.0
0.10925045171891302,0.890749548281087,0.0
0.1092504517189226,0.8907495482810774,0.0
