0.05,0.1,0.85
0.05008554043824547,0.09999824738686808,0.8499162121748864
0.05027008327440667,0.09999442769432536,0.8497354890312679
0.050355966676497804,0.09999263214055253,0.8496514011829497
0.05104661048339599,0.09997778396887809,0.8489756055477259
0.05679753239549438,0.09982803600016595,0.8433744316043398
0.09795645935973642,0.09788611101217584,0.8041574296280878
0.1433512896495798,0.09484102697618017,0.7618076833742401
0.18113724454989,0.09198756195918395,0.726875193490926
0.20127788213039655,0.09046528121345143,0.708256836656152
0.20969077791790527,0.08994858101688344,0.7003606410652113
0.21229944948352303,0.08997395217727695,0.6977265983392
0.2129021366637114,0.09034576749109971,0.6967520958451888
0.21286355624883851,0.09104195008204607,0.6960944936691154
0.21264530278514512,0.09271478519809834,0.6946399120167566
0.2117302843945149,0.09969870362660771,0.6885710119788774
0.20981486430536564,0.11432359955601322,0.6758615361386211
0.20163543870554887,0.17686843998206697,0.6214961213123843
0.18460942250565798,0.30759275582819035,0.5077978216661516
0.1702088586457365,0.41865778753163885,0.4111333538226247
0.151533823336903,0.5632157095846058,0.2852504670784912
0.13280651424364145,0.7084801001938589,0.15871338556249973
0.12106450648445337,0.7994878755336475,0.07944761798189916
0.11574144052208962,0.8406624202113656,0.04359613926654474
0.11165781805909923,0.872192128063815,0.016150053877085825
0.11023104174236935,0.8831935657974521,0.006575392460178383
0.10977978021512486,0.8866713161126488,0.003548903672226292
0.1094949661257539,0.8888658337827154,0.0016392000915305416
0.10935978857173297,0.8899072615394558,0.0007329498888112999
0.1092992858861152,0.8903733563858706,0.00032735772801439884
0.1092722516482359,0.8905816148096097,0.00014613354215444388
0.1092673074812524,0.8907326925187476,0.0
0.10925797344778317,0.8907420265522168,0.0
0.10925380813433429,0.8907461918656657,0.0
0.10925194943234486,0.8907480505676552,0.0
0.10925112003129067,0.8907488799687094,0.0
0.10925074993377368,0.8907492500662264,0.0
0.10925058478844521,0.8907494152115547,0.0
0.10925051109721257,0.8907494889027875,0.0
0.10925047821470667,0.8907495217852933,0.0
0.10925046354187101,0.890749536458129,0.0
0.10925045699455506,0.8907495430054448,0.0
0.10925045407301684,0.8907495459269832,0.0
0.10925045276936336,0.8907495472306367,0.0
0.10925045218765127,0.8907495478123487,0.0
0.10925045192807599,0.8907495480719241,0.0
0.10925045181224853,0.8907495481877514,0.0
0.10925045176056916,0.8907495482394309,0.0
0.10925045173750249,0.8907495482624975,0.0
0.10925045173133345,0.8907495482686665,0.0
0.10925045172499645,0.8907495482750036,0.0
0.10925045172159453,0.8907495482784055,0.0
0.10925045172006652,0.8907495482799335,0.0
0.1092504517194054,0.8907495482805946,0.0
0.10925045171911889,0.890749548280881,0.0
0.10925045171900352,0.8907495482809965,0.0
0.1092504517189547,0.8907495482810452,0.0
0.10925045171893016,0.8907495482810698,0.0
0.10925045171892099,0.8907495482810791,0.0
0.10925045171891849,0.8907495482810814,0.0
0.10925045171892044,0.8907495482810796,0.0
0.10925045171891595,0.890749548281084,0.0
0.10925045171892066,0.8907495482810793,0.0
