0.55,0.1,0.35
0.5487577434603432,0.10023885156643537,0.3510034049732214
0.5450828441456615,0.10094486713963867,0.35397228871469977
0.5438576792352943,0.10118005598193223,0.35496226478277354
0.5342616020925376,0.10301892586867477,0.36271947203878774
0.4691792306740955,0.11533925884233732,0.4154815104835671
0.36010189584753044,0.13537960274006552,0.504518501412404
0.2998652635413006,0.14610302824221796,0.5540317082164815
0.2636055153138098,0.1524495713246896,0.5839449133615006
0.2375783176558379,0.15699839741607913,0.6054232849280831
0.22021928663997642,0.16011835767506183,0.6196623556849619
0.21022224961217248,0.16210198349910046,0.6276757668887271
0.20516995934641688,0.1634650844654014,0.6313649561881818
0.20353217750125963,0.16451232664559734,0.631955495853143
0.20309066710221094,0.16584715692524113,0.631062175972548
0.20274554716785362,0.1683615839108527,0.6288928689212937
0.2017431955221191,0.1760245407082489,0.6222322637696319
0.1993667084057284,0.19424590178420517,0.6063873898100665
0.19485321316764076,0.22885845616346845,0.5762883306688907
0.17464307502096685,0.3844159090716369,0.4409410159073962
0.15827892616562783,0.5109508040443747,0.33077026978999763
0.15152213880041962,0.5633063650604929,0.2851714961390874
0.13082692879432922,0.7238332397295008,0.14533983147617002
0.11976336743892446,0.809558830749255,0.07067780181182048
0.11475681342383268,0.8482699852103592,0.03697320136580815
0.11101450556613479,0.8771535151446224,0.011831979289242928
0.11000109739743869,0.8849657935407118,0.00503310906184954
0.10963975288343795,0.8877502837559635,0.0026099633605985197
0.1094312661679602,0.8893565975185723,0.0012121363134675101
0.10933177954968665,0.8901230365398198,0.000545183910493528
0.10928700071131205,0.8904679955534649,0.00024500373522297374
0.10926687066441403,0.8906230667770773,0.00011006255850880076
0.10926322776311412,0.8907367722368859,0.0
0.10925618952391473,0.8907438104760853,0.0
0.10925302855459598,0.8907469714454039,0.0
0.10925160896008419,0.8907483910399159,0.0
0.10925097142681865,0.8907490285731814,0.0
0.1092506851152419,0.8907493148847582,0.0
0.10925055653510468,0.8907494434648954,0.0
0.10925049879090817,0.8907495012090918,0.0
0.1092504728585179,0.8907495271414821,0.0
0.10925046121251993,0.89074953878748,0.0
0.10925045598240378,0.8907495440175962,0.0
0.10925045363361047,0.8907495463663896,0.0
0.10925045257878838,0.8907495474212116,0.0
0.10925045210508104,0.8907495478949189,0.0
0.10925045189234237,0.8907495481076577,0.0
0.10925045179680021,0.8907495482031998,0.0
0.10925045175389837,0.8907495482461016,0.0
0.109250451734629,0.890749548265371,0.0
0.10925045172944338,0.8907495482705566,0.0
0.10925045172403726,0.8907495482759628,0.0
0.10925045172116844,0.8907495482788316,0.0
0.1092504517198847,0.8907495482801152,0.0
0.10925045171932814,0.8907495482806719,0.0
0.10925045171907835,0.8907495482809217,0.0
0.1092504517189833,0.8907495482810167,0.0
0.1092504517189479,0.890749548281052,0.0
0.10925045171892812,0.8907495482810719,0.0
0.10925045171892574,0.8907495482810743,0.0
0.10925045171892185,0.8907495482810782,0.0
0.10925045171891594,0.8907495482810841,0.0
0.10925045171891547,0.8907495482810845,0.0
0.10925045171892014,0.8907495482810799,0.0
