0.1,0.15,0.75
0.10012014367272869,0.14998850450523116,0.7498913518220401
0.10034753704976851,0.14996672374819803,0.7496857392020334
0.10046777303941742,0.14995519462719234,0.7495770323333902
0.10142977945045929,0.1498626446283302,0.7487075759212105
0.10911515254158693,0.1491048391868038,0.7417800082716094
0.15753966614346973,0.14379109726503367,0.6986692365914966
0.18632118200565173,0.14044195851931243,0.673236859475036
0.19998773865649094,0.1390087344812867,0.6610035268622224
0.20570568159878028,0.1388964847069289,0.6553978336942908
0.20641930938427508,0.1395429600380922,0.6540377305776328
0.20634980956805082,0.14077531551873995,0.6528748749132093
0.2060125039306814,0.14338037294904668,0.650607123120272
0.20469868576533856,0.153433432085567,0.6418678821490945
0.19673394913006478,0.21443016839755444,0.5888358824723807
0.17867028184624073,0.35334797712293026,0.46798174103082896
0.1582150065082928,0.5114447126167198,0.33034028087498746
0.14823393477550145,0.5888033714193078,0.2629626938051908
0.13696550421735038,0.6762158248432423,0.18681867093940732
0.12463450994466387,0.771838082022698,0.10352740803263821
0.11804670723837836,0.8228398997239732,0.05911339303764849
0.11396605231508786,0.8543773690240278,0.031656578660884435
0.11105595229193263,0.876833957163787,0.012110090544280413
0.11061325917673097,0.8802472519759099,0.009139488847359017
0.1099739654736839,0.88517489631058,0.004851138215736142
0.1095719421240195,0.888272761712759,0.0021552961632214773
0.10939262585539135,0.8896542852044871,0.0009530889401215458
0.10931322817293937,0.8902659502596539,0.00042082156740655093
0.10927815132211967,0.8905361667599389,0.00018568191794143544
0.10927162014511328,0.8907283798548867,0.0
0.10925978758047071,0.8907402124195293,0.0
0.10925456895562406,0.8907454310443759,0.0
0.1092522674474527,0.8907477325525472,0.0
0.10925125246201331,0.8907487475379867,0.0
0.10925080484862337,0.8907491951513767,0.0
0.10925060744981063,0.8907493925501894,0.0
0.10925052039651217,0.8907494796034878,0.0
0.10925048200584501,0.890749517994155,0.0
0.10925046507549728,0.8907495349245027,0.0
0.10925045760919198,0.8907495423908081,0.0
0.10925045431653858,0.8907495456834614,0.0
0.10925045286446927,0.8907495471355308,0.0
0.10925045222410745,0.8907495477758924,0.0
0.10925045194170763,0.8907495480582924,0.0
0.10925045181716767,0.8907495481828323,0.0
0.10925045178416562,0.8907495482158343,0.0
0.10925045175095768,0.8907495482490423,0.0
0.10925045173304762,0.8907495482669524,0.0
0.10925045172503921,0.8907495482749608,0.0
0.1092504517215531,0.8907495482784469,0.0
0.10925045172004952,0.8907495482799505,0.0
0.10925045171940581,0.8907495482805942,0.0
0.1092504517191204,0.8907495482808796,0.0
0.10925045171900108,0.890749548280999,0.0
0.10925045171894893,0.890749548281051,0.0
0.1092504517189284,0.8907495482810717,0.0
0.10925045171892485,0.8907495482810752,0.0
0.10925045171892159,0.8907495482810783,0.0
0.10925045171891969,0.8907495482810802,0.0
0.10925045171891962,0.8907495482810803,0.0
0.10925045171891137,0.8907495482810887,0.0
