0.2,0.05,0.75
0.20005725392919682,0.04999756262626774,0.7499451834445354
0.2001166153331737,0.0499950359426768,0.7498883487241496
0.2001736087277446,0.049992610447092835,0.7498337808251626
0.20062371793856443,0.04997346900714308,0.7494028130542925
0.2038714368070077,0.0498362940273371,0.7462922691656552
0.21558801575015968,0.049398194065147484,0.7350137901846927
0.21798718928294825,0.04942066362319058,0.7325921470938612
0.21828260956664328,0.04959068470198468,0.7321267057313721
0.21825977901100158,0.049932859441803604,0.7318073615471948
0.218143611104218,0.05082362344748718,0.7310327654482949
0.2174811292112951,0.055863966519365905,0.7266549042693391
0.21675935203046254,0.06136166974609455,0.7218789782234429
0.21211653265920496,0.09675567569352085,0.6911277916472742
0.20726980915887125,0.1337658961543706,0.6589642946867582
0.1982546524182598,0.20277000775848492,0.5989753398232553
0.18063876717325208,0.338174610694234,0.4811866221325139
0.16386625540599886,0.46769823530799026,0.36843550928601093
0.15478923665399932,0.5379848017429776,0.3072259616030231
0.13478502283775814,0.6931319881066468,0.1720829890555952
0.12208814168442848,0.7915622549160575,0.086349603399514
0.11818726498023127,0.82175264194443,0.06006009307533869
0.1128798299941936,0.8627631608405822,0.02435700916522424
0.11083561212655889,0.8785329489337139,0.010631438939727239
0.11023194764255542,0.8831865928588352,0.006581459498609497
0.10973386736500805,0.8870251029219782,0.003241029713013553
0.1094806335645091,0.8889762580272624,0.0015431084082285064
0.10935797790265163,0.8899212108216588,0.0007208112756896714
0.10930055812363394,0.890363555717461,0.0003358861589051077
0.10927378981352971,0.8905697656847453,0.0001564445017248753
0.10926927985805902,0.8907307201419409,0.0
0.1092592181119694,0.8907407818880306,0.0
0.10925453324700182,0.8907454667529981,0.0
0.10925235200591712,0.8907476479940829,0.0
0.10925133645364123,0.8907486635463587,0.0
0.10925086363217627,0.8907491363678238,0.0
0.10925064349653606,0.890749356503464,0.0
0.10925054100624293,0.890749458993757,0.0
0.10925049328906487,0.8907495067109351,0.0
0.10925047107303033,0.8907495289269697,0.0
0.10925046072974783,0.8907495392702522,0.0
0.10925045591415564,0.8907495440858443,0.0
0.10925045367212709,0.8907495463278728,0.0
0.10925045262829078,0.8907495473717093,0.0
0.10925045214230278,0.8907495478576972,0.0
0.10925045191603651,0.8907495480839636,0.0
0.10925045181069333,0.8907495481893066,0.0
0.10925045176164656,0.8907495482383535,0.0
0.10925045173881757,0.8907495482611825,0.0
0.10925045172818532,0.8907495482718147,0.0
0.10925045172309819,0.8907495482769018,0.0
0.1092504517217241,0.8907495482782759,0.0
0.10925045172028297,0.8907495482797171,0.0
0.10925045171950917,0.8907495482804908,0.0
0.10925045171916459,0.8907495482808354,0.0
0.1092504517190204,0.8907495482809795,0.0
0.10925045171895434,0.8907495482810457,0.0
0.10925045171893398,0.890749548281066,0.0
0.10925045171891991,0.8907495482810801,0.0
0.1092504517189269,0.8907495482810731,0.0
0.10925045171892417,0.8907495482810759,0.0
0.10925045171892211,0.8907495482810779,0.0
0.10925045171892087,0.8907495482810792,0.0
