0.1,0.2,0.7
0.10011431289504343,0.1999849823882525,0.6999007047167041
0.10032660951734061,0.19995706667042393,0.6997163238122355
0.10044098759872039,0.19994201283800478,0.6996169995632748
0.10135584666721514,0.1998212589690537,0.6988228943637311
0.1086475604281564,0.19883809440783817,0.6925143451640055
0.1585903649683747,0.1914217552069894,0.649987879824636
0.18495948049274982,0.18740627760135534,0.6276342419058949
0.19623608957627295,0.18607348064348153,0.6176904297802455
0.1997945654555137,0.1864569799686641,0.6137484545758223
0.20017144554130764,0.18768383416719733,0.6121447202914951
0.19992219542079434,0.1899711686716111,0.6101066359075946
0.1992130050155591,0.1954254349519031,0.6053615600325378
0.19650382518028325,0.21618034639916517,0.5873158284205515
0.19052624776249807,0.2620854001220689,0.547388352115433
0.1856373762910578,0.2996837775689325,0.5146788461400098
0.16883221936175136,0.42929943259943637,0.40186834803881233
0.1437527022952089,0.6235657487928925,0.23268154891189863
0.13413226067869854,0.698196195572957,0.16767154374834453
0.12217201457106226,0.7909125842043183,0.08691540122461949
0.1152231067853831,0.84466759890197,0.04010929431264686
0.11163847895845236,0.872341385511382,0.016020135530165635
0.11016368589187132,0.8837127171398549,0.0061235969682738416
0.10966510412117213,0.8875549486454992,0.0027799472333286113
0.109437925295388,0.8893052948990893,0.001256779805522714
0.10933425472344233,0.8901039687663734,0.0005617765101843388
0.10928787935241852,0.8904612270705643,0.00025089357701727296
0.10926716078531808,0.8906208319193133,0.00011200729536866959
0.10926337256505037,0.8907366274349496,0.0
0.10925621841052391,0.8907437815894761,0.0
0.10925302539507054,0.8907469746049295,0.0
0.10925160034119281,0.8907483996588071,0.0
0.10925096434281566,0.8907490356571843,0.0
0.10925068049979017,0.8907493195002099,0.0
0.10925055382232357,0.8907494461776764,0.0
0.10925049728699138,0.8907495027130087,0.0
0.10925047205564235,0.8907495279443577,0.0
0.10925046079505828,0.8907495392049417,0.0
0.1092504557695346,0.8907495442304654,0.0
0.10925045352668368,0.8907495464733164,0.0
0.10925045252571264,0.8907495474742873,0.0
0.1092504520789896,0.8907495479210104,0.0
0.10925045187961437,0.8907495481203856,0.0
0.10925045179063794,0.890749548209362,0.0
0.10925045175092994,0.89074954824907,0.0
0.10925045173320506,0.890749548266795,0.0
0.10925045172529504,0.890749548274705,0.0
0.10925045172317606,0.890749548276824,0.0
0.10925045172100346,0.8907495482789966,0.0
0.109250451719831,0.8907495482801691,0.0
0.10925045171930221,0.8907495482806979,0.0
0.10925045171907419,0.8907495482809259,0.0
0.10925045171897996,0.8907495482810202,0.0
0.10925045171894582,0.8907495482810542,0.0
0.10925045171892497,0.8907495482810751,0.0
0.10925045171891794,0.890749548281082,0.0
0.10925045171892457,0.8907495482810754,0.0
0.1092504517189193,0.8907495482810807,0.0
0.10925045171892049,0.8907495482810794,0.0
0.10925045171892313,0.8907495482810769,0.0
