0.25,0.2,0.55
0.24983868549104923,0.2000369876030369,0.5501243269059138
0.24959301703250814,0.2000933197530849,0.550313663214407
0.24943292407267093,0.20013003139665103,0.5504370445306781
0.24817283739535845,0.20041904906716804,0.5514081135374735
0.23928064211672456,0.20246320137463336,0.5582561565086421
0.21689496812713435,0.20772334183976465,0.575381690033101
0.2044469383258965,0.21096529102631617,0.5845877706477873
0.19921839215730908,0.2128051800225365,0.5879764278201545
0.19717156263836522,0.21432349418189228,0.5885049431797426
0.19653915440231903,0.2161629983846753,0.5872978472130057
0.19608430404441204,0.21941886359828544,0.5844968323573025
0.19491607461386426,0.22837559384185824,0.5767083315442776
0.1919382519402039,0.25123791178834903,0.556823836271447
0.17835395482199806,0.3557874585941356,0.4658585865838664
0.162413423067974,0.47894068615801244,0.3586458907740135
0.14762925458276502,0.5934916386368733,0.25887910678036175
0.12929814948265486,0.735689481779667,0.1350123687376783
0.11770510172112085,0.8254819533035843,0.056812944975294856
0.11239060659529147,0.8665386524299569,0.021070740974751673
0.1106493491491572,0.8799690128846513,0.009381637966191523
0.11005239785307375,0.8845704323216778,0.005377169825248526
0.10963831970568716,0.8877613254546828,0.002600354839630074
0.10943742119214639,0.8893091774125294,0.001253401395324289
0.10934043332190847,0.8900563698827227,0.0006031967953688163
0.10929372273669256,0.890416212106848,0.0002900651564595285
0.10927125237058684,0.8905893125349235,0.00013943509448976216
0.10926777148612055,0.8907322285138795,0.0
0.10925877491150444,0.8907412250884955,0.0
0.10925445142130671,0.8907455485786933,0.0
0.10925237375056567,0.8907476262494344,0.0
0.10925137533402597,0.890748624665974,0.0
0.10925089555275824,0.8907491044472418,0.0
0.10925066499847585,0.8907493350015242,0.0
0.10925055420806401,0.8907494457919359,0.0
0.10925050096890729,0.8907494990310927,0.0
0.10925047538548191,0.8907495246145181,0.0
0.10925046309161515,0.8907495369083848,0.0
0.10925045718394534,0.8907495428160546,0.0
0.10925045434509036,0.8907495456549097,0.0
0.10925045298089368,0.8907495470191064,0.0
0.10925045232532316,0.8907495476746768,0.0
0.10925045213927718,0.8907495478607228,0.0
0.10925045192183823,0.8907495480781618,0.0
0.10925045180823316,0.8907495481917669,0.0
0.10925045175764148,0.8907495482423585,0.0
0.10925045173566854,0.8907495482643315,0.0
0.10925045172615333,0.8907495482738467,0.0
0.10925045172204281,0.8907495482779573,0.0
0.10925045172025681,0.8907495482797432,0.0
0.10925045171948902,0.890749548280511,0.0
0.1092504517191557,0.8907495482808443,0.0
0.10925045171901225,0.8907495482809877,0.0
0.10925045171895195,0.890749548281048,0.0
0.10925045171892887,0.8907495482810711,0.0
0.10925045171892828,0.8907495482810717,0.0
0.10925045171892102,0.890749548281079,0.0
0.10925045171891495,0.890749548281085,0.0
0.10925045171892213,0.8907495482810778,0.0
0.1092504517189131,0.890749548281087,0.0
0.1092504517189184,0.8907495482810815,0.0
