0.3,0.2,0.5
0.2996751944273212,0.20007985637618028,0.5002449491964985
0.29905580263475523,0.2002321184492117,0.5007120789160331
0.29873418083522285,0.20031117035719795,0.5009546488075792
0.2962073511054937,0.20093198927089684,0.5028606596236095
0.27860095780555433,0.20524626101801086,0.5161527811764349
0.24197442874659014,0.21419901313329517,0.5438265581201147
0.218096698030838,0.22014248262864777,0.5617608193405143
0.20561829309060098,0.22349618826939252,0.5708855186400065
0.19871358400122185,0.2257892691391195,0.5754971468596586
0.195788018766656,0.22752061123901254,0.5766913699943316
0.19487784986635728,0.2293168135091971,0.5758053366244456
0.1944039657431597,0.23232442021587965,0.5732716140409606
0.19350255075830822,0.23922416056061874,0.5672732886810731
0.1895604485003503,0.26950825339474593,0.5409312981049037
0.17580540057140287,0.37544572524798775,0.44874887418060944
0.1680167404395632,0.43559987973856706,0.39638337982186983
0.15091244519723396,0.5680330545438179,0.2810545002589482
0.13170220923111542,0.717045263619594,0.15125252714929066
0.12042653725399667,0.8044262962891351,0.07514716645686828
0.1151274674968269,0.8454065424406042,0.039465990062568845
0.11127935341474798,0.8751111416810086,0.013609504904243522
0.11011654072868084,0.8840760778396899,0.005807381431629308
0.10969571873668119,0.8873190540275216,0.0029852272357972424
0.10945710305604385,0.8891575440876622,0.0013853528562938896
0.10934325395590652,0.8900346404755838,0.0006221055685097068
0.10929208634872066,0.8904288181147872,0.00027909553649218253
0.1092691224171256,0.8906057205153001,0.00012515706757431144
0.10926495412496869,0.8907350458750314,0.0
0.10925695314146396,0.890743046858536,0.0
0.10925336623942343,0.8907466337605766,0.0
0.10925175825536473,0.8907482417446353,0.0
0.10925103741728186,0.8907489625827181,0.0
0.10925071427714568,0.8907492857228543,0.0
0.10925056941902375,0.8907494305809763,0.0
0.10925050448173464,0.8907494955182654,0.0
0.1092504753715245,0.8907495246284756,0.0
0.10925046232194457,0.8907495376780554,0.0
0.10925045647206101,0.890749543527939,0.0
0.1092504538496604,0.8907495461503395,0.0
0.10925045267408796,0.890749547325912,0.0
0.10925045214710757,0.8907495478528924,0.0
0.10925045191087107,0.8907495480891289,0.0
0.1092504518049649,0.890749548195035,0.0
0.10925045175749672,0.8907495482425033,0.0
0.10925045173620862,0.8907495482637914,0.0
0.10925045172666893,0.8907495482733311,0.0
0.10925045172411246,0.8907495482758875,0.0
0.10925045172146497,0.890749548278535,0.0
0.10925045172003003,0.89074954827997,0.0
0.1092504517193953,0.8907495482806047,0.0
0.10925045171911338,0.8907495482808866,0.0
0.1092504517189956,0.8907495482810044,0.0
0.10925045171894482,0.8907495482810551,0.0
0.10925045171892964,0.8907495482810703,0.0
0.10925045171892495,0.890749548281075,0.0
0.10925045171891952,0.8907495482810804,0.0
0.10925045171892443,0.8907495482810757,0.0
0.10925045171891391,0.8907495482810861,0.0
0.10925045171891581,0.8907495482810842,0.0
