0.4,0.2,0.4
0.3993003953102989,0.20020484733493302,0.40049475735476814
0.3976182838470811,0.20069720366346885,0.4016845124894501
0.3969278185881078,0.20089923287008116,0.4021729485418111
0.39151883238126445,0.20248046413439913,0.4060007034843364
0.35461246193282986,0.2132011774856014,0.4321863605815688
0.29330950346576284,0.23075688846522974,0.4759336080690074
0.25049194622073656,0.24286431703279626,0.5066437367464671
0.2253956198992777,0.25000398909656874,0.5246003910041537
0.2082220313378393,0.2550865301054808,0.5366914385566799
0.19782267033056483,0.258559090134919,0.5436182395345163
0.19275042089107086,0.26091643705987605,0.546333142049053
0.19073812592299016,0.2630508486407321,0.5462110254362779
0.19006261841894262,0.2658068136939143,0.5441305678871431
0.18940302982346247,0.27072136413911024,0.5398756060374272
0.18758601639981912,0.2846872328326417,0.5277267507675393
0.1820246916971255,0.3274962496427507,0.49047905866012376
0.1666732715675533,0.44598917991325,0.3873375485191966
0.14302968342803474,0.6291683302493053,0.22780198632266
0.1340007226309347,0.6992160685319544,0.1667832088371109
0.1197843737968127,0.8093963378588395,0.07081928834434797
0.11408328277609897,0.8534720537084461,0.032444663515454907
0.11142620156251246,0.8739786443365414,0.014595154100946084
0.11020704639545173,0.8833785178380362,0.006414435766512058
0.10966650948898743,0.887544118978601,0.0027893715324116795
0.10943054763622802,0.8893621331402647,0.0012073192235072035
0.10932824626631008,0.8901502560763862,0.0005214976573037081
0.10928402565942238,0.890490913985678,0.00022506035489961416
0.10927554532937675,0.8907244546706232,0.0
0.10926127475738863,0.8907387252426114,0.0
0.10925511957676177,0.8907448804232382,0.0
0.10925246487959007,0.8907475351204099,0.0
0.10925131995129549,0.8907486800487046,0.0
0.10925082616741949,0.8907491738325805,0.0
0.10925061320965743,0.8907493867903425,0.0
0.10925052136598999,0.89074947863401,0.0
0.1092504817560216,0.8907495182439784,0.0
0.10925046467318716,0.8907495353268129,0.0
0.10925045730578513,0.8907495426942148,0.0
0.10925045412840104,0.8907495458715989,0.0
0.10925045275806626,0.8907495472419338,0.0
0.10925045216707466,0.8907495478329254,0.0
0.1092504519121986,0.8907495480878014,0.0
0.10925045184584214,0.8907495481541579,0.0
0.10925045178105887,0.8907495482189411,0.0
0.10925045174632302,0.8907495482536769,0.0
0.10925045173079852,0.8907495482692015,0.0
0.10925045172405014,0.8907495482759499,0.0
0.10925045172112793,0.8907495482788721,0.0
0.10925045171987159,0.8907495482801284,0.0
0.10925045171932421,0.8907495482806758,0.0
0.10925045171908387,0.8907495482809161,0.0
0.10925045171898763,0.8907495482810124,0.0
0.10925045171893964,0.8907495482810603,0.0
0.10925045171893143,0.8907495482810686,0.0
0.10925045171891799,0.890749548281082,0.0
0.10925045171891729,0.8907495482810828,0.0
0.10925045171892153,0.8907495482810784,0.0
0.10925045171891985,0.8907495482810802,0.0
0.10925045171892211,0.8907495482810779,0.0
