0.2,0.25,0.55
0.19997025357490242,0.2500104206058802,0.5500193258192174
0.19994831730664586,0.250018112019077,0.5500335706742772
0.19991872502828748,0.25002849705601243,0.5500527779157001
0.19968587612149696,0.25011059115512546,0.5502035327233776
0.19804952636542,0.2507099928219538,0.5512404808126263
0.19301649834227488,0.25321579844436487,0.5537677032133602
0.19155512897945545,0.2554007432319134,0.5530441277886312
0.1910210153017334,0.2583379837530676,0.5506410009451991
0.19022769792660751,0.2643797818701232,0.5453925202032694
0.18749897807253313,0.2853551978261069,0.52714582410136
0.17776299358829067,0.3603443520078919,0.4618926544038175
0.16081139120507013,0.4913453406240793,0.34784326817085065
0.14120249018822606,0.643345134790847,0.21545237502092698
0.1278836958242996,0.7466554345958997,0.12546086957980085
0.11846251085942827,0.8196233833532491,0.061914105787322524
0.11320333333176816,0.8602662127218956,0.02653045394633618
0.11075293929656613,0.8791703666588697,0.010076694044564117
0.11026932446215733,0.882898501659199,0.006832173878643722
0.10977799603564105,0.8866850631358338,0.003536940828525127
0.1094872351099867,0.8889253967057047,0.0015873681843086632
0.10935646457701201,0.8899328690482924,0.0007106663746956083
0.10929786261402981,0.8903843206701304,0.0003178167158398323
0.10927164407635363,0.8905862952148279,0.0001420607088184686
0.10926685930946484,0.8907331406905352,0.0
0.10925778315250598,0.890742216847494,0.0
0.10925372755443802,0.890746272445562,0.0
0.10925191541326353,0.8907480845867365,0.0
0.10925110571706799,0.890748894282932,0.0
0.10925074393336164,0.8907492560666384,0.0
0.10925058228380864,0.8907494177161913,0.0
0.10925051005684279,0.8907494899431572,0.0
0.10925047778498323,0.8907495222150168,0.0
0.10925046336553436,0.8907495366344657,0.0
0.10925045692276378,0.8907495430772363,0.0
0.10925045404405394,0.890749545955946,0.0
0.10925045275782101,0.890749547242179,0.0
0.10925045218311391,0.8907495478168861,0.0
0.10925045192632751,0.8907495480736726,0.0
0.10925045181159646,0.8907495481884036,0.0
0.1092504517603269,0.8907495482396731,0.0
0.10925045174659728,0.8907495482534027,0.0
0.10925045173250483,0.8907495482674951,0.0
0.10925045172490415,0.8907495482750958,0.0
0.10925045172150175,0.8907495482784983,0.0
0.10925045172002561,0.8907495482799744,0.0
0.10925045171938763,0.8907495482806124,0.0
0.10925045171911857,0.8907495482808814,0.0
0.10925045171900012,0.8907495482809998,0.0
0.10925045171895029,0.8907495482810497,0.0
0.10925045171892823,0.8907495482810718,0.0
0.10925045171891624,0.8907495482810838,0.0
0.10925045171891871,0.8907495482810812,0.0
0.10925045171892489,0.8907495482810751,0.0
0.10925045171892507,0.890749548281075,0.0
0.10925045171892046,0.8907495482810796,0.0
