0.7,0.25,0.05
0.6983799363472153,0.2513069033837657,0.05031316026901894
0.6924039987885009,0.2561258422932001,0.05147015891829899
0.6907881301331706,0.2574283703723429,0.051783499494486455
0.6779819395116972,0.26774399056053616,0.05427406992776671
0.5850383731771697,0.34225855641093933,0.07270307041189106
0.4816083522975416,0.42452949259071177,0.0938621551117466
0.3813326326913481,0.5037043621088072,0.11496300519984481
0.30550818009410996,0.5631900229851385,0.13130179692075158
0.25001498173046244,0.606547358827486,0.14343765944205153
0.21131436548154503,0.6367770272989639,0.15190860721949107
0.1835888284423405,0.6585724339146916,0.15783873764296788
0.16331922733104545,0.6748145957931757,0.1618661768757789
0.14966823207056146,0.6862668039749309,0.16406496395450762
0.1404898707873747,0.6948751328546285,0.16463499635799672
0.13574696638463596,0.7007480981106917,0.16350493550467238
0.13355205311503018,0.705754391513432,0.16069355537153784
0.1324582001889195,0.7114784915659892,0.15606330824509126
0.13122337918115748,0.7207653177701839,0.14801130304865856
0.12868660392166567,0.7404306954999951,0.1308827005783393
0.12019316391073712,0.8062312310018684,0.07357560508739432
0.11414746387418019,0.8529763364343053,0.0328761996915146
0.11126665697747944,0.8752091144933931,0.013524228529127541
0.11005807072545595,0.8845267117133004,0.005415217561243664
0.10963291775507598,0.8878029461560165,0.0025641360889074637
0.109430944656195,0.889359073137684,0.0012099822061209593
0.10933548837073433,0.8900944641982755,0.0005700474309901013
0.10929048408891238,0.8904411609873404,0.0002683549237471113
0.10926929063081646,0.8906044245984481,0.00012628477073531137
0.1092658079767655,0.8907341920232345,0.0
0.10925767616757463,0.8907423238324254,0.0
0.10925385043320313,0.8907461495667969,0.0
0.1092520506148362,0.8907479493851638,0.0
0.10925120390217037,0.8907487960978296,0.0
0.10925080557459596,0.890749194425404,0.0
0.10925061818592222,0.8907493818140778,0.0
0.1092505300312285,0.8907494699687715,0.0
0.10925048855996329,0.8907495114400368,0.0
0.10925046905031204,0.8907495309496879,0.0
0.10925045987224047,0.8907495401277595,0.0
0.10925045555455824,0.8907495444454417,0.0
0.10925045352334563,0.8907495464766544,0.0
0.10925045256780377,0.8907495474321963,0.0
0.10925045230115082,0.8907495476988492,0.0
0.10925045199971897,0.8907495480002809,0.0
0.10925045184249943,0.8907495481575005,0.0
0.10925045177249984,0.8907495482275002,0.0
0.10925045174208878,0.8907495482579113,0.0
0.10925045172893319,0.8907495482710668,0.0
0.10925045172324523,0.8907495482767547,0.0
0.10925045172078242,0.8907495482792176,0.0
0.10925045171971312,0.890749548280287,0.0
0.10925045171925617,0.8907495482807438,0.0
0.10925045171906468,0.8907495482809353,0.0
0.10925045171897717,0.8907495482810228,0.0
0.10925045171893519,0.8907495482810648,0.0
0.10925045171892431,0.8907495482810757,0.0
0.10925045171892236,0.8907495482810777,0.0
0.1092504517189241,0.8907495482810759,0.0
0.10925045171891633,0.8907495482810838,0.0
0.10925045171891973,0.8907495482810803,0.0
0.10925045171891301,0.8907495482810871,0.0
