0.55,0.3,0.15
0.5486923396494142,0.3008200948756985,0.1504875654748873
0.5446790957526493,0.3033360471176417,0.15198485712970897
0.543388296675501,0.30414496405967206,0.15246673926482707
0.5332638679341178,0.3104846727298464,0.15625145933603574
0.4639703473894882,0.3536369270899174,0.18239272552059432
0.32974861405129796,0.43604995691768167,0.23420142903102037
0.2657845757427034,0.4748080658292668,0.25940735842802976
0.22815293709003565,0.4975466091669131,0.2743004537430513
0.20007247277863457,0.5146521592972196,0.2852753679241458
0.1799940190302754,0.5272444539557911,0.2927615270139335
0.1672819674737586,0.5358171885755335,0.296900843950708
0.1588636614059938,0.5426071516662619,0.2985291869277444
0.15485715208469994,0.5476248358510494,0.29751801206425077
0.1530951462569762,0.5527062906499355,0.2941985630930884
0.15201427507389687,0.559588923008886,0.2883968019172172
0.15034195813540774,0.5724496625547023,0.27720837930988995
0.14565911789796043,0.6087708638696316,0.24557001823240793
0.13648390872810448,0.679951935592656,0.18356415567923962
0.12405337482976635,0.7763406275453163,0.09960599762491745
0.11639622008553785,0.8356017333077181,0.04800204660674399
0.112357751633263,0.8667922059098639,0.02085004245687301
0.11074191279469184,0.879255379221508,0.010002707983799996
0.10995679009647014,0.885307255324405,0.00473595457912481
0.10956739162192106,0.8883078219994294,0.0021247863786495315
0.10939218940280018,0.8896576477427169,0.000950162854482971
0.10931374233638178,0.8902619894368482,0.0004242682267700215
0.10927869404215457,0.8905319859875457,0.00018931997029983044
0.10927227913068017,0.8907277208693198,0.0
0.10926018710831799,0.890739812891682,0.0
0.1092547937192995,0.8907452062807005,0.0
0.10925238822958973,0.8907476117704103,0.0
0.10925131538733052,0.8907486846126694,0.0
0.10925083690704074,0.8907491630929594,0.0
0.1092506235090265,0.8907493764909735,0.0
0.10925052833557479,0.8907494716644252,0.0
0.10925048588916465,0.8907495141108354,0.0
0.10925046695849096,0.8907495330415091,0.0
0.10925045851560898,0.890749541484391,0.0
0.10925045475017776,0.8907495452498223,0.0
0.10925045307081925,0.8907495469291807,0.0
0.10925045232185684,0.8907495476781432,0.0
0.10925045198782815,0.8907495480121719,0.0
0.10925045183884662,0.8907495481611534,0.0
0.10925045177240647,0.8907495482275936,0.0
0.10925045175464225,0.8907495482453578,0.0
0.10925045173657985,0.8907495482634202,0.0
0.1092504517267161,0.8907495482732839,0.0
0.10925045172228706,0.890749548277713,0.0
0.10925045172036871,0.8907495482796313,0.0
0.10925045171953883,0.8907495482804612,0.0
0.10925045171917788,0.8907495482808221,0.0
0.10925045171902337,0.8907495482809766,0.0
0.10925045171895975,0.8907495482810402,0.0
0.10925045171892744,0.8907495482810726,0.0
0.10925045171892107,0.8907495482810789,0.0
0.1092504517189189,0.8907495482810811,0.0
0.10925045171892116,0.8907495482810789,0.0
0.10925045171891941,0.8907495482810805,0.0
0.1092504517189194,0.8907495482810807,0.0
0.10925045171891545,0.8907495482810845,0.0
