0.2,0.35,0.45
0.1999351559523318,0.35002758442881,0.45003725961885815
0.19986332159198766,0.3500581552197084,0.45007852318830394
0.1997988363046402,0.3500856098949378,0.450115553800422
0.1992903377292231,0.3503024916214623,0.45040717064931457
0.1956547752287937,0.3518764545521775,0.4524687702190288
0.1841968291990101,0.3574190559457689,0.45838411485522107
0.17918947833800275,0.36115370874866787,0.45965681291332944
0.17748184084007387,0.3643902049757905,0.45812795418413566
0.1766619473768555,0.36894276411484306,0.4543952885083014
0.17556392850480604,0.3773084501502082,0.4471276213449858
0.172348376692878,0.4021239152438593,0.42552770806326273
0.15388725199460493,0.5449706825237456,0.3011420654816496
0.13415951998140951,0.6979850763561439,0.1678554036624465
0.12300168684403978,0.7844873083283254,0.09251100482763487
0.1180190830566757,0.823053536685878,0.05892738025744636
0.11299058094985637,0.8619083524253157,0.025101066624827903
0.1106625776737657,0.8798670200950616,0.009470402231172723
0.1101554049406523,0.8837765475273671,0.006068047531980612
0.10971235042934785,0.887190899862473,0.003096749708179085
0.10945808608246207,0.8891499711322584,0.0013919427852795672
0.10934358493359596,0.8900320912485951,0.0006243238178090297
0.10929218510953984,0.8904280576122001,0.00027975727826004413
0.10926914439276017,0.8906055513730702,0.00012530423416969925
0.1092649538665726,0.8907350461334274,0.0
0.10925694526858454,0.8907430547314155,0.0
0.10925335923682705,0.890746640763173,0.0
0.10925175356106256,0.8907482464389375,0.0
0.1092510346166058,0.8907489653833942,0.0
0.10925071270988129,0.8907492872901187,0.0
0.1092505685768575,0.8907494314231424,0.0
0.10925050404170503,0.8907494959582949,0.0
0.109250475146276,0.890749524853724,0.0
0.10925046220844355,0.8907495377915565,0.0
0.10925045641556638,0.8907495435844336,0.0
0.10925045382182721,0.8907495461781727,0.0
0.10925045266048951,0.8907495473395105,0.0
0.10925045214049783,0.8907495478595022,0.0
0.10925045190767804,0.890749548092322,0.0
0.10925045180344091,0.890749548196559,0.0
0.10925045175676183,0.8907495482432382,0.0
0.1092504517442415,0.8907495482557585,0.0
0.10925045173142958,0.8907495482685703,0.0
0.10925045172444244,0.8907495482755575,0.0
0.10925045172130238,0.8907495482786977,0.0
0.10925045171993986,0.8907495482800601,0.0
0.10925045171934804,0.8907495482806519,0.0
0.10925045171910537,0.8907495482808947,0.0
0.1092504517189978,0.8907495482810022,0.0
0.10925045171894265,0.8907495482810573,0.0
0.10925045171893023,0.8907495482810698,0.0
0.10925045171892643,0.8907495482810736,0.0
0.1092504517189254,0.8907495482810746,0.0
0.10925045171892009,0.89074954828108,0.0
0.1092504517189205,0.8907495482810796,0.0
0.10925045171892657,0.8907495482810734,0.0
