0.35,0.5,0.15
0.345173707391178,0.5049540492788513,0.14987224332997065
0.3230148924268494,0.5280734532952844,0.14891165427786623
0.31825297010479997,0.5331236233643192,0.14862340653088094
0.2805407379119356,0.574177071536568,0.14528219055149627
0.15474804287222366,0.726196108717574,0.11905584841020242
0.08437551906012848,0.825185160806563,0.09043932013330859
0.037436153704981164,0.9025666863796115,0.05999715991540738
0.01305121340680406,0.9527107006894581,0.0342380859037379
0.008864499833843546,0.9633746394987678,0.02776086066738864
0.004576359977392423,0.9760741354201237,0.019349504602483844
0.001972649209523183,0.9858401144327967,0.012187236357680022
0.0008426247429367066,0.9915331870947601,0.007624188162303134
0.00035799179347102515,0.9948914419039906,0.004750566302538362
0.00015159709182141989,0.9968954199696128,0.0029529829385657683
0.0,0.9981669237973214,0.0018330762026785353
0.0,0.9988632165067343,0.001136783493265792
0.0,0.9992953826295219,0.0007046173704780784
0.0,0.9995633923796436,0.00043660762035631974
0.0,0.9997295145502818,0.00027048544971818885
0.0,0.9998324503294269,0.0001675496705730933
0.0,0.9998962207689908,0.00010377923100925815
0.0,1.0,0.0
