0.85,0.1,0.05
0.8477310079420559,0.10223457005589401,0.05003442200205015
0.8357223932807305,0.11405954773112378,0.050218058988145645
0.8331669011063794,0.11657567533656327,0.05025742355705748
0.8108890496658019,0.13850724729131766,0.05060370304288043
0.7078659977176581,0.23998156785528707,0.05215243442705483
0.567398673249826,0.3794361849945582,0.05316514175561577
0.3979074754334583,0.5516929200444184,0.05039960452212337
0.23984463283883223,0.7178757445128049,0.04227962264836284
0.12227046896042933,0.8466453206754702,0.031084210364100577
0.05570172851048216,0.923487687447367,0.02081058404215082
0.020573369587675194,0.9672232426727801,0.012203387739544654
0.01415891569078135,0.9758853304643023,0.009955753844916416
0.0072604474677212824,0.9858363369432219,0.006903215589056875
0.0031979635456372627,0.9924083360868666,0.0043937003674960175
0.0014017593899418547,0.9958128475573125,0.0027853930527458135
0.0006128094708052383,0.9976250966984364,0.0017620938307583455
0.00026750708967988304,0.9986190368448197,0.001113456065500407
0.00011667454582933807,0.9991801929948458,0.0007031324593247812
0.0,0.9995561238193007,0.0004438761806993133
0.0,0.9997198714804879,0.00028012851951215046
0.0,0.9998232324111611,0.00017676758883894097
0.0,0.9998884637098843,0.00011153629011575292
0.0,1.0,0.0
