0.15,0.65,0.2
0.15027129445102527,0.6497980574518818,0.1999306480970929
0.15087946027986812,0.649345359807148,0.19977517991298385
0.15115532258663322,0.6491400176951312,0.19970465971823562
0.15342417510397202,0.6474511664611413,0.19912465843488666
0.17669243405250398,0.6301289943960974,0.19317857155139867
0.20541946133884317,0.6087325074152159,0.18584803124594093
0.2610261523208113,0.5672882178031508,0.17168562987603803
0.3042480140732416,0.5350752683467384,0.16067671758002017
0.36494981070435384,0.489913731445614,0.14513645785003226
0.4082117887474759,0.4578766658115374,0.1339115454409868
0.4635935024408958,0.41732615691219266,0.11908034064691163
0.5230995296985074,0.3752886424398879,0.10161182786160461
0.5844989323068219,0.3357530322125124,0.07974803548066565
0.6224660027094963,0.3139211484052941,0.06361284888520974
0.6775511013717986,0.2851357672615031,0.03731313136669832
0.7131512725893064,0.26678414581764587,0.020064581593047685
0.7377900183812994,0.2525023656706983,0.009707615948002448
0.7583217263213099,0.23804699040539445,0.0036312832732956065
0.769707657065995,0.22861949517282715,0.0016728477611779218
0.7790190736922575,0.22021456997509936,0.0007663563326428944
0.7872603845540654,0.21239733913383446,0.0003422763121001632
0.7945807479413411,0.20526672047400843,0.00015253158465052094
0.8012679627844028,0.1987320372155972,0.0
0.8073198258987452,0.19268017410125482,0.0
0.8129257371209876,0.1870742628790124,0.0
0.8181394100707976,0.1818605899292024,0.0
0.8230047921345957,0.17699520786540443,0.0
0.8275587057720625,0.17244129422793752,0.0
0.831832488611448,0.16816751138855204,0.0
0.835853104808607,0.164146895191393,0.0
0.8396439499368415,0.1603560500631584,0.0
0.843225461614372,0.15677453838562797,0.0
0.8466155974388077,0.15338440256119237,0.0
0.8498302170669249,0.15016978293307515,0.0
0.8528833922782104,0.14711660772178958,0.0
0.8553102935484586,0.14468970645154136,0.0
0.8564871390370757,0.14351286096292423,0.0
0.8589156168409936,0.14108438315900643,0.0
0.8615448846002218,0.13845511539977823,0.0
0.8640561538696263,0.1359438461303737,0.0
0.8664575722803303,0.1335424277196698,0.0
0.8687565249617927,0.1312434750382073,0.0
0.8709597244036702,0.12904027559632975,0.0
0.8730732875956285,0.12692671240437148,0.0
0.8751028025393107,0.12489719746068931,0.0
0.8770858377714499,0.12291416222855009,0.0
0.8790916311493415,0.12090836885065846,0.0
0.8812068709722363,0.11879312902776372,0.0
0.8835619213776882,0.11643807862231183,0.0
0.8863530653638237,0.11364693463617617,0.0
0.889905876287085,0.11009412371291503,0.0
0.8948619547253087,0.10513804527469131,0.0
0.9025851257859336,0.09741487421406642,0.0
0.9076202605133528,0.09237973948664718,0.0
0.9251195359367279,0.07488046406327208,0.0
0.9371857717384616,0.06281422826153844,0.0
0.9468572562133717,0.05314274378662831,0.0
0.9541108615164019,0.045889138483598144,0.0
0.9594855570915707,0.040514442908429336,0.0
0.9636490217604562,0.0363509782395438,0.0
0.9663140423970794,0.033685957602920556,0.0
0.9678614657836366,0.03213853421636338,0.0
0.9686219442914579,0.03137805570854213,0.0
0.9688762393638283,0.03112376063617171,0.0
0.9689265085473561,0.031073491452643945,0.0
0.968929479395016,0.031070520604984078,0.0
0.9689295565080547,0.03107044349194536,0.0
0.9689295045141662,0.031070495485833866,0.0
0.9689294678879673,0.0310705321120327,0.0
