0.20000000000000004,0.7000000000000001,0.10000000000000002
0.20060805299907689,0.6994756379466815,0.09991630905424154
0.20227382115863846,0.6980391281722186,0.09968705066914291
0.20289947390518007,0.6974995783081536,0.09960094778666634
0.20811760427879866,0.6929994635005112,0.09888293222069007
0.2580156142642333,0.6499608103962139,0.09202357533955284
0.30344048184994915,0.6107832303501312,0.0857762877999198
0.36053720959126406,0.5615852753421059,0.07787751506662997
0.4022445036880738,0.5257327673586103,0.07202272895331599
0.45630130277381087,0.4795391943347218,0.06415950289146732
0.5105337706026302,0.43408862827806444,0.05537760111930552
0.5697315196326709,0.38729257278930845,0.04297590757802076
0.6018150707211554,0.36365527980749696,0.03452964947134775
0.6432779780750132,0.3343875007440945,0.022334521180892443
0.6737190545571611,0.3128536640890649,0.013427281353773978
0.7013505068768607,0.2920552327120733,0.006594260411066082
0.7269495208895062,0.2706452619669966,0.002405217143497211
0.74117995842572,0.25769805356056275,0.0011219880137172441
0.7530664791638303,0.24641329492310268,0.0005202259130670072
0.7637868234206314,0.2359809238271914,0.0002322527521771507
0.7732487907264947,0.22664782592601038,0.00010338334749500209
0.7817703103486005,0.21822968965139947,0.0
0.7894426677762282,0.21055733222377185,0.0
0.7964609322305389,0.20353906776946107,0.0
0.8029150631848204,0.19708493681517963,0.0
0.8088774051392454,0.19112259486075459,0.0
0.8144073215694556,0.18559267843054433,0.0
0.8195542582822052,0.1804457417177948,0.0
0.8243598869482873,0.17564011305171276,0.0
0.8288596689724513,0.1711403310275487,0.0
0.8330840315957369,0.1669159684042632,0.0
0.8370592724637199,0.16294072753628,0.0
0.8401513079423684,0.1598486920576316,0.0
0.8431022363342144,0.1568977636657856,0.0
0.8445279676347016,0.15547203236529847,0.0
0.8474836570103121,0.15251634298968783,0.0
0.8506678251854568,0.14933217481454314,0.0
0.8536926709620668,0.14630732903793323,0.0
0.8565705157470406,0.1434294842529594,0.0
0.8593123871889804,0.14068761281101966,0.0
0.8619281902960567,0.13807180970394325,0.0
0.8644268513853712,0.1355731486146288,0.0
0.8668164398718698,0.13318356012813015,0.0
0.8691042718586671,0.13089572814133293,0.0
0.8713614376333028,0.12863856236669716,0.0
0.8736667809230083,0.1263332190769917,0.0
0.8761323596630254,0.12386764033697467,0.0
0.8789244547518528,0.12107554524814716,0.0
0.8822959835954746,0.11770401640452534,0.0
0.886681919540681,0.113318080459319,0.0
0.89293292594788,0.10706707405211997,0.0
0.8974382975849154,0.1025617024150846,0.0
0.9147326846006683,0.08526731539933176,0.0
0.9304810605629922,0.06951893943700785,0.0
0.9411661618897369,0.05883383811026317,0.0
0.949732422801547,0.05026757719845294,0.0
0.9563918232507002,0.04360817674929994,0.0
0.9610929102748962,0.03890708972510386,0.0
0.9647423462970851,0.03525765370291492,0.0
0.9669887169084733,0.03301128309152664,0.0
0.9682137346734297,0.03178626532657025,0.0
0.9687547913129403,0.031245208687059663,0.0
0.96890647133652,0.031093528663480068,0.0
0.9689286753560914,0.031071324643908497,0.0
0.9689294773408268,0.0310705226591733,0.0
0.968929496254205,0.031070503745795106,0.0
0.9689295106627346,0.03107048933726547,0.0
0.9689294644162698,0.031070535583730272,0.0
0.9689294148295263,0.031070585170473706,0.0
