0.15,0.05,0.8
0.15017405154373079,0.04999114765909944,0.7998348007971698
0.15050357925487565,0.049974385001397933,0.7995220357437265
0.1506799971787493,0.04996540938459702,0.7993545934366537
0.15212769094403847,0.0498917171120913,0.7979805919438703
0.1665809070191699,0.04915266040875325,0.7842664325720768
0.19033895333898287,0.04792724572587415,0.761733800935143
0.22477021033861447,0.04613525577509342,0.7290945338862921
0.26223818743118665,0.04417222178813246,0.6935895907806808
0.30656010715803866,0.041843302106092224,0.6515965907358692
0.3533924941124777,0.03938767134605036,0.607219834541472
0.40364250222893755,0.036779052033399935,0.5595784457376626
0.45781891259486346,0.03403472653312754,0.508146360872009
0.5568751214704742,0.029437365087536707,0.4136875134419891
0.645705958108067,0.026164927364379822,0.3281291145275533
0.7276883265535851,0.024077583823375943,0.2482340896230389
0.8347546844061277,0.022752859162002554,0.1424924564318698
0.909336580552805,0.022793212062571077,0.06787020738462385
0.9410149157213873,0.023074086450590992,0.03591099782802176
0.9653837076267953,0.023423997742391872,0.011192294630812928
0.9721365723164119,0.023559886073311727,0.004303541610276389
0.9742962646681993,0.023618790062417277,0.002084945269383432
0.9751626864737305,0.023651597502905346,0.0011857160233640985
0.9757626582026478,0.023686649547939583,0.0005506922494126154
0.9760339725634153,0.02371705071797212,0.000248976718612644
0.9761428848035983,0.023744713229883724,0.0001124019665180231
0.9762277146659987,0.023772285334001234,0.0
0.9762026297788621,0.023797370221137957,0.0
0.976177495839681,0.023822504160318978,0.0
0.9761523728521398,0.02384762714786023,0.0
0.9761272879330561,0.023872712066943858,0.0
0.976102253354925,0.023897746645074998,0.0
0.9760772746845322,0.023922725315467866,0.0
0.9760523544580311,0.023947645541968998,0.0
0.9760274938412613,0.023972506158738676,0.0
0.9760026933800073,0.023997306619992678,0.0
0.9759779533390555,0.02402204666094455,0.0
0.9759532738554297,0.024046726144570242,0.0
0.9759286550076487,0.02407134499235132,0.0
0.9759040968470284,0.02409590315297159,0.0
0.9758795994118334,0.024120400588166484,0.0
0.9758551627336753,0.0241448372663247,0.0
0.9758307868404068,0.024169213159593268,0.0
0.975806471757434,0.024193528242566056,0.0
0.9757822175083121,0.02421778249168786,0.0
0.9757580050828147,0.024241994917185282,0.0
0.9757337449607703,0.024266255039229752,0.0
0.975709300293666,0.024290699706333997,0.0
0.9756843909725855,0.02431560902741449,0.0
0.9756584534200335,0.024341546579966518,0.0
0.9756304301112889,0.024369569888711085,0.0
0.9755984912327756,0.02440150876722437,0.0
0.9755595987321812,0.024440401267818813,0.0
0.9755083634141972,0.024491636585802796,0.0
0.9754337758351466,0.02456622416485342,0.0
0.975317832926051,0.024682167073948977,0.0
0.9752416703305474,0.024758329669452548,0.0
0.9746565585947267,0.02534344140527329,0.0
0.9716000230950057,0.028399976904994257,0.0
0.969517472092269,0.030482527907730966,0.0
0.9690066758901817,0.030993324109818313,0.0
0.9689371404626532,0.03106285953734682,0.0
0.9689297026644279,0.031070297335572043,0.0
0.9689294834265566,0.031070516573443438,0.0
0.9689294719611194,0.031070528038880534,0.0
0.9689294715658635,0.031070528434136418,0.0
0.9689294716112027,0.03107052838879739,0.0
