0.2,0.2,0.6
0.2004931896355275,0.19988841959165643,0.5996183907728161
0.20174352307270252,0.19960550208001313,0.5986509748472844
0.2022489518055501,0.19949112112720194,0.598259927067248
0.20644823115482197,0.19854046259007807,0.5950113062551
0.25466410097468634,0.18759156319516862,0.5577443358301452
0.2988914635839174,0.17752225234784308,0.5235862840682396
0.34283036148546386,0.1675345502866769,0.4896350882278593
0.39138357809385665,0.15657588933193378,0.4520405325742096
0.44098568128766014,0.14556939915294867,0.4134449195593912
0.5295088269751027,0.1270561658725713,0.343435007152326
0.6317392787888699,0.10952359045270829,0.2587371307584218
0.7078482877217953,0.10027834644624185,0.19187336583196285
0.8024139031926768,0.09350000800146357,0.10408608880585968
0.861000765187285,0.09166338386238394,0.04733585095033121
0.8855520160053924,0.09114179893753785,0.023306185057069877
0.9002867679371506,0.09047576765470615,0.009237464408143378
0.9052190252002209,0.08992720503036325,0.004853769769415876
0.9083964232837805,0.08925591988301493,0.0023476568332045887
0.9104626176770617,0.08848603194928459,0.0010513503736537218
0.911820144400935,0.08770986099386358,0.000469994605201419
0.9128494718783845,0.08694059462470867,0.00020993349690674712
0.9138078625413535,0.08619213745864647,0.0
0.9145538491112392,0.08544615088876088,0.0
0.9152815421914989,0.08471845780850104,0.0
0.9159923185251134,0.08400768147488653,0.0
0.9166870778931577,0.08331292210684225,0.0
0.917366497466644,0.08263350253335597,0.0
0.9180311441678471,0.08196885583215281,0.0
0.9186815247197572,0.08131847528024287,0.0
0.919318108287511,0.080681891712489,0.0
0.9199413370333047,0.0800586629666953,0.0
0.9205516313186836,0.0794483686813164,0.0
0.9211493925169678,0.07885060748303223,0.0
0.9217350047412064,0.0782649952587937,0.0
0.9223088360642424,0.07769116393575762,0.0
0.9228712394867783,0.07712876051322168,0.0
0.9234225537680912,0.07657744623190871,0.0
0.9239631041717438,0.07603689582825622,0.0
0.9244932031510646,0.07550679684893534,0.0
0.9250131509869034,0.07498684901309652,0.0
0.925427319524172,0.07457268047582791,0.0
0.9256322414864153,0.07436775851358464,0.0
0.926083225743653,0.07391677425634705,0.0
0.9265883662399762,0.07341163376002387,0.0
0.9271010012034268,0.07289899879657327,0.0
0.9276036644633258,0.07239633553667425,0.0
0.9281495548475167,0.07185044515248319,0.0
0.92872757472835,0.07127242527165004,0.0
0.9294372752088824,0.07056272479111762,0.0
0.9302999331357952,0.06970006686420484,0.0
0.9315505188430129,0.06844948115698712,0.0
0.9334654409309291,0.06653455906907094,0.0
0.9373236034718985,0.06267639652810149,0.0
0.946997915698342,0.05300208430165804,0.0
0.954334615811819,0.04566538418818103,0.0
0.9597128627558377,0.04028713724416241,0.0
0.9636601834852604,0.03633981651473964,0.0
0.9662654319803177,0.03373456801968233,0.0
0.9679010777859264,0.03209892221407365,0.0
0.9686408935907569,0.03135910640924312,0.0
0.968885080579253,0.031114919420746935,0.0
0.9689269141329702,0.031073085867029848,0.0
0.9689297104774071,0.031070289522592956,0.0
0.9689294867154313,0.03107051328456869,0.0
0.9689294721535144,0.031070527846485507,0.0
0.9689294882208704,0.031070511779129548,0.0
