0.1,0.25,0.65
0.10000131482217918,0.24999877145897156,0.6499999137188492
0.10000269564420532,0.24999748848645809,0.6499998158693365
0.10001413774961618,0.24998712829872222,0.6499987339516616
0.10013674219004579,0.2498966701430724,0.6499665876668819
0.10071299311699188,0.24963038134316515,0.6496566255398429
0.10200262823143419,0.2492095539327405,0.6487878178358253
0.10612251946652751,0.2480793735774121,0.6457981069560604
0.1138663919373259,0.2460885611088475,0.6400450469538266
0.12565892936362907,0.24311020470639133,0.6312308659299796
0.1429829875386938,0.23874533361871414,0.6182716788425922
0.16479810904065526,0.23323124771741974,0.601970643241925
0.1931801198204061,0.2260216393044459,0.5807982408751481
0.22733031294691883,0.2173047392096343,0.5553649478434469
0.2672071772166445,0.20709117392336707,0.5257016488599885
0.31123379736501866,0.19580433093506366,0.49296187169991773
0.3579250874421514,0.18387003361227677,0.4582048789455719
0.40618943843028527,0.17164810402449093,0.4221624575452239
0.45907133416293494,0.1585464118815572,0.3823822539555079
0.5566497233376955,0.13628484413896266,0.30706543252334184
0.6376996352767704,0.12137363056570138,0.24092673415752816
0.7008315398275219,0.11268990835719997,0.18647855181527812
0.7974227399160579,0.10442367734348884,0.09815358274045316
0.855173992228958,0.10199537748428611,0.04283063028675588
0.8780607913687657,0.10114227128658115,0.02079693734465318
0.8915049022129847,0.10013327009001871,0.008361827696996539
0.896417051284311,0.0993248557518375,0.004258092963851444
0.8993636040478958,0.09847895476770943,0.0021574411843947967
0.9015504002275558,0.09747672612370933,0.0009728736487349009
0.9030824457952269,0.0964795758077988,0.00043797839697435286
0.9043042984743389,0.0954986829384077,0.00019701858725344282
0.905452834209678,0.09454716579032195,0.0
0.9063947189723857,0.09360528102761434,0.0
0.9073111176151676,0.09268888238483246,0.0
0.908203827619696,0.09179617238030406,0.0
0.9090741071904197,0.0909258928095803,0.0
0.9099229532797615,0.09007704672023852,0.0
0.9107512256249217,0.08924877437507835,0.0
0.9115597028439583,0.08844029715604174,0.0
0.9123491084640875,0.08765089153591253,0.0
0.9131201235855061,0.08687987641449393,0.0
0.9138733935585501,0.08612660644144982,0.0
0.9146095319384973,0.08539046806150274,0.0
0.9153291231661961,0.08467087683380396,0.0
0.9160327246202007,0.08396727537979937,0.0
0.9167208683310714,0.0832791316689286,0.0
0.9173940624911571,0.08260593750884294,0.0
0.9180527928231911,0.08194720717680896,0.0
0.918697523839702,0.08130247616029791,0.0
0.9193287000110261,0.08067129998897389,0.0
0.9199467468522189,0.08005325314778108,0.0
0.9205520719411657,0.07944792805883426,0.0
0.9211470284097866,0.07885297159021346,0.0
0.9217660531462137,0.07823394685378626,0.0
0.922371922620525,0.07762807737947501,0.0
0.9229726180017296,0.07702738199827039,0.0
0.923621920285846,0.07637807971415403,0.0
0.9243476164109182,0.0756523835890818,0.0
0.9252735693597212,0.07472643064027888,0.0
0.926550547851961,0.07344945214803898,0.0
0.928367167516802,0.07163283248319793,0.0
0.9315844653772439,0.06841553462275608,0.0
0.939225020808416,0.06077497919158404,0.0
0.9488342000284733,0.05116579997152671,0.0
0.9555271359616978,0.044472864038302196,0.0
0.9606377696253119,0.03936223037468822,0.0
0.9642177750360302,0.035782224963969836,0.0
0.9667381124946788,0.03326188750532123,0.0
0.9681079583926889,0.03189204160731111,0.0
0.9687245840613111,0.031275415938688975,0.0
0.9689015731259595,0.031098426874040474,0.0
0.9689283738421733,0.031071626157826687,0.0
0.9689294364556648,0.03107056354433527,0.0
0.9689294694970629,0.031070530502937094,0.0
0.9689294715838004,0.031070528416199665,0.0
0.9689294716290914,0.031070528370908627,0.0
