0.15,0.25,0.6
0.15020675276417117,0.2499447574275514,0.5998484898082774
0.1506251141303948,0.24983296835381263,0.5995419175157926
0.15083489231750252,0.24977691087907106,0.5993881968034264
0.15255739059628226,0.24931653686287314,0.5981260725408446
0.16988492989992482,0.24467691369794245,0.5854381564021327
0.195696412029217,0.23773852000652368,0.5665650679642593
0.23250887008123847,0.22779949348541037,0.5396916364333512
0.2713044875119466,0.21729272668238872,0.5114027858056647
0.3163274845109651,0.2050935937196208,0.4785789217694141
0.36238287712125894,0.19265786299636745,0.44495925988237356
0.41095018076064527,0.17967412096456808,0.40937569827478665
0.46295178786920965,0.16608711236618617,0.3709610997646042
0.5572641756827932,0.14339971359077291,0.2993361107264339
0.6355860700220638,0.12811408900007645,0.23629984097785978
0.6944120952393722,0.11937233073933018,0.18621557402129763
0.7870679770978184,0.11042206028758048,0.10250996261460119
0.84520199107177,0.1074363882770248,0.04736162065120527
0.8740008019740856,0.10613205765491995,0.019867140370994532
0.8811385369059319,0.10560551044715838,0.013255952646909732
0.8874276281984977,0.10487888213174924,0.007693489669753053
0.8928857054777414,0.10373392144060366,0.003380373081654932
0.8959838350967442,0.10254800772591884,0.0014681571773370223
0.8980005854575587,0.10136352329358313,0.0006358912488582735
0.8995264598287742,0.10019846558067594,0.0002750745905499462
0.9008205782164457,0.09906050020989815,0.00011892157365621839
0.9020426940498536,0.09795730595014639,0.0
0.9031236699620064,0.09687633003799355,0.0
0.9041734094982072,0.09582659050179274,0.0
0.9051937843127391,0.09480621568726091,0.0
0.9061862494342005,0.09381375056579952,0.0
0.9071520469649589,0.09284795303504112,0.0
0.9080922947966249,0.09190770520337505,0.0
0.9090080264939472,0.09099197350605277,0.0
0.9099002103212043,0.09009978967879578,0.0
0.91076975926378,0.08923024073621993,0.0
0.9116175370788815,0.08838246292111848,0.0
0.9124443625219643,0.08755563747803566,0.0
0.9132510126713088,0.0867489873286912,0.0
0.9140382257532936,0.0859617742467063,0.0
0.9148067036494252,0.08519329635057485,0.0
0.9155571141712379,0.08444288582876215,0.0
0.9162900931479986,0.0837099068520015,0.0
0.9168826231746552,0.0831173768253449,0.0
0.9171746888308151,0.08282531116918498,0.0
0.9177804756652955,0.08221952433470446,0.0
0.91845359834926,0.08154640165073994,0.0
0.9191309314909866,0.0808690685090135,0.0
0.9197932159032618,0.08020678409673813,0.0
0.9204583839638493,0.07954161603615069,0.0
0.9211679175493388,0.07883208245066126,0.0
0.9220062856189669,0.07799371438103307,0.0
0.9229787899730981,0.07702121002690186,0.0
0.924248028898835,0.07575197110116508,0.0
0.9260798593068608,0.07392014069313918,0.0
0.9291882568643665,0.07081174313563357,0.0
0.9361402742252019,0.06385972577479812,0.0
0.9464849874743007,0.053515012525699346,0.0
0.9537047563539617,0.04629524364603832,0.0
0.9592806247126235,0.04071937528737645,0.0
0.9632535031739823,0.03674649682601766,0.0
0.9661430857240155,0.03385691427598449,0.0
0.9677946940533915,0.03220530594660854,0.0
0.9686054502381375,0.03139454976186247,0.0
0.9688741568405793,0.03112584315942074,0.0
0.9689259502110132,0.031074049788986795,0.0
0.9689293842477574,0.031070615752242556,0.0
0.9689294716120159,0.031070528387984065,0.0
0.9689294735246687,0.031070526475331366,0.0
0.9689294730233203,0.031070526976679683,0.0
