0.15,0.3,0.55
0.1502148617980258,0.29993039572564373,0.5498547424763305
0.15065606137918547,0.29978746343287044,0.5495564751879441
0.15087412430179623,0.2997168160818531,0.5494090596163508
0.15266496743520772,0.29913654641263615,0.5481984861521562
0.1707184609470736,0.2932784993839811,0.5360030396689454
0.19697726662575032,0.2847308574132398,0.51829187596101
0.2343075129527411,0.2725353180678871,0.4931571689793719
0.27333165019625394,0.2597548800241624,0.4669134697795837
0.31841671534734683,0.24498802136635775,0.43659526328629544
0.3641393064964868,0.2300656055255261,0.40579508797798713
0.4121345239536852,0.2145522590898081,0.3733132169565067
0.4633399508261065,0.19836082005936664,0.3382992291145268
0.5559340151105558,0.17132292146617717,0.27274306342326704
0.6302824558545885,0.15351385244566526,0.21620369169974618
0.6851366637757994,0.1432529421278378,0.1716103940963628
0.7743174222597201,0.13178589180050823,0.0938966859397716
0.8222089334443974,0.1278538807393461,0.049937185816256634
0.8515714550707996,0.12553722866387518,0.02289131626532521
0.8603879076196325,0.12455706464272648,0.015055027737641133
0.8683527153551834,0.12325365242344319,0.008393632221373383
0.8748587356416418,0.12145227338703224,0.0036889909713258623
0.8787641787592536,0.11964229741599293,0.0015935238247534343
0.8814444386417764,0.1178694091586598,0.0006861521995639226
0.8835579363204569,0.11614704833595114,0.00029501534359197636
0.8853930647514493,0.11448018264823284,0.00012675260031787272
0.8871244872703193,0.11287551272968065,0.0
0.8886841984673621,0.11131580153263795,0.0
0.8901893937783518,0.10981060622164815,0.0
0.8916436559597907,0.10835634404020934,0.0
0.8930498907025712,0.1069501092974287,0.0
0.8944106257923721,0.10558937420762791,0.0
0.8957281441317806,0.10427185586821942,0.0
0.8970045465767997,0.10299545342320027,0.0
0.8982417847182282,0.10175821528177173,0.0
0.899441680456116,0.10055831954388389,0.0
0.9006059394840631,0.09939406051593694,0.0
0.9017361617238421,0.09826383827615792,0.0
0.9028338500380524,0.09716614996194761,0.0
0.9039004178249067,0.09609958217509332,0.0
0.9049371957903921,0.09506280420960782,0.0
0.9057381638085878,0.0942618361914121,0.0
0.9065218185750427,0.09347818142495727,0.0
0.9069073310859193,0.09309266891408076,0.0
0.9077268860281973,0.09227311397180274,0.0
0.9086341354041992,0.0913658645958007,0.0
0.909518385996735,0.09048161400326507,0.0
0.9103805143990913,0.08961948560090864,0.0
0.9112239980313971,0.08877600196860294,0.0
0.9120786588105122,0.08792134118948787,0.0
0.9129768279240057,0.08702317207599428,0.0
0.9139693883616468,0.08603061163835324,0.0
0.9151358470776407,0.08486415292235935,0.0
0.9166071645293998,0.08339283547060022,0.0
0.9186353793298536,0.08136462067014644,0.0
0.9218271828110588,0.07817281718894124,0.0
0.9281072600835206,0.07189273991647935,0.0
0.9347678665809083,0.06523213341909179,0.0
0.9454535382612305,0.05454646173876958,0.0
0.9531192007449586,0.04688079925504142,0.0
0.9589882770457526,0.04101172295424741,0.0
0.9631269711832269,0.0368730288167731,0.0
0.9659067721180726,0.034093227881927424,0.0
0.9677106832744037,0.03228931672559637,0.0
0.9685631487632183,0.031436851236781777,0.0
0.968866169360871,0.031133830639128973,0.0
0.9689249560287978,0.031075043971202254,0.0
0.9689294167869849,0.031070583213015198,0.0
0.9689294684100099,0.03107053158999015,0.0
0.9689294715135567,0.03107052848644335,0.0
0.9689294808956628,0.03107051910433733,0.0
0.968929473461474,0.031070526538526082,0.0
