0.4,0.3,0.3
0.4034837174813562,0.29842005126391713,0.2980962312547267
0.4191213641292348,0.2913510869852079,0.2895275488855573
0.42315555841499264,0.28953433176671106,0.2873101098182963
0.4623990499838665,0.272060875335121,0.26554007468101243
0.5331893112937169,0.24217011253121126,0.22464057617507177
0.6022734340552497,0.2167908415510449,0.18093572439370537
0.6559861226139999,0.20058670025184494,0.14342717713415504
0.7362700267463066,0.1821612013725543,0.08156877188113919
0.7871441746279942,0.17303588120365498,0.0398199441683508
0.8145565631092159,0.1675469288840291,0.01789650800675497
0.8303047734430045,0.1626830513594076,0.007012175197587893
0.8312913461817149,0.16227287539215302,0.006435778426132211
0.8376735332066126,0.15909960531236247,0.003226861481024931
0.8431987221376499,0.15542543691416438,0.001375840948185716
0.847462764069172,0.15195259925182728,0.0005846366790007969
0.8510895443873523,0.1486624383087922,0.0002480173038554818
0.8543539651326326,0.1455409161389239,0.00010511872844354454
0.8574181938581547,0.14258180614184532,0.0
0.8602428711779645,0.13975712882203548,0.0
0.8629314781337758,0.13706852186622423,0.0
0.8645787676285135,0.1354212323714866,0.0
0.8651299601505599,0.13487003984944024,0.0
0.8693476796831321,0.1306523203168679,0.0
0.8827701006490056,0.11722989935099444,0.0
0.8831724694418733,0.11682753055812668,0.0
0.8862711462794857,0.1137288537205143,0.0
0.9052570202295673,0.09474297977043265,0.0
0.9229947975846037,0.07700520241539628,0.0
0.9351959410974493,0.06480405890255075,0.0
0.9414156246580814,0.05858437534191857,0.0
0.9414924200994266,0.05850757990057345,0.0
0.94209540862398,0.05790459137601999,0.0
0.9462854228534032,0.05371457714659678,0.0
0.9545939533241506,0.04540604667584933,0.0
0.9553811063488116,0.04461889365118846,0.0
0.9554139428021999,0.04458605719780012,0.0
0.9556729037797522,0.04432709622024785,0.0
0.9575288521209843,0.04247114787901582,0.0
0.9626533074816775,0.03734669251832248,0.0
0.9659519334728122,0.03404806652718781,0.0
0.9676445559863642,0.032355444013635874,0.0
0.9685286103040731,0.03147138969592688,0.0
0.9687978269578703,0.03120217304212979,0.0
0.9687983846071236,0.031201615392876362,0.0
0.9688027612446966,0.03119723875530347,0.0
0.9688328883209707,0.031167111679029354,0.0
0.9689185498744936,0.031081450125506487,0.0
0.9689277653019542,0.03107223469804571,0.0
