0.1,0.15,0.75
0.10017410193357529,0.15010887240380946,0.7497170256626152
0.10056831275890248,0.15035482062912525,0.7490768666119723
0.10074511601038617,0.1504648738756337,0.74879001011398
0.10219542104432186,0.15136174508286268,0.7464428338728154
0.11666077914446475,0.1597731086826142,0.723566112172921
0.13864136920720996,0.17095485238973332,0.6904037784030567
0.16943114474826895,0.18404099451535208,0.646527860736379
0.20253569247115044,0.1954764865056179,0.6019878210232317
0.24111664306325753,0.2060849084866992,0.5527984484500433
0.2817217719581584,0.2147143243598567,0.503563903681985
0.32554574642437806,0.22170231692039197,0.45275193665522995
0.37596809455568286,0.22749812201330655,0.39653378343101053
0.4687727698209993,0.23501089093264707,0.29621633924635354
0.5604824498784596,0.24294681938708715,0.19657073073445314
0.5987516993347771,0.2471828933955043,0.15406540726971862
0.6456004595377358,0.25330428745246775,0.10109525300979641
0.6852536326428843,0.259145665704952,0.05560070165216363
0.7116136062665771,0.2628197169001485,0.02556667683327438
0.7245878268607351,0.26385922785310423,0.011552945286160712
0.7313697174590715,0.26351672547353977,0.005113557067388656
0.7352474156627434,0.26251036979336606,0.002242214543890531
0.7378076575137295,0.26121327789451143,0.0009790645917591703
0.7397732934840672,0.2597999984082069,0.00042670810772597705
0.7414656796295459,0.2583485066346091,0.00018581373584503015
0.7430863939218016,0.2569136060781984,0.0
0.7445434750849245,0.2554565249150755,0.0
0.7459774085630088,0.2540225914369913,0.0
0.7473896047740665,0.2526103952259335,0.0
0.7487809187712586,0.25121908122874137,0.0
0.7501519597709827,0.24984804022901727,0.0
0.7515032245524313,0.2484967754475686,0.0
0.7528351550968905,0.24716484490310958,0.0
0.7541481636153979,0.24585183638460206,0.0
0.755442643529931,0.24455735647006902,0.0
0.7567189743992234,0.24328102560077663,0.0
0.7579775242297033,0.24202247577029662,0.0
0.7592186506531502,0.24078134934684975,0.0
0.7604427016093195,0.2395572983906805,0.0
0.7616500158086665,0.23834998419133335,0.0
0.7628409230939358,0.23715907690606422,0.0
0.7640157447520377,0.2359842552479623,0.0
0.7651747937986294,0.2348252062013706,0.0
0.7663183752453024,0.2336816247546976,0.0
0.7671963570646154,0.23280364293538458,0.0
0.7680993143012846,0.23190068569871541,0.0
0.7685471859005188,0.23145281409948115,0.0
0.7695363946246206,0.2304636053753794,0.0
0.7706625092106809,0.2293374907893191,0.0
0.7718490478289189,0.22815095217108097,0.0
0.7730814116628332,0.22691858833716688,0.0
0.774561158245245,0.22543884175475498,0.0
0.7763149491184027,0.22368505088159732,0.0
0.778776029271182,0.22122397072881808,0.0
0.7823499683472401,0.21765003165275992,0.0
0.7888997411872773,0.2111002588127226,0.0
0.8057369169997773,0.1942630830002227,0.0
0.8371661286890916,0.16283387131090837,0.0
0.8589590642400446,0.14104093575995535,0.0
0.8745028747526797,0.1254971252473203,0.0
0.8854571623531174,0.11454283764688243,0.0
0.89227202562607,0.10772797437393004,0.0
0.8961632081811597,0.10383679181884041,0.0
0.8976570232142793,0.10234297678572063,0.0
0.8980359897651164,0.1019640102348836,0.0
0.898076777621462,0.10192322237853806,0.0
0.8980781908102128,0.10192180918978726,0.0
0.8980783612692189,0.10192163873078106,0.0
0.898077817912681,0.10192218208731883,0.0
0.8980778080842498,0.10192219191575032,0.0
0.8980778097763128,0.1019221902236873,0.0
