0.2,0.05,0.75
0.20056334682570898,0.050054814059618126,0.7493818391146729
0.2020884710010731,0.05020243368067532,0.7477090953182516
0.2026679273749046,0.05025822487328188,0.7470738477518135
0.20749882936092726,0.05071711145045874,0.741784059188614
0.2654256462423227,0.05545563713179542,0.679118716625882
0.322529440975543,0.05896737398353433,0.6185031850409228
0.3817349552024595,0.06167057601729839,0.5565944687802422
0.4538793699668869,0.0640082823535092,0.482112347679604
0.5344147714859055,0.0659442474640184,0.39964098105007617
0.6208806791777913,0.06805687547891491,0.31106244534329386
0.7021722636394927,0.07066392124942883,0.2271638151110785
0.8059990977446059,0.07542729356687825,0.11857360868851585
0.8699631579202204,0.07942670907924251,0.050610133000536975
0.89441712746965,0.0812365849521052,0.02434628757824493
0.9024590395761236,0.08188036312325156,0.015660597300624895
0.9087723717997525,0.08241518932716921,0.008812438873078454
0.9132812573263708,0.08283475061724975,0.003883992056379449
0.9152570355840677,0.08305619927093358,0.0016867651449987324
0.9160836487102724,0.08318582611249509,0.0007305251772326147
0.9164089952143922,0.08327499777243173,0.0003160070131760107
0.9165169058053791,0.08334646805844033,0.0001366261361805196
0.9165848941609058,0.08341510583909419,0.0
0.91652741795358,0.08347258204641997,0.0
0.9164699235109568,0.08353007648904318,0.0
0.9164125009906366,0.08358749900936333,0.0
0.9163551893019923,0.08364481069800765,0.0
0.9162980052155358,0.08370199478446415,0.0
0.9162409559283456,0.08375904407165442,0.0
0.9161840444954977,0.08381595550450231,0.0
0.9161272721792012,0.08387272782079876,0.0
0.9160706394650776,0.08392936053492234,0.0
0.9160141465018731,0.08398585349812691,0.0
0.9159577932917199,0.08404220670828005,0.0
0.915901579772467,0.0840984202275329,0.0
0.915845505853309,0.08415449414669092,0.0
0.9157895714302086,0.08421042856979143,0.0
0.9157337763925749,0.08426622360742506,0.0
0.9156781206261599,0.08432187937384009,0.0
0.9156226040143159,0.08437739598568401,0.0
0.9155672264385466,0.08443277356145341,0.0
0.9155119877787499,0.08448801222125012,0.0
0.9154568879133297,0.08454311208667033,0.0
0.9154019267192491,0.08459807328075075,0.0
0.91534710407206,0.08465289592793998,0.0
0.9152899607810551,0.08471003921894496,0.0
0.91522578661149,0.08477421338850999,0.0
0.9151493188746879,0.08485068112531208,0.0
0.9150519844667098,0.08494801553329019,0.0
0.9149201608677393,0.08507983913226065,0.0
0.9148311676296087,0.08516883237039134,0.0
0.9144956900315021,0.08550430996849788,0.0
0.9136600808590613,0.0863399191409387,0.0
0.9101125869094143,0.08988741309058572,0.0
0.9007329374541514,0.09926706254584863,0.0
0.8983531042731612,0.1016468957268389,0.0
0.8981054058534781,0.10189459414652188,0.0
0.8980787552579832,0.1019212447420168,0.0
0.8980778506618681,0.10192214933813197,0.0
0.8980778157860543,0.10192218421394571,0.0
