0.5,0.15,0.35
0.5083882591509555,0.1504226531143053,0.34118908773473927
0.5605380114469444,0.15321148127520168,0.286250507277854
0.5704327007570347,0.15379063109120125,0.27577666815176416
0.6538480176131852,0.15967977133772418,0.1864722110490906
0.7223162602580687,0.16623253055431259,0.11145120918761872
0.7727608219166997,0.1722013570832905,0.055037821000009826
0.7994827405739564,0.17561301635153184,0.02490424307451178
0.8075067762747012,0.17656845570388607,0.015924768021412752
0.8127942426643094,0.17710473339337762,0.010101023942312992
0.8179917970306255,0.1774088416914715,0.004599361277902952
0.820733679820646,0.17727955069502924,0.001986769484324728
0.8222034311056077,0.1769413828438523,0.0008551860505400157
0.8225001209569706,0.1768264443728785,0.0006734346701509579
0.8227634560657129,0.17670628227623233,0.0005302616580548181
0.822853057744092,0.1766611707778968,0.00048577147801118713
0.8234635088920753,0.17629263031758666,0.00024386079033809996
0.8240538432063824,0.175838362518898,0.00010779427471948469
0.8246251176989866,0.17537488230101342,0.0
0.8251020531230048,0.17489794687699525,0.0
0.825574172141321,0.17442582785867902,0.0
0.8260418011096557,0.17395819889034417,0.0
0.8265051114172732,0.17349488858272677,0.0
0.8269642071207762,0.17303579287922388,0.0
0.827395343624368,0.172604656375632,0.0
0.8275450889492518,0.17245491105074812,0.0
0.8287272054793147,0.17127279452068528,0.0
0.8372637937229381,0.1627362062770619,0.0
0.8559084111364518,0.1440915888635483,0.0
0.8559914237978142,0.14400857620218585,0.0
0.8566480093781288,0.1433519906218712,0.0
0.8614566932540073,0.13854330674599274,0.0
0.8782645277841106,0.12173547221588951,0.0
0.8888100897593729,0.11118991024062712,0.0
0.8941658456164862,0.10583415438351385,0.0
0.8968936965904224,0.10310630340957758,0.0
0.897044286704524,0.10295571329547608,0.0
0.8970473514204025,0.1029526485795975,0.0
0.8970715410900442,0.10292845890995587,0.0
0.897245542109706,0.10275445789029405,0.0
0.8978948298869667,0.10210517011303338,0.0
0.8980444741822841,0.10195552581771594,0.0
0.8980446684613653,0.10195533153863467,0.0
0.8980461824679009,0.10195381753209908,0.0
0.8980560520281669,0.1019439479718332,0.0
0.8980766459353883,0.10192335406461173,0.0
0.8980826743339084,0.10191732566609153,0.0
0.8980780194431789,0.1019219805568211,0.0
0.8980778153974553,0.10192218460254461,0.0
0.898077800500154,0.10192219949984599,0.0
