0.1,0.2,0.7
0.10023337462107029,0.20018483141428595,0.6995817939646437
0.10082119785299617,0.20064874993216023,0.6985300522148437
0.1010591488728787,0.20083588230595964,0.6981049688211617
0.10301908781766309,0.2023629128358909,0.6946179993464461
0.12342151661988271,0.21688226760120052,0.6596962157789169
0.14760945699910477,0.2313576574490278,0.6210328855518675
0.19205165623444723,0.2521186183844069,0.555829725381146
0.22908269203524848,0.26502545350481516,0.5058918544599365
0.26784101390687204,0.2752573281463019,0.45690165794682613
0.3101676955686018,0.28343818510422647,0.40639411932717173
0.38732722678729775,0.293038386466154,0.31963438674654826
0.45605667518987525,0.299416272357199,0.2445270524529258
0.5196042971757391,0.30610055211291676,0.17429515071134416
0.590564742092081,0.31566129449500113,0.09377396341291788
0.6355326100284179,0.32228823533565876,0.04217915463592347
0.6551877505773849,0.3242689461722372,0.020543303250377905
0.6680724765776661,0.3238697847298847,0.008057738692449197
0.6728032850985152,0.3227528982807405,0.004443816620744322
0.676815191457538,0.3210073153958708,0.0021774931465911337
0.6802269220077544,0.3187970433261351,0.0009760346661105397
0.6830798531820544,0.31648348944816884,0.0004366573697767353
0.6856572428951229,0.31414758792532116,0.00019516917955604573
0.6881475770388665,0.31185242296113347,0.0
0.6904560703534939,0.3095439296465061,0.0
0.6927208414673389,0.30727915853266113,0.0
0.6949443514433372,0.30505564855666273,0.0
0.69712824436853,0.30287175563147006,0.0
0.6992737860659248,0.30072621393407517,0.0
0.7013820579760331,0.29861794202396685,0.0
0.7034540432434722,0.2965459567565279,0.0
0.705490665308402,0.294509334691598,0.0
0.7074928055508586,0.29250719444914136,0.0
0.7094613116799068,0.2905386883200933,0.0
0.7113970020182393,0.2886029979817607,0.0
0.7133006679521355,0.28669933204786446,0.0
0.715173075547914,0.284826924452086,0.0
0.7170149667771307,0.2829850332228693,0.0
0.7188270605465432,0.28117293945345684,0.0
0.7206100536203366,0.2793899463796635,0.0
0.7223646214742474,0.27763537852575265,0.0
0.724091419100074,0.2759085808999259,0.0
0.7254484702966603,0.2745515297033397,0.0
0.7261233044357518,0.2738766955642482,0.0
0.7276307922517588,0.2723692077482412,0.0
0.7293261546405714,0.2706738453594287,0.0
0.7309946566816614,0.2690053433183386,0.0
0.7326746830422113,0.2673253169577888,0.0
0.7344438644593706,0.26555613554062946,0.0
0.7364025362849105,0.2635974637150896,0.0
0.7387087725110173,0.2612912274889827,0.0
0.7416258733293452,0.25837412667065496,0.0
0.7456607842504698,0.2543392157495303,0.0
0.7520307497317158,0.24796925026828415,0.0
0.7646718410764806,0.23532815892351944,0.0
0.7992665526542592,0.20073344734574086,0.0
0.8305284497568239,0.16947155024317606,0.0
0.8533665337709175,0.14663346622908252,0.0
0.8705352305271722,0.1294647694728278,0.0
0.8824619024000272,0.1175380975999729,0.0
0.8908529924608767,0.10914700753912329,0.0
0.8953795266313045,0.10462047336869562,0.0
0.8974058896984759,0.10259411030152409,0.0
0.8979860100876011,0.10201398991239885,0.0
0.8980740900874049,0.10192590991259518,0.0
0.8980776898948766,0.10192231010512344,0.0
0.8980778008830708,0.10192219911692926,0.0
0.8980778079247781,0.1019221920752219,0.0
0.8980778260023871,0.10192217399761291,0.0
0.8980778081263937,0.10192219187360631,0.0
