0.1,0.25,0.65
0.10029389999302107,0.2502756643965137,0.6494304356104652
0.10109842607850517,0.2510264818461853,0.6478750920753096
0.10139943530796103,0.2513059781676418,0.6472945865243972
0.10389022372426601,0.25358960009669385,0.6425201761790401
0.1311590175287172,0.2755954707465156,0.5932455117247672
0.15625586766779978,0.29186149266308353,0.5518826396691167
0.2001851347827796,0.3135278869230238,0.48628697829419654
0.2369355599753632,0.32658904625397067,0.4364753937706661
0.27555822949767117,0.3365634781011074,0.38787829240122135
0.32180918681366893,0.3447970833782141,0.333393729808117
0.4066799108030851,0.35456368100384256,0.23875640819307237
0.4934632902846805,0.3644484860281673,0.14208822368715224
0.5400806890910128,0.3709053776741513,0.0890139332348359
0.5787227775752838,0.3761299921379994,0.04514723028671689
0.601208777649049,0.37769523798590887,0.021095984365042154
0.6156631314629691,0.3762106998667249,0.008126168670305974
0.6211792265822577,0.3743469023167807,0.0044738711009615975
0.6260566273262498,0.37173224601046573,0.0022111266632846055
0.6304976768195801,0.36851175340900477,0.0009905697714150965
0.6343552719375966,0.36520191322751083,0.0004428148348925711
0.6379106276182439,0.36189163603287017,0.00019773634888587343
0.6413485260710776,0.3586514739289224,0.0
0.6445832982643507,0.3554167017356493,0.0
0.6477474198654551,0.3522525801345449,0.0
0.6508447566262365,0.3491552433737634,0.0
0.6538780593230727,0.3461219406769272,0.0
0.6568495496836186,0.34315045031638125,0.0
0.6597611791838225,0.34023882081617757,0.0
0.6626147442872647,0.3373852557127352,0.0
0.6654119386293805,0.3345880613706195,0.0
0.6681543774596598,0.3318456225403402,0.0
0.6708436098359629,0.3291563901640372,0.0
0.6734811253717315,0.3265188746282684,0.0
0.6760683585233561,0.32393164147664383,0.0
0.6786066917319276,0.32139330826807233,0.0
0.6810974579995266,0.31890254200047335,0.0
0.6835419431579887,0.31645805684201134,0.0
0.6859413879465562,0.3140586120534438,0.0
0.6882969899525586,0.31170301004744133,0.0
0.6894587128112372,0.31054128718876284,0.0
0.6915431209546217,0.30845687904537833,0.0
0.6938391791409713,0.30616082085902874,0.0
0.696093698426511,0.3039063015734889,0.0
0.6983077639209524,0.30169223607904766,0.0
0.7004962085488775,0.29950379145112244,0.0
0.702742155347115,0.29725784465288496,0.0
0.705141064389408,0.29485893561059207,0.0
0.7078447227157469,0.2921552772842531,0.0
0.7110950862283909,0.28890491377160915,0.0
0.7153090374833807,0.28469096251661924,0.0
0.721340633958464,0.27865936604153596,0.0
0.7314203483789575,0.2685796516210424,0.0
0.7534499911971357,0.2465500088028642,0.0
0.7759063230480606,0.2240936769519394,0.0
0.8147517242215421,0.18524827577845804,0.0
0.8421266471878686,0.1578733528121314,0.0
0.8628216526203919,0.13717834737960816,0.0
0.8773347582757532,0.1226652417242468,0.0
0.8870949053001622,0.11290509469983782,0.0
0.8935273749911673,0.1064726250088327,0.0
0.8966450160906811,0.10335498390931888,0.0
0.8978087926222996,0.10219120737770042,0.0
0.8980553433833124,0.1019446566166876,0.0
0.8980774149552135,0.10192258504478637,0.0
0.8980777869511428,0.1019222130488572,0.0
0.8980778071982007,0.1019221928017993,0.0
0.8980779155779319,0.1019220844220681,0.0
0.8980778081445137,0.10192219185548637,0.0
