0.35,0.35,0.3
0.34108975824631893,0.3569390542285922,0.30197118752508884
0.293465018867663,0.39591160377793805,0.31062337735439893
0.28542364233429884,0.4028380870957178,0.3117382705699834
0.22646732585758844,0.45735167023361384,0.3161810039087979
0.11622907139229602,0.5864557587028124,0.2973151699048917
0.05212949996903293,0.6988063807900695,0.24906411924089766
0.022109665242676765,0.7833397335186151,0.19455060123870827
0.011014891895220393,0.8334040400795774,0.15558106802520227
0.005552355434854667,0.8710302691698903,0.123417375395255
0.0027851565884256645,0.9002343381536112,0.09698050525796309
0.0013917124782291226,0.9229171202809974,0.0756911672407735
0.0006897319960487743,0.9406394351480369,0.05867083285591428
0.0003378190890880819,0.9545127473602982,0.04514943355061377
0.00023697664818023075,0.9601558517331646,0.03960717161865508
0.00011816693985474848,0.9692916215671835,0.030590211492961705
0.0,0.9769639531982114,0.023036046801788522
0.0,0.982763262082036,0.017236737917964
0.0,0.9871416935640808,0.012858306435919254
0.0,0.9904281691019939,0.009571830898006081
0.0,0.9928861587724337,0.0071138412275663036
0.0,0.9947196772254169,0.005280322774583065
0.0,0.9960846888662469,0.003915311133753038
0.0,0.9970994548149635,0.002900545185036382
0.0,0.9978531081388543,0.0021468918611456476
0.0,0.9984108834362514,0.0015891165637485778
0.0,0.9988237150126071,0.0011762849873928943
0.0,0.99912928165148,0.0008707183485200557
0.0,0.9993554612448258,0.0006445387551741934
0.0,0.9995228829073589,0.00047711709264101394
0.0,0.9996485391248692,0.0003514608751308776
0.0,0.9997008092821145,0.0002991907178855249
0.0,0.9997653741335053,0.00023462586649472092
0.0,0.9998272144867301,0.0001727855132698777
0.0,0.9998727551996619,0.00012724480033814666
0.0,1.0,0.0
