0.4,0.35,0.25
0.39075861984056287,0.357175826855553,0.25206555330388414
0.3411129551637538,0.39727313535766295,0.26161390947858326
0.3325156202809026,0.404504991275258,0.2629793884438394
0.26837229833458337,0.46164095719847364,0.2699867444669431
0.14271727352910843,0.5973688091183199,0.25991391735257174
0.06869155735476357,0.7080596737824572,0.22324876886277942
0.02732310427180508,0.80118510329175,0.171491792436445
0.013460474626676829,0.8501744817619812,0.13636504361134194
0.006692388760508089,0.8858925054979138,0.10741510574157817
0.0033593145192268342,0.9123955108826395,0.08424517459813358
0.0017006898466801626,0.9323526783584826,0.0659466317948373
0.0008436521127455064,0.9480917025291891,0.051064645358065444
0.0004137273930912729,0.9603147181115814,0.039271554495327245
0.00020395487228595756,0.9695934610147294,0.030202584112984623
0.0,0.9772728680817576,0.022727131918242376
0.0,0.9828974677051877,0.017102532294812293
0.0,0.987127515113799,0.012872484886201017
0.0,0.9903097794013641,0.009690220598635902
0.0,0.9927044243161319,0.007295575683868042
0.0,0.9945067676062181,0.005493232393781849
0.0,0.9958635369624022,0.004136463037597868
0.0,0.9968850187924596,0.0031149812075404034
0.0,0.9976541466234314,0.0023458533765685417
0.0,0.9982333079493444,0.001766692050655582
0.0,0.9986694478928441,0.0013305521071559426
0.0,0.9989978995014193,0.001002100498580639
0.0,0.999245260656993,0.0007547393430069717
0.0,0.999431556277652,0.000568443722348005
0.0,0.9995726412557233,0.00042735874427660543
0.0,0.9996804676726557,0.00031953232734424034
0.0,0.9997610873480782,0.00023891265192176565
0.0,0.9997949969996818,0.00020500300031826407
0.0,0.9998376649824309,0.00016233501756917165
0.0,0.9998802772106509,0.00011972278934904511
0.0,1.0,0.0
