0.55,0.05,0.4
0.5392227759453062,0.0516766231224719,0.409100600932222
0.4724871338380534,0.06297581936283073,0.464537046799116
0.46153177929432576,0.06500232260450416,0.47346589810117
0.37582027614950225,0.08302709671944743,0.5411526271310504
0.18437792075785908,0.14978169428247495,0.6658403849596659
0.09557170983269453,0.21767425494540954,0.6867540352218959
0.04336775120347479,0.30658979533346975,0.6500424534630554
0.017951274496648684,0.4116384931137501,0.5704102323896012
0.00884046971316536,0.49621255917607654,0.4949469711107581
0.004462308550975133,0.5743823662958883,0.4211553251531366
0.002224640580331634,0.6476644325457867,0.3501109268738817
0.0011380511650223397,0.7104778519786039,0.28838409685637373
0.0005829867186816217,0.7648111029391321,0.23460591034218628
0.00030408921358141786,0.8096698382789204,0.19002607250749823
0.00015766311256663686,0.8474375365152685,0.1524048003721648
0.0,0.8791451396307383,0.12085486036926171
0.0,0.9043504263423104,0.09564957365768952
0.0,0.9248563212478932,0.07514367875210683
0.0,0.9424860225177774,0.057513977482222596
0.0,0.9559688041558467,0.04403119584415318
0.0,0.9662815365450917,0.03371846345490818
0.0,0.9741720537273396,0.0258279462726603
0.0,0.9802596707266026,0.019740329273397382
0.0,0.9849566939756601,0.015043306024339955
0.0,0.9885682071477713,0.011431792852228773
0.0,0.9913341863920756,0.008665813607924398
0.0,0.9934453252394321,0.006554674760567938
0.0,0.9950417278373992,0.004958272162600817
0.0,0.9962490744771354,0.0037509255228646
0.0,0.9971622856313284,0.002837714368671595
0.0,0.9978530799781417,0.0021469200218583993
0.0,0.9983756635810805,0.0016243364189195266
0.0,0.9987779805760978,0.0012220194239022475
0.0,0.9990816829379793,0.0009183170620207208
0.0,0.9993098983149566,0.0006901016850433917
0.0,0.9994880913391427,0.0005119086608572675
0.0,0.999620269506943,0.00037973049305697367
0.0,0.9997183166677666,0.00028168333223341143
0.0,0.999791046900842,0.00020895309915806395
0.0,0.9998450771423875,0.00015492285761255093
0.0,0.9998862990558757,0.00011370094412428419
0.0,1.0,0.0
