0.25,0.4,0.35
0.242680657239254,0.40664360357473706,0.3506757391860089
0.20426752194661696,0.4437148787146171,0.3520175993387659
0.19801454435149823,0.45014553456509493,0.35183992108340684
0.15348299865383763,0.5000187981041068,0.3464982032420556
0.06942811614106807,0.6271801151146724,0.3033917687442595
0.03194889460750982,0.7192583942961597,0.24879271109633047
0.014836811910386315,0.7875155131706193,0.19764767491899435
0.00699891165748422,0.8382284221672596,0.15477266617525623
0.0033540164051507667,0.8762291322942196,0.12041685130062971
0.001629536727347981,0.9049475125717759,0.09342295070087615
0.0008007133800377816,0.9268011944736856,0.07239809214627672
0.0003970194279060271,0.9435178581453154,0.056085122426778516
0.0001878173521223898,0.9572238850959669,0.04258829755191074
0.0,0.9676521404017552,0.03234785959824486
0.0,0.9754282114272301,0.024571788572769912
0.0,0.9813305571606961,0.018669442839303933
0.0,0.9858122841755897,0.014187715824410321
0.0,0.989216396084482,0.010783603915518065
0.0,0.9918026886118511,0.008197311388148923
0.0,0.9937698660544126,0.006230133945587339
0.0,0.995269852410364,0.0047301475896360185
0.0,0.9964134100542646,0.0035865899457353943
0.0,0.9972846421787126,0.0027153578212874255
0.0,0.997948124985199,0.0020518750148009663
0.0,0.9984535174870263,0.0015464825129737287
0.0,0.9988389954824047,0.001161004517595328
0.0,0.9991283737894346,0.0008716262105654019
0.0,0.9993476069219868,0.0006523930780133157
0.0,0.9994405762560298,0.0005594237439703172
0.0,0.9995564762034003,0.000443523796599696
0.0,0.9996727494727977,0.00032725052720225284
0.0,0.9997201160281015,0.0002798839718985337
0.0,0.9997239945956975,0.0002760054043025807
0.0,0.9997531493971424,0.0002468506028574556
0.0,0.9998801903373485,0.0001198096626515275
0.0,1.0,0.0
