0.4,0.4,0.2
0.39104034657824305,0.4075514920980039,0.2014081613237531
0.3436583962113529,0.44868976987370934,0.2076518339149378
0.33529583291995985,0.45617608557583306,0.20852808150420715
0.27269066601844866,0.5147177836602834,0.2125915503212679
0.14478828698713359,0.6537712714605665,0.20144044155229998
0.06939634609490009,0.7602873831792711,0.17031627072582875
0.027652944361712492,0.8432343531736246,0.1291127024646629
0.013220672326775073,0.8859424399142544,0.10083688775897054
0.006360541326879918,0.9156117275137459,0.0780277311593742
0.0030824103147517002,0.9367853459036626,0.06013224378158576
0.0015037997987345114,0.9522347898425355,0.04626141035872996
0.0007377735191850405,0.9636951482805863,0.03556707820022861
0.0003595174784346975,0.9724154057088816,0.027225076812683657
0.0001733607288738582,0.9790977465096163,0.020728892761509812
0.0,0.9842142564527236,0.015785743547276437
0.0,0.9881979497213499,0.011802050278650169
0.0,0.9911749563238043,0.008825043676195847
0.0,0.9934002307969735,0.006599769203026469
0.0,0.9950639315199625,0.0049360684800374656
0.0,0.9963079749979524,0.0036920250020475976
0.0,0.9972383306054128,0.002761669394587212
0.0,0.9979341603697159,0.0020658396302840527
0.0,0.998454621012876,0.0015453789871241069
0.0,0.9988439315457309,0.001156068454269147
0.0,0.9991351926283287,0.0008648073716712611
0.0,0.9993533213793805,0.0006466786206194238
0.0,0.9995167420634471,0.0004832579365528715
0.0,0.999638862384244,0.00036113761575590133
0.0,0.9997301211306039,0.0002698788693960968
0.0,0.9997983181337804,0.00020168186621955802
0.0,0.9998492816340379,0.00015071836596215448
0.0,0.9998873667756251,0.00011263322437498434
0.0,1.0,0.0
