0.15,0.45,0.4
0.14508157358196677,0.4559615344216693,0.3989568919963639
0.11951692639794945,0.4894377368857354,0.3910453367163152
0.1155217287763307,0.49510590639233776,0.3893723648313316
0.08778940707713526,0.5387483330440336,0.3734622598788312
0.03734374327335844,0.6530071804973302,0.30964907622931137
0.016049726478446838,0.7394184834813853,0.24453179004016795
0.007051889473600914,0.8038930279894011,0.18905508253699807
0.0031684908877651673,0.8520052961385991,0.14482621297363585
0.0014514012262186828,0.8880372226916894,0.11051137608209205
0.0006752639769415326,0.9151261639152161,0.08419857210784251
0.0003179076602748689,0.9355603008029656,0.06412179153675968
0.00015107213223771682,0.9510166873603808,0.048832240507381344
0.0,0.9628020845104163,0.037197915489583754
0.0,0.9716609221435604,0.0283390778564397
0.0,0.9785481416455004,0.021451858354499573
0.0,0.9815018585059592,0.018498141494040825
0.0,0.9854358178691295,0.014564182130870518
0.0,0.9890607410947732,0.01093925890522682
0.0,0.9918518483739277,0.008148151626072327
0.0,0.993944984364144,0.006055015635855989
0.0,0.9955057469996679,0.004494253000332113
0.0,0.996666922517271,0.0033330774827291135
0.0,0.997529618677733,0.0024703813222669104
0.0,0.9981699333470229,0.0018300666529770925
0.0,0.9986448602995104,0.0013551397004896977
0.0,0.9989969522719292,0.0010030477280708091
0.0,0.9992579092621725,0.000742090737827532
0.0,0.9994513088315982,0.0005486911684018725
0.0,0.9995943019880682,0.0004056980119317648
0.0,0.9997000280025016,0.0002999719974984345
0.0,0.999778200421379,0.0002217995786209741
0.0,0.9998360005764578,0.0001639994235422128
0.0,0.9998787699942263,0.00012123000577363506
0.0,1.0,0.0
