0.35,0.5,0.15
0.34185828766082654,0.5076363919819916,0.15050532035718192
0.3000688979329275,0.5476689253192113,0.15226217674786124
0.2926271817439129,0.5549552193210036,0.15241759893508364
0.2374468020344544,0.6106981792411154,0.1518550187244303
0.12076873399747182,0.7427893945713011,0.13644187143122705
0.05420551355248094,0.8360934679706217,0.10970101847689745
0.02188210446526139,0.8965302058573683,0.08158768967737026
0.01040646370195065,0.9266946396776372,0.06289889662041215
0.004965079343805747,0.9468736977212826,0.04816122293491168
0.0023791562356767337,0.9608540829990103,0.03676676076531302
0.0011447595975663956,0.9708220920686262,0.028033148333807392
0.0005527630037612599,0.9780830603602565,0.021364176635982293
0.00026719405532757553,0.983464142009659,0.016268663935013444
0.0001283835653735094,0.9875214563474829,0.012350160087143704
0.0,0.9906631172626257,0.00933688273737438
0.0,0.9929412893007848,0.007058710699215147
0.0,0.9946631101352772,0.005336889864722707
0.0,0.9959646449103949,0.004035355089605099
0.0,0.9965221625138091,0.003477837486190898
0.0,0.9972561408972109,0.002743859102789076
0.0,0.9979752854161613,0.002024714583838628
0.0,0.9985058978421164,0.0014941021578836317
0.0,0.9988974265374398,0.0011025734625601834
0.0,0.9991863403875322,0.0008136596124677424
0.0,0.9993995402574332,0.0006004597425669005
0.0,0.9995568717817194,0.00044312821828057297
0.0,0.9996729771098798,0.00032702289012024715
0.0,0.9997586600109515,0.00024133998904848593
0.0,0.9998218925068223,0.0001781074931777844
0.0,0.9998685573222852,0.00013144267771480084
0.0,1.0,0.0
