0.45,0.5,0.05
0.44166531724492486,0.5080446318416049,0.05029005091347025
0.3991544375598756,0.5493237925067684,0.051521769933356054
0.3991544375598755,0.5493237925067683,0.05152176993335604
0.39109836104499685,0.5571947881938722,0.05170685076113083
0.32919525616007156,0.6182322729429327,0.05257247089699568
0.1759309483524753,0.7747818565680411,0.04928719507948345
0.08571504847743135,0.8732880648015473,0.04099688672102121
0.03578162328688051,0.933346325288301,0.030872051424818584
0.01458318126327568,0.9629715128638412,0.022445305872883136
0.007024797297729728,0.9758091562335043,0.01716604646876601
0.0033794017195203576,0.9835477490032882,0.013072849277191427
0.001625896803825964,0.9884380130486536,0.009936090147520456
0.0007827329206774474,0.9916720272888111,0.0075452397905115265
0.0003770924981104761,0.9938954616728777,0.005727445829011903
0.00018178966860118458,0.995471308892166,0.004346901439232883
0.0,0.9967007671883973,0.0032992328116027156
0.0,0.9974962895329076,0.002503710467092419
0.0,0.9980999313837379,0.0019000686162621554
0.0,0.9985658748794849,0.001434125120515107
0.0,0.9989175361466059,0.001082463853394101
0.0,0.9991960350270885,0.0008039649729114412
0.0,0.9994028734451474,0.0005971265548525157
0.0,0.9995564937109186,0.00044350628908139595
0.0,0.9996705903868934,0.00032940961310664105
0.0,0.9997553331919317,0.00024466680806840374
0.0,0.9998182746324986,0.00018172536750138705
0.0,0.9998650237590563,0.000134976240943744
0.0,0.9998997463833024,0.00010025361669761554
0.0,1.0,0.0
