0.75,0.05,0.2
0.7425315707340112,0.05169924921399714,0.20576918005199166
0.6930001077950805,0.06337908906581347,0.24362080313910606
0.6843229250484366,0.06550415728953167,0.25017291766203176
0.6098388596625074,0.08486534132973025,0.30529579900776244
0.41113550278295485,0.1503017494887793,0.4385627477282658
0.22909807099225127,0.2446919164570244,0.5262100125507244
0.13035070972199014,0.3318118198749447,0.5378374704030652
0.06134613847031975,0.440885984630127,0.4977678768995532
0.028412612864903278,0.5419520047568567,0.42963538237824006
0.016148761291941028,0.6085890579463935,0.37526218076166545
0.009300198842807781,0.6670679525039875,0.3236318486532047
0.00464681207488739,0.731185649147851,0.2641675387772616
0.002297632419539178,0.7858632394403445,0.2118391281401163
0.0011324465664863804,0.8310573065750051,0.1678102468585086
0.0005539851090674173,0.8679853847464137,0.13146063014451892
0.0002752230794827579,0.8968543015867851,0.10287047533373198
0.00013645962781909865,0.9198076129229847,0.08005592744919626
0.0,0.9381507800233513,0.0618492199766487
0.0,0.9525580898104701,0.04744191018952993
0.0,0.963855319827222,0.03614468017277803
0.0,0.972655873158783,0.027344126841217092
0.0,0.979486524655165,0.020513475344835122
0.0,0.9847958379109961,0.015204162089003883
0.0,0.9870582732755935,0.012941726724406478
0.0,0.9897752580308944,0.010224741969105614
0.0,0.9924334684914464,0.007566531508553511
0.0,0.9943999626470443,0.0056000373529555905
0.0,0.9958550182300477,0.004144981769952257
0.0,0.9969318069948157,0.003068193005184333
0.0,0.9977287549889254,0.0022712450110745153
0.0,0.9983186381625054,0.0016813618374946582
0.0,0.9987552841210947,0.0012447158789053166
0.0,0.9990785153870667,0.0009214846129333361
0.0,0.9993179878435453,0.0006820121564545972
0.0,0.9994954149039091,0.000504585096090855
0.0,0.9996268864591854,0.00037311354081459304
0.0,0.9997243446565705,0.0002756553434295593
0.0,0.9997963455883678,0.00020365441163211617
0.0,0.9998495394276558,0.00015046057234420555
0.0,0.999888838937046,0.00011116106295394069
0.0,1.0,0.0
