0.85,0.05,0.1
0.8454353750314122,0.051624685693796156,0.10293993927479163
0.8147768952089245,0.06270237865803518,0.12252072613304027
0.8092266342321601,0.06473975514555652,0.1260336106222833
0.7594553690341437,0.08348354953090098,0.15706108143495534
0.5965795962607405,0.15212687544436218,0.25129352829489726
0.4057310061570567,0.25334374434617246,0.34092524949677083
0.24007136032998944,0.37407357808999697,0.3858550615800136
0.13008075404472078,0.4916570477411139,0.37826219821416535
0.06096405841620432,0.6076041881492769,0.3314317534345189
0.04179324028805907,0.6553056209494098,0.3029011387625312
0.023025633399595187,0.719426906944386,0.2575474596560189
0.010899270012136818,0.7838266692056841,0.20527406078217914
0.005209805875322446,0.8333977009051876,0.16139249321949
0.0025135147036762662,0.8715772718423526,0.1259092134539712
0.0012107631694073914,0.901347728498501,0.09744150833209164
0.000579015548555602,0.9246107328330199,0.07481025161842458
0.00027420848689269593,0.9427212618703813,0.05700452964272605
0.00013093802295940292,0.9564291353852841,0.04343992659175657
0.0,0.9669230617824822,0.0330769382175177
0.0,0.97495462688613,0.025045373113870027
0.0,0.9811708500082346,0.018829149991765395
0.0,0.9859856589476343,0.01401434105236566
0.0,0.9880152707030758,0.011984729296924143
0.0,0.990591412766908,0.00940858723309204
0.0,0.993046388749221,0.006953611250778929
0.0,0.9948602415461197,0.00513975845388029
0.0,0.9962006435964836,0.003799356403516321
0.0,0.9971913108168718,0.0028086891831280987
0.0,0.9979235713059703,0.00207642869402969
0.0,0.9984648703878962,0.0015351296121037953
0.0,0.9988650309853411,0.001134969014658929
0.0,0.9991608664615272,0.0008391335384726716
0.0,0.9993795823042787,0.0006204176957213403
0.0,0.9995412862715466,0.0004587137284533669
0.0,0.9996608415774617,0.0003391584225383426
0.0,0.999749340387489,0.00025065961251104446
0.0,0.9998147458533322,0.000185254146667815
0.0,0.999863084424778,0.00013691557522205959
0.0,0.9998988097272761,0.00010119027272392912
0.0,1.0,0.0
