0.4,0.1,0.5
0.389507968794898,0.10296657259713485,0.5075254586079672
0.3286712389890093,0.12207223142780119,0.5492565295831895
0.3190380175827288,0.12544604906227613,0.5555159333549952
0.24796664503755386,0.1543527476567667,0.5976806073056795
0.12650408040456176,0.23426724307922359,0.6392286765162147
0.059630838143193865,0.327220111396926,0.6131490504598801
0.028178605537631123,0.4211085440687594,0.5507128503936094
0.0173302967182927,0.4809595560375472,0.5017101472441602
0.00903134879586493,0.5578448917708796,0.43312375943325543
0.004806377855041217,0.6267531798464314,0.3684404422985273
0.0026001555770240594,0.6873340891020802,0.3100657553208957
0.001414382829009592,0.7403376022343883,0.25824801493660204
0.00076868194348284,0.7862747234148832,0.21295659464163397
0.0004152158219699009,0.8257084785329533,0.17387630564507678
0.000221583269754254,0.8593086060451393,0.14046981068510644
0.00011855143605348206,0.8868998738457362,0.11298157471821033
0.0,0.9123582146007853,0.08764178539921477
0.0,0.9320245584139613,0.06797544158603867
0.0,0.947436708301208,0.0525632916987921
0.0,0.9593445622814967,0.04065543771850336
0.0,0.9685467332575902,0.03145326674240974
0.0,0.9757182376798867,0.02428176232011326
0.0,0.981314596252354,0.018685403747646025
0.0,0.9858388362748952,0.014161163725104777
0.0,0.9893137930929121,0.010686206907087827
0.0,0.9919576088085076,0.008042391191492422
0.0,0.9939634649511424,0.006036535048857561
0.0,0.9954841294864948,0.00451587051350515
0.0,0.9966381731242635,0.003361826875736532
0.0,0.9975176978893265,0.0024823021106734683
0.0,0.9978840823690717,0.0021159176309283817
0.0,0.9983414940199618,0.001658505980038235
0.0,0.9987779601656745,0.0012220398343253966
0.0,0.9990995437563059,0.000900456243694059
0.0,0.9993364915318588,0.0006635084681411722
0.0,0.9995110829229669,0.0004889170770331263
0.0,0.9996397304583894,0.00036026954161058324
0.0,0.9997345256619312,0.0002654743380687612
0.0,0.9998043771832256,0.00019562281677439327
0.0,0.9998562123263302,0.0001437876736698332
0.0,0.9998951319229707,0.00010486807702924899
0.0,1.0,0.0
