0.5,0.1,0.4
0.4892770803160493,0.10309269756505574,0.40763022211889505
0.42520015000357325,0.12312365251013603,0.4516761974862908
0.4146660214362651,0.12670444266165917,0.4586295359020758
0.33390632582306184,0.1576233184905287,0.5084703556864095
0.1748146487170123,0.24966727754929474,0.5755180737336929
0.08401373256395313,0.352075311021822,0.5639109564142248
0.03483517108958999,0.4695616023462992,0.49560322656411077
0.01467193870374589,0.5751150530792903,0.4102130082169638
0.0063789238234072745,0.6643455117166129,0.32927556445997985
0.0028666106359118227,0.73699995140068,0.26013343796340826
0.001326458497144887,0.7948510914998659,0.20382245000298932
0.0006288211472612612,0.8403337174001132,0.1590374614526256
0.0003039439005597987,0.8758486882654497,0.1238473678339906
0.0001491844588962525,0.9034864144987725,0.09636440104233135
0.0,0.9253016900313468,0.07469830996865322
0.0,0.9426266008907255,0.05737339910927447
0.0,0.9559298243723939,0.04407017562760605
0.0,0.9664640066146055,0.0335359933853945
0.0,0.9708210208031657,0.029178979196834362
0.0,0.9769576558653729,0.0230423441346271
0.0,0.9826349008776504,0.01736509912234972
0.0,0.9870294051419009,0.012970594858099151
0.0,0.9903407045853461,0.009659295414653896
0.0,0.99281914490363,0.007180855096369968
0.0,0.994668370269651,0.005331629730348954
0.0,0.9960452263178164,0.003954773682183555
0.0,0.9970688145049529,0.0029311854950471
0.0,0.9978289402343736,0.0021710597656264268
0.0,0.9983929952981699,0.0016070047018300843
0.0,0.9988113760543079,0.0011886239456920511
0.0,0.9991208149897425,0.0008791850102575657
0.0,0.9993496871076958,0.0006503128923042108
0.0,0.9995189733729575,0.000481026627042614
0.0,0.9996441890349758,0.00035581096502434236
0.0,0.9997368083548246,0.00026319164517532427
0.0,0.9998072150812479,0.0001927849187521254
0.0,0.999837084189602,0.00016291581039797417
0.0,0.9998726126016603,0.00012738739833973242
0.0,1.0,0.0
