0.6,0.1,0.3
0.5900473641689856,0.10316950786093071,0.30678312797008367
0.5286294433850198,0.12388153952095474,0.34748901709402547
0.5181742190443283,0.12762412858402203,0.3542016523716497
0.43456932766951706,0.16029105230329213,0.4051396200271909
0.26686676927424663,0.24771646302838332,0.48541676769737013
0.1466826740034688,0.3479968468589444,0.5053204791375868
0.0767860756829097,0.4470509035936708,0.47616302072341954
0.04056244275487035,0.5348086098586795,0.42462894738645013
0.02155373894160359,0.6118984012328725,0.36654785982552385
0.010660494922585195,0.6862614284741283,0.30307807660328656
0.005384052886150963,0.7472944907860634,0.24732145632778574
0.0027671387485650556,0.7969834096162418,0.2002494516351931
0.0014227881507452942,0.8379739673776766,0.16060324447157817
0.0007247447273709492,0.8718275672358904,0.12744768803673873
0.00035291601703415224,0.9006828285671753,0.09896425541579054
0.00017401020097345136,0.9230099988474216,0.07681599095160493
0.0,0.9408351461939233,0.0591648538060768
0.0,0.9548657146052943,0.04513428539470567
0.0,0.9659774999924418,0.034022500007558173
0.0,0.9705362521765017,0.02946374782349824
0.0,0.9767993334657127,0.02320066653428734
0.0,0.9825220838074185,0.01747791619258148
0.0,0.9869454098765086,0.01305459012349131
0.0,0.9902779387877735,0.009722061212226588
0.0,0.992772333439302,0.0072276665606979245
0.0,0.994633538043207,0.005366461956792945
0.0,0.9960193603693033,0.0039806396306967425
0.0,0.9970496415755612,0.002950358424438766
0.0,0.9978147534603157,0.002185246539684288
0.0,0.9983825183222297,0.0016174816777703362
0.0,0.9988036570954476,0.001196342904552408
0.0,0.9991151278754145,0.0008848721245856028
0.0,0.999345496941263,0.0006545030587370434
0.0,0.999515886111644,0.00048411388835593736
0.0,0.999641914378307,0.00035808562169303273
0.0,0.9997351324211614,0.0002648675788385457
0.0,0.9998059691225045,0.0001940308774955297
0.0,0.9998360126813465,0.0001639873186534556
0.0,0.9998709706655677,0.00012902933443224314
0.0,1.0,0.0
