0.8,0.1,0.1
0.7943283584625769,0.10305465768881372,0.10261698384860941
0.7578349050410739,0.1230243884801566,0.1191407064787696
0.7511961669349059,0.1267175880750235,0.12208624499007067
0.6933602645281136,0.15972965851195248,0.14691007695993388
0.5188009724313245,0.2700041605642971,0.21119486700437842
0.33876472527645596,0.4066220023000636,0.2546132724234804
0.1984492867819201,0.5403462998592123,0.2612044133588676
0.10900118952027699,0.6511643522557257,0.23983445822399727
0.04468565143370339,0.7635771134873703,0.19173723507892615
0.018215600774171798,0.8366484374505609,0.14513596177526714
0.008834982745258306,0.8774016166229465,0.11376340063179531
0.0049355155143063,0.9022206338920538,0.09284385059364006
0.0023771993780784704,0.9260997502652952,0.07152305035662637
0.0011205111621130008,0.9444619087121415,0.05441758012574552
0.0005243309915688437,0.958318884650155,0.041156784358276216
0.0002438059336156308,0.9687746376342131,0.030981556432171313
0.00011267287230254478,0.9766583618579556,0.023228965269741882
0.0,0.9826413280017731,0.01735867199822697
0.0,0.9870658278558921,0.012934172144107891
0.0,0.9903609261742593,0.0096390738257407
0.0,0.9928156039537236,0.007184396046276396
0.0,0.9946446215495708,0.005355378450429219
0.0,0.9960076887751445,0.003992311224855537
0.0,0.9970236455482517,0.002976354451748305
0.0,0.9977883991389671,0.0022116008610328338
0.0,0.9983710402033077,0.0016289597966923591
0.0,0.9986150964011647,0.001384903598835294
0.0,0.9989113871437733,0.0010886128562267467
0.0,0.9991976551793386,0.0008023448206614656
0.0,0.9994086364802462,0.0005913635197538138
0.0,0.9995641346423642,0.0004358653576358484
0.0,0.9996787424190275,0.0003212575809724707
0.0,0.9997632135833003,0.00023678641669971852
0.0,0.9998254732773433,0.00017452672265677949
0.0,0.9998713622692256,0.00012863773077447627
0.0,1.0,0.0
