0.85,0.1,0.05
0.8458202086779355,0.102905666191726,0.05127412513033845
0.8191859398190573,0.12156870937193472,0.05924535080900795
0.8142503181892223,0.12505539224169643,0.06069428956908135
0.7706828854753013,0.1562220052744252,0.07309510925027353
0.6167812412460056,0.272256126689781,0.11096263206421345
0.4344301032018069,0.4235991172712211,0.14197077952697196
0.26986204481194814,0.577635777194151,0.1525021779939008
0.15308695022770044,0.7036335692460224,0.14327948052627731
0.07334276022220078,0.8067709771324344,0.1198862626453648
0.02790112876820558,0.8835543208839471,0.08854455034784725
0.012872670149082192,0.919331423015936,0.06779590683498181
0.007170730612990212,0.9378256286608925,0.05500364072611734
0.0033716576895692417,0.9548465480694014,0.04178179424102938
0.0015549742854416714,0.9670490105165968,0.031396015197961494
0.0007156284583045198,0.9757673683567875,0.023517003184908045
0.000328663173920969,0.9820973483869736,0.017573988439105407
0.00015052069042594617,0.9867445439271545,0.013104935382419533
0.0,0.9902451920067553,0.009754807993244713
0.0,0.9927512642847356,0.007248735715264347
0.0,0.9946208866036003,0.0053791133963997815
0.0,0.9960134047508642,0.003986595249135744
0.0,0.9970452517824377,0.0029547482175622743
0.0,0.997809924673561,0.0021900753264390152
0.0,0.9983766476639185,0.0016233523360814773
0.0,0.9987966890846177,0.0012033109153823664
0.0,0.9991080277034808,0.0008919722965192332
0.0,0.9993441618607944,0.0006558381392055341
0.0,0.9994433169862569,0.0005566830137430863
0.0,0.9995617688677054,0.0004382311322945628
0.0,0.9996770088399175,0.0003229911600824535
0.0,0.9997619432900036,0.000238056709996416
0.0,0.9998245424845572,0.0001754575154427909
0.0,0.9998706802610355,0.00012931973896447273
0.0,1.0,0.0
