0.35,0.15,0.5
0.3401977046806098,0.15403371826204046,0.5057685770573498
0.2848949136289513,0.17921855494551114,0.5358865314255375
0.27616463622816,0.18363458373002597,0.540200780041814
0.2127945038152797,0.22056907238256063,0.5666364238021597
0.10688818933683897,0.3172054873567233,0.5759063233064377
0.04727968805881651,0.4280059666620961,0.5247143452790873
0.022862649503148126,0.5207041902149846,0.4564331602818673
0.011261601612644598,0.6032619255075327,0.38547647287982284
0.005676561093523399,0.6742831768508135,0.32004026205566316
0.00292693126582413,0.733987984050171,0.26308508468400493
0.0015401442212768476,0.7834366533010586,0.21502320247766465
0.0008245450552601907,0.8240177596430414,0.17515769530169847
0.0004263068632382835,0.8595482062488278,0.14002548688793395
0.00030270237252863925,0.8753356181372073,0.12436167949026408
0.00015380312771606913,0.9018750920317129,0.09797110484057112
0.0,0.9245173476401524,0.07548265235984762
0.0,0.9423998809155888,0.05760011908441118
0.0,0.9563471550070697,0.04365284499293031
0.0,0.9671031024633265,0.03289689753667344
0.0,0.9753241188310307,0.02467588116896941
0.0,0.9814857983358802,0.01851420166411982
0.0,0.9861058503433687,0.013894149656631357
0.0,0.9895711872991022,0.01042881270089773
0.0,0.9921711588917509,0.007828841108249076
0.0,0.9941272688895475,0.005872731110452541
0.0,0.9956082998138107,0.004391700186189248
0.0,0.9967322191873742,0.0032677808126258742
0.0,0.997589218030158,0.002410781969842039
0.0,0.9979469727146614,0.002053027285338607
0.0,0.9983889376534135,0.001611062346586521
0.0,0.9988127060901887,0.0011872939098113197
0.0,0.9991249904309607,0.0008750095690392557
0.0,0.999355127618163,0.0006448723818369876
0.0,0.999524730995681,0.0004752690043191021
0.0,0.9996497253519561,0.0003502746480439908
0.0,0.9997418450232712,0.00025815497672881216
0.0,0.9998097370597379,0.0001902629402621605
0.0,0.9998597737527439,0.00014022624725605962
0.0,0.9998970823843154,0.00010291761568458332
0.0,1.0,0.0
