0.45,0.15,0.4
0.43952652421052707,0.15425041193943304,0.4062230638500399
0.3789192938290604,0.18082093559764115,0.44025977057329846
0.36895706938455075,0.18555259205982988,0.44549033855561937
0.29397557003457675,0.2253822521476187,0.4806421778178046
0.15571829372100557,0.331446838374087,0.5128348679049075
0.0774603109869354,0.43811510842140244,0.4844245805916621
0.03805511674654838,0.5353546488863972,0.42659023436705445
0.01887215660434296,0.6196655896174951,0.361462253778162
0.009331452343989785,0.6926016731969944,0.2980668744590159
0.004691594829834334,0.7528237761503447,0.24248462901982082
0.0023775544084341784,0.8024267856111091,0.1951956599804568
0.0012000417772650661,0.8433947080554987,0.1554052501672362
0.0006153461060086826,0.8758938347122803,0.12349081918171109
0.00031351375639236895,0.9023075603111468,0.09737892593246097
0.00015731695481261098,0.9237973566888059,0.07604532635638157
0.0,0.9406216992767692,0.059378300723230824
0.0,0.9539697143938021,0.04603028560619793
0.0,0.965209663587061,0.03479033641293911
0.0,0.9698771638401469,0.03012283615985309
0.0,0.9762654750839543,0.0237345249160457
0.0,0.9821150663786655,0.017884933621334476
0.0,0.9866389553039292,0.013361044696070854
0.0,0.9900483672693373,0.009951632730662723
0.0,0.9926009232279182,0.007399076772081834
0.0,0.9945058710901543,0.005494128909845678
0.0,0.9959244576117511,0.004075542388248832
0.0,0.9969792051462292,0.003020794853770771
0.0,0.9977625467616629,0.0022374532383371034
0.0,0.9983438740534857,0.0016561259465142913
0.0,0.9987750941090306,0.0012249058909693789
0.0,0.9990940154023636,0.0009059845976364225
0.0,0.9993298910998715,0.0006701089001285951
0.0,0.9995043503951032,0.0004956496048968327
0.0,0.99963338713162,0.0003666128683800154
0.0,0.9997288289738732,0.0002711710261267778
0.0,0.9998014726023883,0.00019852739761178678
0.0,0.9998323588795491,0.00016764112045079512
0.0,0.999867970298894,0.00013202970110598295
0.0,1.0,0.0
