0.65,0.15,0.2
0.6411890626612722,0.1544351461214381,0.20437579121728972
0.5873707527796973,0.18246562257298687,0.23016362464731582
0.5778565921815005,0.187599049701792,0.23454435811670743
0.5001218781046268,0.23180195814413318,0.26807616375124
0.2877940145932538,0.38088272558183245,0.33132325982491373
0.1648993540605147,0.5014913797280193,0.3336092662114661
0.08944138551089771,0.605747981146255,0.3048106333428473
0.03782120536404064,0.7148157887653104,0.247363005870649
0.019460487127347086,0.7770926043137006,0.20344690855895226
0.009204729503972584,0.8307932361352701,0.16000203436075733
0.004419228717253419,0.870771874119045,0.1248088971637016
0.0021506456097244737,0.9008449536746822,0.09700440071559333
0.0010585886732688019,0.9236612306351173,0.07528018069161392
0.0005244374417131486,0.9411435502841821,0.058332012274104825
0.00025819772774316846,0.9547722756387745,0.044969526633482304
0.00012787982597875378,0.9652002514164306,0.0346718687575907
0.0,0.9732612062128555,0.026738793787144447
0.0,0.9794268114458236,0.020573188554176496
0.0,0.9842328172436283,0.015767182756371706
0.0,0.9881358793762061,0.011864120623793939
0.0,0.991153705937311,0.00884629406268905
0.0,0.9934811245122993,0.006518875487700792
0.0,0.99447001028055,0.005529989719449938
0.0,0.9956312965274087,0.0043687034725913435
0.0,0.9967737631926423,0.0032262368073576997
0.0,0.9976173372717847,0.002382662728215264
0.0,0.9982402709455582,0.0017597290544417894
0.0,0.9987003044981028,0.001299695501897248
0.0,0.9990400540784276,0.0009599459215723781
0.0,0.99929097941154,0.0007090205884600664
0.0,0.9994763078595656,0.000523692140434384
0.0,0.9996131905604211,0.00038680943957892535
0.0,0.9997142929995535,0.00028570700044648314
0.0,0.9997889687471239,0.0002110312528761574
0.0,0.9998441258102146,0.00015587418978543004
0.0,0.9998848662166003,0.00011513378339958877
0.0,1.0,0.0
