0.25,0.05,0.7
0.2415954145172982,0.051463194474867184,0.7069413910078346
0.19408272629739604,0.06120713598662816,0.7447101377159758
0.18710700666725874,0.06290187619493821,0.7499911171378031
0.13820759822911646,0.07771075237112773,0.7840816493997559
0.060025340569200114,0.12673533667436127,0.8132393227564386
0.02647204578087907,0.18841666951269853,0.7851112847064223
0.014822653008574427,0.24056927053720756,0.744608076454218
0.00749600033865757,0.3098624127773971,0.6826415868839453
0.0037439559682690225,0.38689245857035,0.609363585461381
0.0019126789971231778,0.46429901163821674,0.5337883093646602
0.0009971257491545019,0.5386790395650429,0.4603238346858027
0.0005326601575151244,0.6068484589012526,0.3926188809412324
0.0002909879606537681,0.6674800144156682,0.33222899762367814
0.00016216135970912283,0.7202507083963896,0.2795871302439013
0.0,0.7655576372027313,0.23444236279726877
0.0,0.8046507197977059,0.19534928020229417
0.0,0.839197501007728,0.1608024989922719
0.0,0.873423220877721,0.12657677912227913
0.0,0.9017696078823063,0.09823039211769369
0.0,0.9244977074278505,0.07550229257214952
0.0,0.9424322486466596,0.05756775135334038
0.0,0.9560956377033142,0.0439043622966858
0.0,0.9665065513109001,0.03349344868909991
0.0,0.9745302470549502,0.025469752945049825
0.0,0.9807018007184087,0.019298199281591332
0.0,0.9854279714727958,0.014572028527204168
0.0,0.9890345921546254,0.010965407845374595
0.0,0.9917811848996856,0.008218815100314336
0.0,0.9938725907675632,0.006127409232436816
0.0,0.9954702553227138,0.004529744677286187
0.0,0.9961365074232181,0.003863492576781871
0.0,0.9969710498985838,0.003028950101416302
0.0,0.9977670738571087,0.002232926142891243
0.0,0.9983538376569824,0.001646162343017668
0.0,0.9987863795305243,0.0012136204694756674
0.0,0.9991052494787112,0.0008947505212888291
0.0,0.9993403287348409,0.0006596712651590513
0.0,0.9995136398223466,0.0004863601776533573
0.0,0.9996424951867418,0.0003575048132582898
0.0,0.9997393101863749,0.00026068981362515963
0.0,0.9998130423229822,0.00018695767701780745
0.0,0.9998701856519201,0.00012981434807996214
0.0,1.0,0.0
