0.3,0.2,0.5
0.29108670717139795,0.2048282920008973,0.5040850008277048
0.24195780104247766,0.23420961427010628,0.5238325846874161
0.23424393274022404,0.23932047464237446,0.5264355926174016
0.17907241310926775,0.2812074835462467,0.5397201033444856
0.08657387399455857,0.3897441941124524,0.5236819318929891
0.03329674103687044,0.5195493178275121,0.44715394113561746
0.016419442265621708,0.6043562016647219,0.3792243560696564
0.00826292385585425,0.6766031907957156,0.3151338853484301
0.0042482948551611265,0.7368548648024273,0.25889684034241156
0.0022017942480966534,0.7872652182420379,0.2105329875098655
0.001138595121305484,0.8294230381889139,0.16943836668978057
0.0005836197073052646,0.8644779986123203,0.1349383816803744
0.0002948535749978216,0.8934422874205407,0.10626285900446156
0.000145616223072002,0.9172298996268655,0.08262448415006254
0.0,0.9357541326568278,0.0642458673431722
0.0,0.943705466296904,0.05629453370309598
0.0,0.9553784724228087,0.0446215275771913
0.0,0.9661197906135156,0.033880209386484485
0.0,0.9745236571188028,0.025476342881197166
0.0,0.9809270301537666,0.01907296984623352
0.0,0.9857641224117518,0.014235877588248182
0.0,0.9893992083956952,0.010600791604304782
0.0,0.9921206400010648,0.007879359998935178
0.0,0.9941522477576149,0.0058477522423850065
0.0,0.9956657065572241,0.004334293442775978
0.0,0.9967872497960456,0.0032127502039543264
0.0,0.9976184613930407,0.002381538606959358
0.0,0.9982345526236663,0.0017654473763336486
0.0,0.9986912272712062,0.0013087727287938752
0.0,0.9990297517421999,0.0009702482578000123
0.0,0.9992824641692746,0.0007175358307255036
0.0,0.9994755156361931,0.0005244843638068615
0.0,0.9995581517393908,0.0004418482606091908
0.0,0.9996493696651044,0.0003506303348955335
0.0,0.9997414009592946,0.00025859904070534104
0.0,0.9998092756108924,0.00019072438910769797
0.0,0.9998593347060868,0.00014066529391317895
0.0,0.9998964676547116,0.00010353234528833111
0.0,1.0,0.0
