0.65,0.2,0.15
0.641590242747364,0.20546153978971363,0.15294821746292245
0.5916149189004862,0.238694459905261,0.1696906211942527
0.5916149189004863,0.23869445990526103,0.16969062119425274
0.5825759551286893,0.244853295006911,0.17257074986439963
0.5087465255482039,0.29700828774919297,0.1942451867026031
0.29632466877465735,0.4706549991237869,0.23302033210155582
0.17180127117479393,0.598973228212653,0.22922550061255312
0.09296323985473022,0.7024054503787271,0.20463130976654262
0.04083117138013458,0.7955258428327834,0.16364298578708197
0.01785375971044673,0.8564666195145779,0.12567962077497546
0.007868564510788404,0.8972111522690003,0.09492028322021125
0.0035045141279197293,0.9252902958181112,0.0712051900539691
0.0015761085712796825,0.9451486926106347,0.053275198818085644
0.0007145572667734154,0.9594613265333999,0.03982411619982673
0.00032601566230431076,0.9699108730545438,0.02976311128315193
0.00014947064606586296,0.9776052683296008,0.02224526102433328
0.0,0.9833923478962338,0.016607652103766253
0.0,0.9876005497081577,0.012399450291842288
0.0,0.9907409301048277,0.009259069895172273
0.0,0.9930850716802412,0.006914928319758841
0.0,0.9948384237162224,0.005161576283777599
0.0,0.9961717134727861,0.0038282865272138223
0.0,0.9971614402832129,0.0028385597167870707
0.0,0.997582249140871,0.002417750859128979
0.0,0.9980834564975906,0.001916543502409472
0.0,0.9985851256402434,0.001414874359756626
0.0,0.9989554547616353,0.0010445452383647344
0.0,0.9992288405556385,0.0007711594443613934
0.0,0.9994306665473046,0.0005693334526953372
0.0,0.9995796671208055,0.0004203328791944828
0.0,0.9996896704842411,0.00031032951575896806
0.0,0.9997708841850579,0.00022911581494215578
0.0,0.9998308434869067,0.00016915651309340872
0.0,0.9998751111644782,0.00012488883552180121
0.0,1.0,0.0
