0.3,0.25,0.45
0.2912735829229204,0.2555874262145854,0.45313899086249426
0.24374724478993856,0.2887204866150303,0.4675322685950312
0.23616744816576804,0.2944912695283234,0.46934128230590866
0.18182797356772024,0.34103026688159316,0.4771417595506866
0.08839004557096064,0.4581253608247859,0.45348459360425347
0.034338154998196875,0.5874984618033673,0.3781633831984358
0.016922806250334238,0.6676221671684934,0.3154550265811723
0.00849534295144383,0.7330865645788068,0.25841809246974934
0.004340387065605498,0.7860886204141104,0.20957099252028405
0.002228497847857513,0.8293820794557965,0.16838942269634602
0.001139191549873736,0.8648455277521361,0.13401528069799018
0.0005764129506544257,0.8938024708254695,0.1056211162238761
0.0002950915667130338,0.9165098367060496,0.08319507172723743
0.0001419217405067053,0.9360267519342332,0.06383132632526012
0.0,0.9510164108891973,0.048983589110802646
0.0,0.9624059107539061,0.03759408924609392
0.0,0.9711524283334856,0.028847571666514485
0.0,0.9779297694331794,0.022070230566820576
0.0,0.983172387849726,0.016827612150273962
0.0,0.9872100693799938,0.01278993062000624
0.0,0.9903057481334674,0.009694251866532647
0.0,0.9926512632774664,0.00734873672253355
0.0,0.9944287592435769,0.005571240756423077
0.0,0.9957760104902494,0.004223989509750595
0.0,0.9967972860987544,0.0032027139012456725
0.0,0.997571533055228,0.0024284669447720013
0.0,0.9981630637447305,0.0018369362552694399
0.0,0.9986204722998281,0.0013795277001719193
0.0,0.9989639621945617,0.0010360378054383443
0.0,0.9992311298715914,0.0007688701284086648
0.0,0.999429394756725,0.00057060524327499
0.0,0.999576530111915,0.00042346988808495133
0.0,0.9996857232245082,0.00031427677549179616
0.0,0.9997667593429135,0.0002332406570864925
0.0,0.9998268996811011,0.0001731003188989423
0.0,0.9998715326692219,0.00012846733077806144
0.0,1.0,0.0
