0.1,0.3,0.6
0.09630190950765904,0.30499471384132926,0.5987033766510117
0.07674790889775407,0.3350350356055577,0.5882170554966882
0.07387604621610842,0.3400721284120799,0.5860518253718117
0.05439543709805786,0.38031880792226097,0.5652857549796811
0.022396575812467817,0.4934871821732224,0.4841162420143098
0.009473780580442437,0.5943655073304676,0.39616071208909
0.004150634437270042,0.6793856162812597,0.3164637492814703
0.001880224977425662,0.748553460781116,0.24956631424145845
0.0008764385013374689,0.8036442825681932,0.19547927893046946
0.000418186672274724,0.8469944265558854,0.15258738677183972
0.00020328305204383453,0.8808832128496226,0.11891350409833368
0.00010027686466189834,0.9072887663342957,0.09261095680104253
0.0,0.928552286685556,0.07144771331444397
0.0,0.9450059033248702,0.05499409667512981
0.0,0.9521841805639958,0.04781581943600422
0.0,0.9621925131895426,0.03780748681045746
0.0,0.9713646577964461,0.02863534220355382
0.0,0.9785126589047846,0.021487341095215447
0.0,0.9839400462564502,0.01605995374354984
0.0,0.988028157598151,0.01197184240184907
0.0,0.9910934735851916,0.008906526414808389
0.0,0.9933843642084261,0.006615635791573789
0.0,0.9950923030279714,0.004907696972028668
0.0,0.996363361769509,0.0036366382304909815
0.0,0.9973081350206996,0.0026918649793003877
0.0,0.998007376780019,0.0019926232199809837
0.0,0.9985249352295388,0.0014750647704612038
0.0,0.9989080382799627,0.0010919617200372672
0.0,0.9991916275849485,0.0008083724150514957
0.0,0.9994015590394772,0.0005984409605227692
0.0,0.9995609404038456,0.0004390595961544723
0.0,0.9996282090996133,0.0003717909003867548
0.0,0.9997070612196486,0.00029293878035139924
0.0,0.9997844678474898,0.00021553215251025865
0.0,0.9998414198321884,0.00015858016781155617
0.0,0.9998835834936126,0.00011641650638740059
0.0,1.0,0.0
