0.2,0.35,0.45
0.19356923848740365,0.35600693347855616,0.4504238280340402
0.15960150437793247,0.39057818634569325,0.44982030927637423
0.1542910226456968,0.39648503897346793,0.44922393838083535
0.11715741010792524,0.44284844593135203,0.4399941439607226
0.045379969771678325,0.5810139260635387,0.3736061041647829
0.02104411123207407,0.670806591051588,0.3081492977163379
0.009944320107564906,0.7420660895344056,0.24798959035802956
0.004799829437463153,0.798010024490271,0.19719014607226576
0.0023621368084038173,0.8417584696607789,0.15587939353081723
0.0011818648261322715,0.8759402277855551,0.12287790738831263
0.0005771877954683282,0.9039751465894252,0.0954476656151064
0.00027886721329728465,0.9262122031778639,0.07350892960883883
0.0001360711200152149,0.9432537944591403,0.056610134420844525
0.0,0.9563941750710947,0.0436058249289053
0.0,0.966725006149424,0.03327499385057588
0.0,0.97120846337226,0.028791536627740054
0.0,0.9773100923218737,0.022689907678126283
0.0,0.9829078626004655,0.017092137399534555
0.0,0.9872354370750566,0.0127645629249435
0.0,0.9904951211776212,0.009504878822378899
0.0,0.9929344599897759,0.00706554001022399
0.0,0.9947542713515306,0.0052457286484694065
0.0,0.9961090969083306,0.003890903091669379
0.0,0.997116235833805,0.0028837641661949385
0.0,0.9978641067599877,0.0021358932400123605
0.0,0.9984190455564189,0.0015809544435810275
0.0,0.9988306500620018,0.0011693499379981532
0.0,0.9991350759462897,0.0008649240537103071
0.0,0.9993602391770678,0.000639760822932176
0.0,0.9995267813005162,0.00047321869948373967
0.0,0.9996499665447552,0.0003500334552447625
0.0,0.9997410834974698,0.0002589165025301797
0.0,0.9998101575110765,0.0001898424889234873
0.0,0.9998393500624579,0.00016064993754201723
0.0,0.9998735056857238,0.00012649431427614555
0.0,1.0,0.0
