0.25,0.35,0.4
0.24250294782838167,0.35634586730011203,0.4011511848715063
0.20277241941713503,0.39250898857138594,0.4047185920114791
0.19639930894047353,0.3987631501306473,0.40483754092887925
0.1511647832715737,0.4478227332776232,0.40101248345080304
0.06830406920319984,0.5747090161213338,0.35698691467546634
0.03146883329154081,0.6716947277970552,0.29683643891140415
0.014674284555860024,0.7466636415127487,0.23866207393139138
0.006971288226970664,0.8041493141529572,0.188879397620072
0.00337341389199642,0.8482496433716947,0.14837694273630897
0.001658780404218446,0.8821786922311231,0.11616252736465835
0.0008265377202455531,0.9083658087930175,0.0908076534867368
0.00041625144198466216,0.9286353100394963,0.07094843851851895
0.00019866908379515748,0.9456223632732377,0.05417896764296703
0.0,0.9586173841902842,0.04138261580971574
0.0,0.9683889830874359,0.031611016912563995
0.0,0.9758469586968321,0.024153041303167797
0.0,0.9815411878339056,0.018458812166094355
0.0,0.9859197266594962,0.014080273340503756
0.0,0.9892844938777471,0.010715506122252853
0.0,0.9918631199405156,0.008136880059484417
0.0,0.9938336232482071,0.0061663767517929485
0.0,0.9953358653609279,0.004664134639072021
0.0,0.9964792152352323,0.003520784764767672
0.0,0.997342158637045,0.0026578413629549874
0.0,0.9979935201950967,0.002006479804903265
0.0,0.9984852086281546,0.0015147913718453795
0.0,0.9988593982797372,0.0011406017202628418
0.0,0.9990158362643295,0.0009841637356705199
0.0,0.9992258677806533,0.000774132219346759
0.0,0.9994294490589579,0.0005705509410421167
0.0,0.9995794884738853,0.0004205115261145728
0.0,0.9996900693837002,0.0003099306162997367
0.0,0.9997715698939375,0.00022843010606255244
0.0,0.9998316380724301,0.00016836192756983792
0.0,0.9998759103153084,0.00012408968469155657
0.0,1.0,0.0
