0.35,0.4,0.25
0.3410897346813218,0.40712035572142413,0.25178990959725406
0.29374717404064515,0.44636484369386414,0.2598879822654907
0.285666476593213,0.4533247668655223,0.2610087565412648
0.22623024010296028,0.5073649602372312,0.2664047996598085
0.11554765985082438,0.6284890326039805,0.25596330754519514
0.05232725681402653,0.7249872365007293,0.22268550668524417
0.025478035700328115,0.7854931855425328,0.18902877875713903
0.012486536233282098,0.8293969123565578,0.15811655141016015
0.006188794094754491,0.8622155347138705,0.1315956711913751
0.0031041893506858135,0.8874546938271342,0.10944111682218009
0.0015561101105109208,0.9076187916540919,0.09082509823539725
0.0007769051846556995,0.9240021497590138,0.07522094505633048
0.0003850629079420802,0.9374664103912469,0.062148526700811016
0.00018896322757934393,0.9486088265361541,0.051202210236266574
0.00013271726907364354,0.9533592411464474,0.04650804158447896
0.0,0.9615004829967051,0.03849951700329495
0.0,0.9686643611577748,0.03133563884222523
0.0,0.9745790949441479,0.025420905055852195
0.0,0.9794034102268271,0.020596589773172837
0.0,0.9833263420200248,0.016673657979975227
0.0,0.9865113721225918,0.0134886278774083
0.0,0.9890944061045599,0.01090559389544007
0.0,0.9911874428275403,0.00881255717245964
0.0,0.9928824202351646,0.007117579764835352
0.0,0.9942546199485363,0.00574538005146374
0.0,0.9953606900683892,0.004639309931610703
0.0,0.9962527905833716,0.0037472094166283824
0.0,0.9969726710706068,0.003027328929393142
0.0,0.9975538122043657,0.0024461877956343304
0.0,0.998025587207383,0.0019744127926169487
0.0,0.9982344688508339,0.0017655311491661307
0.0,0.9985201143091137,0.0014798856908862705
0.0,0.9988102422135542,0.0011897577864457875
0.0,0.9990434194662429,0.0009565805337571399
0.0,0.9992308505324093,0.0007691494675906794
0.0,0.9993815265786471,0.0006184734213529335
0.0,0.9995026658254491,0.0004973341745508705
0.0,0.9996001146663377,0.00039988533366233685
0.0,0.99967976067502,0.00032023932498001446
0.0,0.999745824322626,0.0002541756773740413
0.0,0.9998018316128362,0.00019816838716387483
0.0,0.9998505899272462,0.0001494100727538858
0.0,0.9998938833041973,0.00010611669580268562
0.0,1.0,0.0
