0.3,0.45,0.25
0.2918591564985438,0.45701452975120144,0.25112631375025474
0.24922622245675347,0.4951455918228887,0.25562818572035784
0.24203819204840943,0.5018307521074956,0.256131055844095
0.18990816765796187,0.5530360584693915,0.25705577387264666
0.09294002708236954,0.6683908108018219,0.23866916211580866
0.03805701756513838,0.7622964701550456,0.19964651227981606
0.015564036454985816,0.8237720308635639,0.1606639326814504
0.007628468408596146,0.8588400684378679,0.13353146315353606
0.0037830119113586346,0.8854255861453781,0.11079140194326309
0.0018858785022773563,0.9062766375647245,0.09183748393299797
0.0009384798978032689,0.923057853869592,0.07600366623260474
0.0004644048288867282,0.9367633629721704,0.06277223219894269
0.00022797667608084678,0.9480496536151635,0.05172236970875575
0.00011267377240926872,0.9571905689872582,0.042696757240332575
0.0,0.9652413181829668,0.03475868181703321
0.0,0.9716602391556568,0.02833976084434325
0.0,0.9768622468974874,0.023137753102512596
0.0,0.98108805506674,0.01891194493325992
0.0,0.9845276626561161,0.015472337343883829
0.0,0.9873319583852717,0.012668041614728363
0.0,0.9896214155172183,0.010378584482781726
0.0,0.991492669596672,0.008507330403327898
0.0,0.9930235428980253,0.006976457101974641
0.0,0.9942769180587112,0.0057230819412888104
0.0,0.995303903035778,0.004696096964221959
0.0,0.9961490717353922,0.0038509282646077263
0.0,0.9968463246642387,0.0031536753357613023
0.0,0.9974232153435517,0.002576784656448343
0.0,0.9979030163924111,0.00209698360758894
0.0,0.9982932774839258,0.0017067225160741634
0.0,0.9984692573151042,0.001530742684895945
0.0,0.9987035849940302,0.0012964150059698073
0.0,0.9989560763838411,0.0010439236161588416
0.0,0.999159337645689,0.0008406623543110082
0.0,0.9993229867028035,0.0006770132971964011
0.0,0.9994547557397819,0.0005452442602181039
0.0,0.9995609200206445,0.00043907997935552104
0.0,0.9996473064864816,0.0003526935135184252
0.0,0.9997183094624951,0.00028169053750496146
0.0,0.9997776513158215,0.00022234868417840212
0.0,0.9998284698193027,0.00017153018069724407
0.0,0.9998731215178551,0.0001268784821449245
0.0,1.0,0.0
