0.4,0.5,0.1
0.39153658278758746,0.5077382798890439,0.1007251373233685
0.3478645433522368,0.5481169928471246,0.10401846380063867
0.3398852664669109,0.5555810074071428,0.10453372612594634
0.2796177066804236,0.6129430839115487,0.10743920940802752
0.14623830694409323,0.7486411221499949,0.10512057090591186
0.0696953039987551,0.8375392258635631,0.09276547013768174
0.025329866287215667,0.9013182067542541,0.0733519269585302
0.011893391562839159,0.9276967976558428,0.060409810781318074
0.005594480864781315,0.9449442666845563,0.0494612524506624
0.0026423826798945256,0.9569283846644062,0.04042923265569928
0.0012537264006854702,0.9656978371946923,0.033048436404622294
0.0005973830780036672,0.9723684020761071,0.02703421484588924
0.0002857032838310272,0.9775801479403008,0.022134148775868195
0.00013707068950832212,0.9817248070456837,0.01813812226480805
0.0,0.9851237504215595,0.014876249578440562
0.0,0.9878099916519987,0.012190008348001302
0.0,0.9900051371565576,0.009994862843442453
0.0,0.99190283696451,0.008097163035489997
0.0,0.993437214425152,0.006562785574848093
0.0,0.9946788478008576,0.00532115219914241
0.0,0.9956842628123034,0.004315737187696562
0.0,0.9964988439172136,0.0035011560827865077
0.0,0.9971591058375688,0.002840894162431168
0.0,0.9976944772564047,0.002305522743595281
0.0,0.9981287092582821,0.0018712907417178285
0.0,0.9984809927704993,0.0015190072295008029
0.0,0.9987668487143999,0.0012331512856000742
0.0,0.9989988395070764,0.0010011604929236158
0.0,0.9991871393801128,0.0008128606198871288
0.0,0.9993399926063598,0.0006600073936402385
0.0,0.99946408235034,0.0005359176496600142
0.0,0.9995648282099396,0.0004351717900603733
0.0,0.9996466262345205,0.0003533737654794763
0.0,0.9997130430663917,0.00028695693360827754
0.0,0.9997682543176544,0.0002317456823456204
0.0,0.9997928088407948,0.00020719115920512344
0.0,0.9998248801490137,0.00017511985098627011
0.0,0.9998598551042442,0.00014014489575573934
0.0,0.9998893943776188,0.00011060562238115669
0.0,1.0,0.0
