0.2,0.6,0.2
0.19415282342610818,0.6060246689677452,0.19982250760614662
0.16430797536754563,0.6377646889909904,0.19792733564146398
0.15935108347760435,0.643215583717031,0.19743333280536454
0.12411769336800245,0.683798013204774,0.19208429342722366
0.05049042086001331,0.7866846587490888,0.162824920390898
0.023052794108536577,0.8416709880145505,0.13527621787691285
0.010567466546627508,0.8786864273836066,0.11074610606976588
0.004890051245460931,0.9048485240950609,0.09026142465947806
0.002286210271152344,0.9241688183072865,0.07354497142156124
0.0010790022780904423,0.9389202954636165,0.06000070225829304
0.000513418099183488,0.9504508925232176,0.04903568937759901
0.0002459769213600107,0.9596094005888903,0.04014462248974971
0.0001185372680019304,0.966963379784369,0.032918082947629136
0.0,0.9732353761702737,0.026764623829726348
0.0,0.9782121190255569,0.021787880974443074
0.0,0.9822439463622884,0.017756053637711617
0.0,0.9855190250595108,0.014480974940489177
0.0,0.9869998548556327,0.013000145144367252
0.0,0.9890623712466164,0.01093762875338349
0.0,0.9911919462507794,0.008808053749220635
0.0,0.9929031528300973,0.007096847169902651
0.0,0.9942794745047431,0.005720525495256851
0.0,0.9953872922123825,0.004612707787617479
0.0,0.9962795383758895,0.0037204616241105267
0.0,0.9969985204647667,0.0030014795352333312
0.0,0.9975781186761147,0.002421881323885384
0.0,0.9980455071692487,0.001954492830751302
0.0,0.9984225093147825,0.0015774906852175645
0.0,0.9987269318551762,0.0012730681448237693
0.0,0.9989729180774788,0.0010270819225212306
0.0,0.9991718102140971,0.0008281897859029395
0.0,0.9993321533245898,0.0006678466754102219
0.0,0.9994614308102938,0.0005385691897062323
0.0,0.9995656691977414,0.0004343308022586131
0.0,0.9996502072090179,0.000349792790982116
0.0,0.9996879925864114,0.00031200741358858243
0.0,0.999741298333732,0.00025870166626790675
0.0,0.9997950473261773,0.00020495267382260486
0.0,0.9998407178915363,0.00015928210846374895
0.0,0.9998781994615796,0.00012180053842036895
0.0,1.0,0.0
