0.75,0.05,0.2
0.742515104219425,0.051626854888627824,0.2058580408919472
0.6930313004533575,0.06272162264541023,0.24424707690123224
0.6843080060765208,0.06474453069925153,0.25094746322422784
0.6091058922703049,0.08317441450341616,0.30771969322627907
0.4084871936554705,0.14492944881742986,0.44658335752709966
0.224752603138876,0.23378200309268804,0.5414653937684359
0.12482667403464767,0.31684161320959436,0.558331712755758
0.05839269067409307,0.4168134300019205,0.5247938793239864
0.039954016393577,0.46334528152759036,0.4967007020788326
0.023658620486937905,0.5236035265266734,0.4527378529863887
0.011225509619810399,0.6009817616270842,0.38779272875310544
0.005408399496775448,0.6670895609789658,0.3275020395242588
0.002663914555312728,0.7222861349142737,0.2750499505304136
0.001321320670111707,0.7688666487297268,0.22981203060016153
0.0006540567360224775,0.8083004428698058,0.19104550039417173
0.00033013459384476703,0.8404882339862538,0.15918163141990144
0.00016617470637883127,0.8675350392386048,0.1322987860550165
0.0,0.8904770272105144,0.10952297278948572
0.0,0.9097584873277379,0.09024151267226213
0.0,0.9260676027446744,0.07393239725532559
0.0,0.939937982055078,0.060062017944921976
0.0,0.9463156618880808,0.0536843381119192
0.0,0.9546445834164486,0.045355416583551446
0.0,0.9629470917325423,0.037052908267457614
0.0,0.9699039945808366,0.03009600541916335
0.0,0.9755977078371159,0.024402292162884063
0.0,0.980234918549921,0.019765081450079075
0.0,0.9840040311346545,0.01599596886534545
0.0,0.9870633984924176,0.012936601507582338
0.0,0.9895441482886652,0.010455851711334778
0.0,0.9915542803532507,0.008445719646749337
0.0,0.9931824689957002,0.006817531004299807
0.0,0.9944945542053456,0.005505445794654429
0.0,0.9955526685202537,0.004447331479746278
0.0,0.9964064707625206,0.0035935292374793225
0.0,0.9970957387019046,0.002904261298095463
0.0,0.997659554192126,0.0023404458078739366
0.0,0.9979114472195364,0.0020885527804636347
0.0,0.9982471686755353,0.0017528313244647357
0.0,0.9985923985952317,0.0014076014047682535
0.0,0.9988695322325445,0.0011304677674554748
0.0,0.9990934129019742,0.0009065870980257853
0.0,0.9992780565431489,0.0007219434568510563
0.0,0.9994335060802305,0.000566493919769408
0.0,0.9995678265491645,0.00043217345083554825
0.0,0.9996866027167849,0.00031339728321508087
0.0,0.9997921234721158,0.00020787652788425534
0.0,0.9998821275296117,0.00011787247038826419
0.0,1.0,0.0
