0.25,0.65,0.1
0.24354853617035466,0.6563844943542255,0.10006696947541989
0.21112607268752126,0.6888909001630887,0.09998302714939006
0.20545052347032308,0.6946600306674723,0.0998894458622047
0.16421107164785848,0.7374263435909836,0.09836258476115795
0.0749384822003089,0.8380944171524028,0.08696710064728828
0.026071419421374045,0.9056955784313633,0.06823300214726266
0.011044702443782601,0.9342392077100978,0.05471608984611948
0.00468762549357387,0.9517456225450699,0.04356675196135624
0.0019992634633899786,0.9633688385459019,0.034631897990708094
0.0008571735528951902,0.9716041646788888,0.027538661768216007
0.0003692572658459111,0.9777115029978982,0.021919239736255834
0.00015970571410044054,0.9823753652711118,0.017464929014787883
0.0,0.9860697423960146,0.013930257603985354
0.0,0.9888810308339644,0.01111896916603564
0.0,0.9911186673602551,0.008881332639744848
0.0,0.9929019413564288,0.00709805864357115
0.0,0.9943245533438664,0.005675446656133669
0.0,0.9954603727237411,0.004539627276258888
0.0,0.9963678111922669,0.0036321888077330477
0.0,0.9970931721550639,0.0029068278449361383
0.0,0.9976732350703161,0.0023267649296838237
0.0,0.9981372624624708,0.0018627375375291975
0.0,0.9985085672325362,0.0014914327674637243
0.0,0.9988057423059932,0.0011942576940068047
0.0,0.9990436291061671,0.0009563708938329341
0.0,0.9992340827665089,0.0007659172334910815
0.0,0.9993865783276727,0.0006134216723272906
0.0,0.9995086919941573,0.0004913080058426755
0.0,0.9996064838623265,0.00039351613767346476
0.0,0.9996848027257788,0.00031519727422125174
0.0,0.9997475290979835,0.0002524709020164969
0.0,0.9997983167616171,0.0002016832383827883
0.0,0.9998220055760402,0.00017799442395980553
0.0,0.999849611285393,0.0001503887146070586
0.0,0.9998798611194762,0.00012013888052370043
0.0,1.0,0.0
