0.8,0.05,0.15
0.7939032741068974,0.05160545749624775,0.15449126839685481
0.7531830988862588,0.06253403014819092,0.18428287096555035
0.7458943684116552,0.06453176832303334,0.1895738632653115
0.681639925812143,0.08279027759261431,0.23556979659524246
0.49491832660322876,0.14502262276714972,0.3600590506296216
0.30433533261088536,0.23322846002309283,0.46243620736602187
0.16309524718392399,0.3357941825593516,0.5011105702567243
0.09362922963162597,0.41743873700128004,0.48893203336709407
0.03597367679971849,0.5386354727686665,0.425390850431615
0.0174073667162803,0.6156821492590139,0.36691048402470583
0.008585648748307176,0.6796598920639785,0.31175445918771433
0.004327249466329985,0.7323673948271526,0.26330535570651736
0.002217787681416138,0.7759597234617983,0.22182248885678557
0.0011379122378882413,0.812725887838168,0.1861361999239438
0.0005808265573813684,0.8438763105553386,0.15554286288728003
0.00028666723286993243,0.8711305301482862,0.1285828026188439
0.0001435960711832708,0.8932508645755802,0.10660553935323654
0.0,0.9114305202806756,0.08856947971932438
0.0,0.9268371064342631,0.07316289356573698
0.0,0.9338787683808513,0.06612123161914873
0.0,0.9444609874571308,0.05553901254286908
0.0,0.9546138735173376,0.04538612648266242
0.0,0.96309843713034,0.036901562869659954
0.0,0.9700521375208628,0.029947862479137246
0.0,0.97572511162865,0.024274888371350032
0.0,0.9803428841060604,0.019657115893939602
0.0,0.9840956882478632,0.015904311752136788
0.0,0.9871418036470184,0.012858196352981579
0.0,0.9896121557112304,0.010387844288769654
0.0,0.9916028754191539,0.008397124580846103
0.0,0.9932087975426885,0.006791202457311482
0.0,0.994505427258374,0.0054945727416260215
0.0,0.9955530725302134,0.0044469274697865055
0.0,0.996400276261022,0.0035997237389779903
0.0,0.9971036036014859,0.0028963963985141755
0.0,0.9974218038987104,0.0025781961012895857
0.0,0.9978268852505112,0.00217311474948874
0.0,0.9982517151385851,0.0017482848614148055
0.0,0.9985933397982988,0.0014066602017011483
0.0,0.9988681094844643,0.0011318905155357245
0.0,0.9990895047531294,0.0009104952468706464
0.0,0.9992703638138568,0.0007296361861431643
0.0,0.9994201516005922,0.0005798483994078258
0.0,0.9995468348853148,0.00045316511468521494
0.0,0.9996568403812077,0.0003431596187923597
0.0,0.9997543910776207,0.00024560892237933277
0.0,0.9998408309044309,0.00015916909556915404
0.0,1.0,0.0
