0.9,0.05,0.05
0.8970596330651067,0.05150483949736602,0.051435527437527245
0.8776295864747093,0.061492836470509835,0.06087757705478081
0.8740496582096084,0.06334157536112414,0.06260876642926737
0.8416268784545076,0.08021226405862235,0.07816085748687013
0.7315063479148696,0.13955527672604615,0.12893837535908442
0.5645255847042241,0.23782855049161766,0.1976458648041582
0.37677371344971006,0.3662503347675671,0.2569759517827228
0.2162254516943119,0.5021755163379586,0.2815990319677295
0.12724807383560308,0.5987244882235565,0.27402743794084045
0.05672814900387721,0.7031387479015687,0.24013310309455416
0.02630407750552608,0.7714065991461214,0.20228932334835256
0.0122928464461544,0.8203256516194324,0.16738150193441326
0.005824193487349672,0.8564718469291117,0.1377039595835386
0.0027991239481010865,0.8839835186603566,0.11321735739154229
0.0013628467398519239,0.9054229453848824,0.09321420787526573
0.0006710157674187517,0.9224255356806111,0.07690344855197007
0.00033083818724380853,0.9362247781154575,0.06344438369729871
0.00016448120691148313,0.9473862291343662,0.05244928965872227
0.0,0.9571485959184272,0.04285140408157281
0.0,0.9649301786613718,0.035069821338628196
0.0,0.9712578481938241,0.028742151806175918
0.0,0.9741053499918018,0.02589465000819824
0.0,0.9782820617890247,0.021717938210975375
0.0,0.9823224537639539,0.017677546236046084
0.0,0.9856817515525086,0.014318248447491433
0.0,0.9884164721935138,0.011583527806486228
0.0,0.9906341466302702,0.009365853369729817
0.0,0.9924303218101571,0.007569678189842881
0.0,0.9938840841996321,0.006115915800367859
0.0,0.9950601184807126,0.004939881519287306
0.0,0.9960111519326889,0.003988848067311174
0.0,0.9967800933879533,0.003219906612046719
0.0,0.9974018306740922,0.002598169325907934
0.0,0.9979047284991062,0.0020952715008938673
0.0,0.998310070073625,0.0016899299263750354
0.0,0.9986368554321381,0.0013631445678619488
0.0,0.9989003579909496,0.0010996420090504907
0.0,0.9991131733907892,0.0008868266092107415
0.0,0.9992075792967121,0.0007924207032878524
0.0,0.9993364148313703,0.0006635851686297106
0.0,0.9994675274615634,0.0005324725384365532
0.0,0.9995727199124332,0.00042728008756671586
0.0,0.9996578624887985,0.00034213751120147574
0.0,0.9997283708867933,0.0002716291132066838
0.0,0.9997881047631942,0.00021189523680581178
0.0,0.9998400742436968,0.0001599257563032506
0.0,0.9998861979704889,0.00011380202951106042
0.0,1.0,0.0
