0.7,0.1,0.2
0.691743918761847,0.1030583070297794,0.20519777420837357
0.6392668520524839,0.12310404101790787,0.23762910692960823
0.6299858757661373,0.12676687262713038,0.24324725160673227
0.5519591126699772,0.15917955112056523,0.2888613362094576
0.3460356009649367,0.2642942625761367,0.38967013645892673
0.1845335606337256,0.3848751350322833,0.430591304333991
0.1024595717670444,0.47883736928843196,0.4187030589445236
0.04840185585290533,0.5770512571793669,0.37454688696772775
0.02204086805382709,0.6595429299544902,0.31841620199168275
0.011905881851256014,0.7125007096767176,0.27559340847202635
0.005799374938991863,0.7639317915877727,0.23026883347323546
0.0028825595699184933,0.8050652901647695,0.19205215026531208
0.0014591258452444497,0.8382250374836314,0.16031583667112417
0.0007503358127152575,0.8651619287267155,0.1340877354605693
0.000388144377234541,0.8874257094060054,0.1121861462167601
0.00019367091623745687,0.9069272797129928,0.09287904937076984
0.0,0.923379091888847,0.07662090811115302
0.0,0.9369715921298354,0.06302840787016463
0.0,0.9482868302180048,0.05171316978199523
0.0,0.9576908451882771,0.04230915481172287
0.0,0.9655069493532259,0.03449305064677409
0.0,0.9720236246445763,0.027976375355423723
0.0,0.9775126908759046,0.02248730912409542
0.0,0.9799459138808043,0.020054086119195708
0.0,0.9829701653351235,0.017029834664876536
0.0,0.9861202443623938,0.013879755637606274
0.0,0.9887607018273881,0.01123929817261198
0.0,0.99091096137,0.009089038630000025
0.0,0.9926535511576335,0.00734644884236652
0.0,0.9940640053728996,0.005935994627100325
0.0,0.9952049472795023,0.004795052720497769
0.0,0.9961275093476482,0.0038724906523518415
0.0,0.9968732958799921,0.003126704120007931
0.0,0.9974761131812808,0.0025238868187191666
0.0,0.9979634180486961,0.0020365819513038733
0.0,0.9983575213655478,0.0016424786344522936
0.0,0.9986752278884452,0.0013247721115548128
0.0,0.998931393473861,0.0010686065261390845
0.0,0.9991379690212308,0.0008620309787692823
0.0,0.9993056531191958,0.0006943468808041624
0.0,0.9994473865937716,0.0005526134062283609
0.0,0.9995149904311623,0.00048500956883765765
0.0,0.9996075327641686,0.00039246723583148
0.0,0.9997028067006856,0.0002971932993144191
0.0,0.999783574129105,0.00021642587089501316
0.0,0.999858123981046,0.0001418760189539637
0.0,1.0,0.0
