0.6,0.15,0.25
0.5903026447495092,0.15429425126741625,0.25540310398307453
0.5315681692791322,0.1813759106602132,0.2870559200606546
0.5213290211142323,0.18630133914963418,0.29236963973613345
0.43899251268072276,0.22850719454604013,0.33250029277323717
0.27047274614012623,0.33532624101772074,0.3942010128421531
0.14681413813843588,0.44742841129856625,0.40575745056299783
0.0753042697955637,0.5462281239216786,0.3784676062827577
0.03863641773103344,0.6256703781905162,0.3356932040784505
0.019010436134714863,0.6938057578255887,0.2871838060396965
0.009108139286512554,0.7507695408481507,0.24012231986533683
0.004451249656604927,0.79568266734274,0.19986608300065517
0.0022167139969864304,0.8314684611661561,0.16631482483685744
0.0011224101472386604,0.8602665937665777,0.1386109960861837
0.0005692445650727136,0.884044099757504,0.11538665567742332
0.00028605772888359025,0.9039861020458712,0.0957278402252453
0.00014534199101330303,0.9202344661051939,0.07962019190379267
0.0,0.9338471331706021,0.06615286682939793
0.0,0.9456939992577836,0.05430600074221643
0.0,0.9556737078539335,0.04432629214606649
0.0,0.9640747989306334,0.035925201069366544
0.0,0.9678760582725935,0.03212394172740655
0.0,0.9729594391000275,0.027040560899972504
0.0,0.9779652738327453,0.022034726167254708
0.0,0.9821403871134177,0.01785961288658232
0.0,0.9855440708707203,0.014455929129279729
0.0,0.9883070343314299,0.011692965668570197
0.0,0.9905466606150387,0.009453339384961335
0.0,0.9923605153118095,0.0076394846881905265
0.0,0.993828630533435,0.006171369466565099
0.0,0.9950163990196575,0.004983600980342492
0.0,0.9959771445672794,0.004022855432720625
0.0,0.9967543038862645,0.0032456961137354735
0.0,0.9973808133229549,0.0026191866770449894
0.0,0.9978860541057891,0.002113945894210863
0.0,0.9982936155609733,0.0017063844390266876
0.0,0.9986224581091744,0.0013775418908256174
0.0,0.9988922407674332,0.0011077592325667057
0.0,0.9990141169015014,0.0009858830984985413
0.0,0.9991721394813137,0.0008278605186862997
0.0,0.9993369025266549,0.0006630974733452031
0.0,0.999469252048648,0.000530747951352
0.0,0.9995788141417132,0.0004211858582867507
0.0,0.9996717115428004,0.0003282884571995043
0.0,0.9997526091732312,0.0002473908267688554
0.0,0.9998244362120758,0.00017556378792420125
0.0,0.9998879078329058,0.00011209216709418148
0.0,1.0,0.0
