0.75,0.15,0.1
0.7434043138206194,0.1541797913695767,0.1024158948098038
0.7024936050159776,0.18041676327845027,0.11708963170557214
0.6949936860764879,0.18528719678215333,0.11971911714135877
0.6309391707437932,0.2277133561068064,0.14134747314940033
0.4385785524353998,0.36599941766728045,0.19542202989731972
0.25140900041429387,0.5241041323488673,0.22448686723683875
0.14505646402849665,0.6337911269263712,0.22115240904513217
0.07632171867586027,0.7226878689982648,0.200990412325875
0.032232706219140955,0.8009449992332968,0.16682229454756237
0.013621766825958288,0.8517868120700378,0.13459142110400396
0.00582771736429267,0.886505255555735,0.10766702707997237
0.0025291136250875394,0.9114286752304354,0.08604221114447709
0.00111206777025123,0.9300172407132101,0.06887069151653864
0.0004944539240872626,0.9442518961687107,0.05525364990720198
0.0002219192306024989,0.9553464182490364,0.04443166252036104
0.0001003585278954321,0.9640959085716988,0.03580373290040573
0.0,0.9710959396011145,0.028904060398885507
0.0,0.9766327467138443,0.023367253286155805
0.0,0.9810852932918054,0.018914706708194635
0.0,0.9846737400274388,0.015326259972561214
0.0,0.9863121766875154,0.0136878233124846
0.0,0.9884061539107254,0.011593846089274688
0.0,0.9906530455827166,0.009346954417283358
0.0,0.9924603309099158,0.007539669090084225
0.0,0.9939154501027675,0.0060845498972325095
0.0,0.9950879623503956,0.004912037649604351
0.0,0.9960333669545728,0.003966633045427201
0.0,0.9967966719333564,0.0032033280666435653
0.0,0.9974134144525728,0.0025865855474271784
0.0,0.9979117247744443,0.0020882752255556346
0.0,0.9983143215987023,0.0016856784012977593
0.0,0.9986396051679423,0.001360394832057773
0.0,0.9989024869974962,0.0010975130025038388
0.0,0.9991150636214502,0.0008849363785498009
0.0,0.9992864275784907,0.0007135724215091734
0.0,0.9994245824167636,0.0005754175832363333
0.0,0.9995359726514823,0.0004640273485177277
0.0,0.9996265932262312,0.00037340677376880034
0.0,0.9996672731264584,0.0003327268735416088
0.0,0.9997246940534495,0.0002753059465504774
0.0,0.9997826481622131,0.00021735183778691275
0.0,0.9998301675774564,0.00016983242254373353
0.0,0.9998730061165194,0.00012699388348058654
0.0,1.0,0.0
