0.4,0.2,0.4
0.38969001187539143,0.20506511944885839,0.4052448686757502
0.33131795425812327,0.23592491377178645,0.4327571319700903
0.321781419980042,0.24136709918912044,0.4368514808308376
0.25114021100838335,0.2861962930875256,0.4626634959040911
0.12948392199347739,0.3945814366799441,0.47593464132657853
0.06203681781427631,0.4972431600897803,0.4407200220959434
0.029888353548854003,0.5831491431433526,0.38696250330779336
0.01685832953266743,0.6408493881843624,0.34229228228297015
0.008802688495870466,0.6973312045324972,0.2938661069716324
0.004661981156757902,0.7444432610466039,0.2508947577966383
0.0024897113122134273,0.7840518032477491,0.21345848544003748
0.001329909878777649,0.8177073855140905,0.18096270460713187
0.0006870853420319016,0.8476232687894855,0.1516896458684826
0.00034978351346781075,0.8732109593843704,0.1264392571021617
0.00018046108443628523,0.8941505292446675,0.10566900967089625
0.0,0.9132256189169325,0.08677438108306748
0.0,0.9285508876984069,0.07144911230159318
0.0,0.9410230067391737,0.05897699326082621
0.0,0.9513081879796811,0.048691812020318956
0.0,0.959864178766368,0.040135821233632095
0.0,0.9669829265653492,0.033017073434650754
0.0,0.9728004363200601,0.027199563679939944
0.0,0.9775662859028169,0.022433714097183127
0.0,0.9814787225110887,0.01852127748891128
0.0,0.9847021020868624,0.015297897913137577
0.0,0.9873763471655811,0.012623652834418998
0.0,0.9896007620637948,0.010399237936205181
0.0,0.991455056877442,0.008544943122558046
0.0,0.993061497641407,0.006938502358592908
0.0,0.9943637466947832,0.005636253305216695
0.0,0.9954201392232209,0.004579860776779171
0.0,0.996277577816846,0.003722422183154002
0.0,0.9969738543261062,0.0030261456738938154
0.0,0.9975394737789245,0.002460526221075566
0.0,0.9979990954380547,0.0020009045619453054
0.0,0.9983726770093135,0.0016273229906864444
0.0,0.9986768487840344,0.0013231512159655686
0.0,0.9989251692839034,0.0010748307160965457
0.0,0.9991286514877409,0.000871348512259095
0.0,0.9992935753709057,0.0007064246290943292
0.0,0.9994284252162768,0.0005715747837231886
0.0,0.9995437446956386,0.0004562553043614727
0.0,0.9996459784543729,0.00035402154562717614
0.0,0.9997390971107668,0.0002609028892332515
0.0,0.9998252001103306,0.0001747998896694051
0.0,0.9998749376729127,0.00012506232708728616
0.0,1.0,0.0
