0.7,0.25,0.05
0.6930633304197613,0.2559729219797706,0.05096374760046821
0.6528418339203259,0.29078650006817336,0.05637166601150074
0.6452536561686141,0.2973895380195578,0.05735680581182826
0.5820021736819483,0.35288158038176454,0.06511624593628716
0.3632990620270991,0.5520160804807529,0.08468485749214803
0.18997297693775686,0.7217423187458213,0.08828470431642188
0.1034443880033512,0.8146779380842959,0.08187767391235284
0.04770178028715741,0.8823876815068282,0.06991053820601438
0.020543254115541188,0.922513039449698,0.05694370643476085
0.010513016741060352,0.9416222568478425,0.04786472641109723
0.004782173120028163,0.9563975154833968,0.03882031139657499
0.0021826517543227842,0.9663832737093586,0.031434074536318635
0.0010000215279435448,0.9735461014036937,0.025453877068362767
0.00045983116914053866,0.978915988751714,0.020624180079145515
0.0002121042547086733,0.9830640612357525,0.016723834509538838
0.0,0.9864273478661708,0.013572652133829131
0.0,0.9889790545701252,0.011020945429874815
0.0,0.9910456648705234,0.008954335129476652
0.0,0.9927211821213276,0.007278817878672351
0.0,0.9940808086385042,0.005919191361495738
0.0,0.9951848930439422,0.004815106956057819
0.0,0.9960819916932558,0.003918008306744176
0.0,0.9968112590652598,0.003188740934740163
0.0,0.997404326072398,0.0025956739276018627
0.0,0.9978867843767365,0.002113215623263508
0.0,0.9982793654162732,0.001720634583726877
0.0,0.9986089298920112,0.001391070107988749
0.0,0.998875277120878,0.0011247228791219567
0.0,0.9990905658088373,0.0009094341911627621
0.0,0.9992646049922612,0.0007353950077388056
0.0,0.9994053119543669,0.0005946880456331055
0.0,0.9995190795828212,0.00048092041717879826
0.0,0.9996110715258221,0.0003889284741779682
0.0,0.9996854596325415,0.0003145403674584365
0.0,0.999745615157842,0.00025438484215804796
0.0,0.999794262861968,0.00020573713803193625
0.0,0.9998336052894069,0.00016639471059315376
0.0,0.9998654230525783,0.00013457694742159075
0.0,0.999891170121975,0.000108829878024982
0.0,1.0,0.0
