0.45,0.05,0.5
0.4388207518686287,0.05160931035792829,0.5095699377734431
0.3716536229525375,0.06243081484921666,0.5659155621982458
0.3610184520971372,0.06435815408745961,0.5746233938154032
0.2809937531650308,0.08147187020624945,0.6375343766287198
0.13861419481771314,0.13479102605799975,0.726594779124287
0.062372028358933185,0.20456237246594489,0.7330655991751219
0.02863163012552882,0.2813218982833187,0.6900464715911525
0.015089692851367348,0.3489233397763872,0.6359869673722455
0.007682948085465132,0.4218782033106633,0.5704388486038716
0.003990699689815234,0.4917337452655952,0.5042755550445895
0.0021188286044929294,0.5561934588337631,0.4416877125617439
0.001149712757022276,0.6140948325799372,0.38475545466304045
0.0006367413641371732,0.6651504465531671,0.33421281208269565
0.0003592706779065167,0.7096319465370323,0.29000878278506115
0.00020299216930214607,0.7490983228870309,0.2506986849436669
0.00011379323605100291,0.7842903553935608,0.2155958513703882
0.0,0.8014973698869325,0.19850263011306746
0.0,0.8334797675417583,0.1665202324582416
0.0,0.8623239494941954,0.13767605050580456
0.0,0.8867510292389729,0.1132489707610271
0.0,0.907177492562269,0.092822507437731
0.0,0.9236903541329591,0.07630964586704087
0.0,0.9371903908500292,0.06280960914997082
0.0,0.9483837905117963,0.051616209488203654
0.0,0.9576583292162617,0.04234167078373836
0.0,0.9653276572113028,0.034672342788697234
0.0,0.9716602163562923,0.02833978364370777
0.0,0.9768864416289049,0.023113558371095022
0.0,0.9812044162452348,0.018795583754765265
0.0,0.9847868252403043,0.015213174759695771
0.0,0.9876774036869131,0.012322596313086834
0.0,0.9889965918502602,0.01100340814973981
0.0,0.9906813983287274,0.009318601671272615
0.0,0.9924895137406042,0.007510486259395778
0.0,0.9939440792855871,0.006055920714412818
0.0,0.9951151652094326,0.0048848347905673575
0.0,0.9960586319005188,0.003941368099481226
0.0,0.9968191211725962,0.0031808788274037903
0.0,0.9974347640524686,0.002565235947531361
0.0,0.9979346942540473,0.0020653057459526355
0.0,0.9983429763567414,0.0016570236432585782
0.0,0.9986801418428929,0.00131985815710716
0.0,0.9989639574180831,0.0010360425819168776
0.0,0.9992092026467064,0.0007907973532935149
0.0,0.9994264199361779,0.0005735800638221868
0.0,0.9996137136024087,0.00038628639759128564
0.0,0.9997785766819339,0.000221423318066122
0.0,0.9998925792938297,0.00010742070617033279
0.0,1.0,0.0
