0.023347183213384196,0.8814687163933205,0.005879203234422049,0.08930489715887328,0.0
0.3147007492806215,0.5118879309620711,0.08852234279419681,0.08488897696311076,0.0
0.0,0.0,0.0,0.0,1.0
0.0292914104055317,0.023407419667227206,0.9139843546043093,0.033316815322931924,0.0
0.053911923570850784,0.024346567027707353,0.886979086501728,0.03476242289971395,0.0
0.00787666814054933,0.03519360684177577,0.9241900279487518,0.03273969706892312,0.0
0.04179559884826231,0.022023015450019626,0.9022334400256748,0.033947945676043215,0.0
0.03002621092639926,0.0574976716705927,0.8772689644522311,0.03520715295077697,0.0
0.0008276744475216371,0.04389167367606764,0.9224706886259663,0.03280996325044449,0.0
0.030126735244793833,0.02042704990998519,0.916235674607589,0.033210540237631994,0.0
0.011566940741746877,0.06083664229301152,0.8932661520154579,0.03433026494978357,0.0
0.05308154420842974,0.010142388072253768,0.9028148809973319,0.03396118672198474,0.0
0.021629611182691445,0.029607793253376823,0.9155443836424013,0.033218211921530384,0.0
0.022276784559423557,0.06366337937810085,0.8789763073658536,0.035083528696621985,0.0
0.008068001074745396,0.03663460856349922,0.9224588701112284,0.03283852025052698,0.0
0.03185274779086334,0.040849462092808736,0.8928893831333488,0.034408406982979284,0.0
0.05807729514748518,0.0389730604672794,0.8671311626329216,0.03581848175231393,0.0
0.07771826527224546,0.007995956899820661,0.8790301952481174,0.035255582579816466,0.0
0.17304486079312015,0.6382720992969814,0.10603129200164725,0.08265174790825128,0.0
0.035700056324124846,0.0038086004594926324,0.9278555044601839,0.03263583875619863,0.0
0.3181167320472119,0.5432211927127513,0.05135147396088613,0.08731060127915069,0.0
0.019321711066228854,0.038860357797409976,0.9082308539468494,0.033587077189511746,0.0
0.7380705392458572,0.13518321669631353,0.036306442197059696,0.09043980186076962,0.0
0.627641932770902,0.19356203019775978,0.09312584735365295,0.08567018967768535,0.0
0.0,0.0,0.0,0.0,1.0
0.66922263781904,0.19944046958664402,0.041631992832827744,0.08970489976148834,0.0
0.06973359335128224,0.013408646914551101,0.8817666865820009,0.035091073152165864,0.0
0.021532747193414824,0.06627820974054072,0.8770047719891678,0.03518427107687659,0.0
0.01198451852584476,0.032790499637199676,0.9223786336317941,0.03284634820516154,0.0
0.0,0.0,0.0,0.0,1.0
0.024663806857749423,0.040050470999540254,0.9013400594558699,0.0339456626868405,0.0
0.01716859247902209,0.04764643975315476,0.9012351145837552,0.033949853184067964,0.0
0.021095084893002877,0.027961974264890162,0.9178398250490974,0.033103115793009515,0.0
0.022350932668611583,0.04256702770344135,0.9011228898666732,0.033959149761273906,0.0
0.0,0.0,0.0,0.0,1.0
0.051864387933432086,0.023026569269650653,0.890512290696354,0.03459675210056312,0.0
0.039921319847671916,0.05867648124078275,0.8655600842242405,0.03584211468730494,0.0
0.0350416762913221,0.0249215317936429,0.9063126832894873,0.03372410862554768,0.0
0.04048749710360885,0.018547516544182224,0.9072736264775119,0.033691359874697124,0.0
0.05653257548072549,0.024933877530043266,0.8835708487767743,0.034962698212457045,0.0
0.0,0.0,0.0,0.0,1.0
0.0,0.0,0.0,0.0,1.0
0.01918381283442603,0.05032795851190814,0.8963043576883488,0.03418387096531705,0.0
0.01304371635901657,0.0316287327824034,0.922483427320016,0.032844123538563995,0.0
0.004097827559496376,0.03653462401345538,0.9267660802457083,0.03260146818134013,0.0
0.01933859695139797,0.026457612830489984,0.9212815313487127,0.03292225886939948,0.0
0.0326664563901153,0.058790498528503585,0.8731137035700863,0.03542934151129479,0.0
0.02857845479023337,0.04014504640500667,0.8970740910973425,0.0342024077074175,0.0
0.05053227216355159,0.006930294370411518,0.9088987788401289,0.03363865462590802,0.0
0.027613783245663763,0.020860299682785678,0.9184386865334635,0.03308723053808704,0.0
0.012342694527745182,0.04532089572830989,0.9088167187954905,0.03351969094845449,0.0
0.01603532182110378,0.0753970571627359,0.8732067638209671,0.03536085719519322,0.0
0.05430915290938946,0.024794998245801385,0.8860813725294049,0.03481447631540438,0.0
0.6177045380353697,0.2793123784834954,0.011216961491883488,0.09176612198925152,0.0
0.020140852932870764,0.03998378548818861,0.906181324772463,0.033694036806477604,0.0
0.007969057191289432,0.07532076089390945,0.8818012492911527,0.034908932623648456,0.0
0.024987249575492962,0.027132830661513327,0.9146067937240968,0.03327312603889698,0.0
0.0478108689853981,0.04089152053154972,0.8759869348193674,0.035310675663684746,0.0
0.058294060540585196,0.026803645170902227,0.8797353384391673,0.03516695584934533,0.0
0.015826410485163415,0.02376381898650759,0.927829990366519,0.032579780161809915,0.0
0.03880716862514168,0.006279031984711266,0.9219726306564435,0.03294116873370356,0.0
0.0254190437763731,0.04030021590675967,0.9002787196216927,0.034002020695174634,0.0
0.048813078830883774,0.03020377766755509,0.8861805917460511,0.03480255175550993,0.0
0.04651036604995115,0.011743215631265175,0.9080729873908456,0.03367343092793814,0.0
0.007744966822541332,0.06548525569289149,0.8924144018368351,0.034355375647732195,0.0
0.007106646548482812,0.04825443325459221,0.9112341716467268,0.03340474855019816,0.0
0.012405584435353386,0.03405142694951553,0.9206053682142616,0.03293762040086947,0.0
0.011918856651196021,0.030056096306096708,0.9253315534527188,0.032693493589988534,0.0
0.023419644630855836,0.02063711391281013,0.9231045435093926,0.032838697946941456,0.0
0.03450018050704165,0.021833210275697394,0.9101576720603954,0.033508937156865544,0.0
0.04036090694339964,0.036481796624634806,0.8884993674476396,0.0346579289843259,0.0
0.7255236679610143,0.1437411999163399,0.04068933170584474,0.09004580041680105,0.0
0.056327298131568636,0.0019799695420448945,0.9079908269200465,0.03370190540633997,0.0
0.0,0.0,0.0,0.0,1.0
0.05313947951515117,0.011056129445598088,0.9017905743153419,0.03401381672390879,0.0
0.025425951210887206,0.019415160817095146,0.9222593091067725,0.0328995788652452,0.0
0.03200763982312886,0.06800975465337204,0.8641105716313888,0.03587203389211034,0.0
0.04445955897421946,0.00433803148597027,0.9180486083699502,0.033153801169860185,0.0
0.055963213806159116,0.024355485162603073,0.8847884112062323,0.034892889825005574,0.0
0.004906702413615122,0.06240477847502033,0.8986618511926279,0.03402666791873672,0.0
0.0306919134059715,0.01192040484222381,0.9246028999532382,0.032784781798566455,0.0
0.024922657943099846,0.01935868401456419,0.9228631787022132,0.0328554793401227,0.0
0.006875094113977807,0.052428643290662984,0.9070896453568569,0.03360661723850242,0.0
0.05543745623745779,0.012179186429941419,0.8981878543336449,0.03419550299895594,0.0
0.0,0.0,0.0,0.0,1.0
0.059418177610290626,0.03524848349117047,0.8696592227467952,0.035674116151743554,0.0
0.058893458964080304,0.013046553401768796,0.8936101400687461,0.034449847565404826,0.0
0.05140206190778953,0.015847838357505743,0.8985765128125952,0.03417358692210953,0.0
0.002289735762064099,0.08842477907295362,0.8739900391565865,0.035295446008395896,0.0
0.36856216657699603,0.4861358314276587,0.05826690043956479,0.08703510155578037,0.0
0.30088639784450355,0.5407516376292416,0.0727061162649074,0.08565584826134746,0.0
0.033166214936027595,0.023403691215776175,0.909886901168441,0.033543192679755245,0.0
0.01394919022549708,0.030425124470767444,0.9227947527766726,0.03283093252706289,0.0
0.022931856958981155,0.05169179199571972,0.8908910049268158,0.03448534611848338,0.0
0.026762016165693514,0.01502477930803617,0.9254743192817382,0.032738885244532195,0.0
0.207620298612322,0.6334721235580812,0.07375956388847851,0.08514801394111825,0.0
0.0028649224373078056,0.04250824810338191,0.9217758666700593,0.0328509627892511,0.0
0.07438579444602499,0.0050516501369613975,0.8856712388709969,0.03489131654601678,0.0
0.018732248616062725,0.023986803217111594,0.9245240908857776,0.03275685728104799,0.0
0.02522693411219513,0.012884443302483369,0.9293607602957962,0.032527862289525276,0.0
0.03959861487172303,0.004917558518834828,0.922568172620233,0.032915653989209044,0.0
0.07862166366527508,0.0011382327577603882,0.8853056381536766,0.03493446542328798,0.0
0.05184338434871826,0.032508301401075586,0.88054661034135,0.035101703908856224,0.0
0.01561842514006272,0.8886488222565111,0.006512634655890078,0.08922011794753612,0.0
0.0,0.0,0.0,0.0,1.0
0.013246642948889678,0.06160031795496689,0.8906929795146425,0.034460059581500925,0.0
0.03367845837186111,0.0186405407425586,0.9143616698129071,0.033319331072673104,0.0
0.018614630418869283,0.0268349039380232,0.9216527629180294,0.032897702725078144,0.0
0.0041407649997336395,0.08107576839543074,0.8797814116407536,0.03500205496408208,0.0
0.0665288472333232,0.01921394452768693,0.8790488864948299,0.0352083217441598,0.0
0.03190794735389808,0.01824432736607854,0.9166485125169455,0.03319921276307794,0.0
0.011272710594614306,0.04815622082289801,0.9069444509939639,0.033626617588523866,0.0
0.1439795588011911,0.7192145449593097,0.05022603335058157,0.08657986288891771,0.0
0.03612204114392515,0.007759958476863674,0.9232466961486815,0.032871304230529794,0.0
0.0442343106789702,0.021527423539870708,0.9001709391026421,0.034067326678516974,0.0
0.03495211779296849,0.0018739967393533055,0.9306857636892448,0.032488121778433375,0.0
0.05899178414852961,0.03610600193664117,0.8691924119546917,0.035709801960137684,0.0
0.014384672851548031,0.06194014932597707,0.8891241554315171,0.034551022390957795,0.0
0.02245320351236753,0.04705480685337959,0.8962961708693158,0.03419581876493718,0.0
0.008931552291313113,0.030939184789548824,0.9275539233227644,0.03257533959637365,0.0
0.05086172009415864,0.010725264412788154,0.9045466108546856,0.03386640463836763,0.0
0.007722841832973943,0.07571788721185937,0.8816426855819991,0.03491658537316755,0.0
0.027984072420490544,0.024372681229084245,0.914348651527828,0.03329459482259721,0.0
0.0077179694181054226,0.08819354237633759,0.8685090308614994,0.035579457344057513,0.0
0.03164438435915183,0.05037920977760142,0.8830631619574618,0.0349132439057849,0.0
0.06382441091555113,0.0010959210860153421,0.9009770677710893,0.03410260022734421,0.0
0.03161457650191697,0.010750469648874527,0.9248557881890301,0.032779165660178425,0.0
0.011869724527409017,0.05258588997059773,0.9016500434761329,0.03389434202586041,0.0
0.010696964849885483,0.07675242867241966,0.877408736414725,0.03514187006296982,0.0
0.0066781055287663555,0.03785462571290216,0.9226469449852778,0.03282032377305379,0.0
0.012394963459210507,0.03052381135564347,0.9243327120589881,0.03274851312615787,0.0
0.010518599959271738,0.03333419680095749,0.9233471850125179,0.03280001822725289,0.0
0.039046960087539336,0.001299497067583726,0.9269612887070923,0.032692254137784676,0.0
0.6283972744473685,0.1881479140480251,0.098149607887905,0.08530520361670127,0.0
0.033229896194095554,0.05716529148016148,0.8742513975212945,0.0353534148044484,0.0
0.00496649918954943,0.037423149900992846,0.9249123168190593,0.0326980340903984,0.0
0.04898783163834385,0.023157830054059768,0.8934160022518877,0.0344383360557087,0.0
0.04674006793663019,0.004462384621719663,0.9155087059557419,0.033288841485908244,0.0
0.035495301584327385,0.03690467819631322,0.8931968178037815,0.03440320241557794,0.0
0.028767871090140982,0.01709708656217886,0.9211839505309504,0.03295109181672984,0.0
0.019037801491194533,0.028884722413849335,0.9190455942470449,0.03303188184791107,0.0
0.03923852181737704,0.00634652785768978,0.9214432265948512,0.03297172373008196,0.0
0.3834527139469497,0.4268176978053345,0.10613090583426461,0.08359868241345124,0.0
0.004500785583133883,0.035690467285361516,0.9272321303530703,0.03257661677843439,0.0
0.02378612688085534,0.03271792689380559,0.9099852563177768,0.033510689907562265,0.0
0.003548426331501811,0.05880221239080276,0.9039004417048463,0.03374891957284921,0.0
0.04437240424559326,0.023399050024114104,0.898061187358424,0.03416735837186867,0.0
0.0413930582682616,0.024383284120828397,0.9001693258786233,0.0340543317322867,0.0
0.010669322406817873,0.03594934417739304,0.9204401997814827,0.03294113363430638,0.0
0.026755762865289787,0.04320364875259737,0.8957977604554327,0.03424282792668021,0.0
0.0740741711338274,0.022634349561194395,0.8674468243874199,0.0358446549175583,0.0
0.024279172663376966,0.022762318359353825,0.9199586199042638,0.032999889073005405,0.0
0.050159884796663085,0.8390847279026128,0.022568991097123948,0.08818639620360025,0.0
0.02117123581547019,0.01892411450998845,0.9272780389423648,0.032626610732176604,0.0
0.02758477988842426,0.014786952735120736,0.9248633525851246,0.03276491479133034,0.0
0.061107374679247525,0.025691162309214192,0.8779380113033941,0.03526345170814414,0.0
0.0015385254927450928,0.05161702650539141,0.9135807640453936,0.03326368395646998,0.0
0.027849615832055835,0.03572315962548311,0.9025239612484095,0.03390326329405156,0.0
0.018651677309300084,0.03044051549937461,0.9178103682432436,0.033097438948081745,0.0
0.02663264017388228,0.029915332369506664,0.9099369058728267,0.03351512158378435,0.0
0.034607560169496614,0.025393625868033325,0.9062673723558017,0.033731441606668425,0.0
0.004962267305523314,0.051994180806949744,0.9095695609172134,0.03347399097031359,0.0
0.13267496671776033,0.73400616488023,0.046518586021774576,0.08680028238023517,0.0
0.04323074995873569,0.00560853060422517,0.9180026260342998,0.03315809340273933,0.0
0.05393753363105258,0.007246108674665309,0.9049625951349795,0.03385376255930256,0.0
0.007694579903905268,0.043876399964471985,0.9152363236755666,0.03319269645605614,0.0
0.35253473432196797,0.5002016908294971,0.06046643313983204,0.08679714170870298,0.0
0.41828259141579466,0.44005858031839706,0.054079771282580034,0.0875790569832281,0.0
0.003258083361624867,0.08121875618414282,0.8805640252846434,0.03495913516958888,0.0
0.028286126760700407,0.06598066153601505,0.8701639989155007,0.03556921278778387,0.0
0.021633976688718057,0.02678343543593463,0.9185097467906911,0.033072841084656274,0.0
0.010317016360046475,0.029665012433813108,0.9274324719620183,0.032585499244122164,0.0
0.01792408087231624,0.047850383355473786,0.9002337609110528,0.03399177486115725,0.0
0.0,0.0,0.0,0.0,1.0
0.002348588836930455,0.8415811362852919,0.07171447765909375,0.08435579721868403,0.0
0.5554919608315577,0.26639882939450804,0.09274477359570318,0.08536443617823108,0.0
0.1652730067142447,0.6924053184904612,0.056074682158808294,0.08624699263648579,0.0
0.0,0.0,0.0,0.0,1.0
0.006007032854312595,0.8940345853838171,0.011128097696779197,0.08883028406509108,0.0
0.018387194686866414,0.028811312936044036,0.9198061118234655,0.03299538055362404,0.0
0.0374767144461423,0.023009097885296245,0.9057599715631658,0.03375421610539571,0.0
0.02791443617008159,0.010950267574251877,0.9285566055000104,0.032578690755656114,0.0
0.0167352314806488,0.060029773690102844,0.888652875954945,0.03458211887430335,0.0
0.0,0.0,0.0,0.0,1.0
0.011436383255227129,0.06062019734491126,0.8936288346451433,0.03431458475471825,0.0
0.01280877015681396,0.07813756784810523,0.8737279190111216,0.03532574298395935,0.0
0.05787709530273414,0.02401113923620989,0.8831148993118524,0.03499686614920364,0.0
0.011243576556281944,0.0399516777873624,0.9156168132789729,0.033187932377382795,0.0
0.019275425080321918,0.042688860510278114,0.9042528601899075,0.033782854219492404,0.0
0.003788649353986623,0.09636584948567052,0.864023007280782,0.03582249387956098,0.0
0.013838708013092593,0.04341795536663318,0.9092224448767677,0.033520891743506476,0.0
0.046877157717884706,0.024971951526409276,0.893757898672812,0.034392992082894036,0.0
0.04750327050226431,0.023188132578801375,0.8949595208917126,0.03434907602722175,0.0
0.010276841508913205,0.03193588852249524,0.9250828511821053,0.03270441878648623,0.0
0.031100760187345373,0.06062557524053123,0.8728519603281251,0.035421704243998355,0.0
0.011535352790166247,0.04624202290068305,0.9086732790502747,0.033549345258876,0.0
0.03654262991888296,0.038929704521793555,0.8899589264145077,0.03456873914481582,0.0
0.018785216680258315,0.07744940715236984,0.8681097706151697,0.03565560555220221,0.0
0.013913000779285293,0.039447452577760424,0.9133284047535614,0.03331114188939294,0.0
0.04689212291500924,0.033512868006861735,0.884732366271597,0.03486264280653199,0.0
0.009485973106289108,0.059413135281118974,0.8969662151424439,0.0341346764701481,0.0
0.029052253056859906,0.017388605160625004,0.9205721650309162,0.03298697675159893,0.0
0.021950604315078927,0.030542474121633363,0.9142172019395112,0.033289719623776616,0.0
0.08576527096905791,0.003245364646332846,0.8755291595981123,0.03546020478649703,0.0
0.00971513468366948,0.032298190919287664,0.9252945817231439,0.032692092673898984,0.0
0.05633338327483367,0.012885089606923352,0.8964976963166673,0.03428383080157569,0.0
0.5285686739635505,0.31089172896398876,0.0739134692927797,0.08662612777968112,0.0
0.0,0.0,0.0,0.0,1.0
0.04467590682341218,0.019095713288939966,0.9022742373200862,0.03395414256756164,0.0
0.0073388094038888485,0.03746086817543192,0.9223663955252048,0.03283392689547436,0.0
0.02734606415622245,0.044296256910820966,0.8940116277690866,0.03434605116386996,0.0
0.03212988267304022,0.023131351880382667,0.9112889534267925,0.03344981201978462,0.0
0.5671524348543331,0.2865777878823783,0.058302636762275185,0.08796714050101333,0.0
0.006897273512779861,0.08867239576255903,0.8688738779720531,0.035556452752608075,0.0
0.048886183446759886,0.0065050329087654535,0.9110819478006826,0.033526835843792124,0.0
0.04027835350336342,0.03316668061327728,0.8920842246342376,0.03447074124912174,0.0
0.0006360619696676608,0.0419820565498576,0.9246847518173678,0.03269712966310702,0.0
0.004749363516187953,0.03918821883496435,0.9232824940229652,0.03277992362588256,0.0
0.0015847937569248975,0.042804256775178115,0.922813945216792,0.03279700425110504,0.0
0.01360223793047526,0.025985572399215538,0.9278378678207369,0.032574321849572374,0.0
0.007985884194092362,0.03298366713884103,0.9263945383514415,0.032635910315625155,0.0
0.04503426992546974,0.0390923277926564,0.8808113871704226,0.03506201511145128,0.0
0.493843523168594,0.3739749534659169,0.04345290946295899,0.08872861390253016,0.0
0.03507574783937455,0.012341960009725747,0.9195249605975994,0.03305733155330035,0.0
0.43331236108761517,0.3813091390741494,0.10119384033295171,0.08418465950528371,0.0
0.28366440079736766,0.5471946984502117,0.0844220262326762,0.08471887451974448,0.0
0.038859944942375026,0.002552311661277144,0.9258351985204168,0.03275254487593102,0.0
0.026473239824087964,0.0320540568940987,0.9078514213559218,0.03362128192589161,0.0
0.6766505066759141,0.21096277817526066,0.02108812245160008,0.09129859269722519,0.0
0.03976149913142754,0.003444055614477616,0.9239481395324277,0.03284630572166717,0.0
0.014572202289370331,0.02661872803568665,0.9261433244557334,0.0326657452192096,0.0
0.04710896507756191,0.007794573552663993,0.9116049833550051,0.033491478014769004,0.0
0.019751714372564077,0.025587031495759197,0.9217613276348079,0.03289992649686884,0.0
0.01744216945795483,0.0358126866357884,0.913442028064428,0.03330311584182873,0.0
0.326025980917967,0.5779561537417001,0.005211882166733114,0.09080598317359997,0.0
0.02131397195975258,0.04296310396003565,0.9018032750938457,0.033919648986365986,0.0
0.017283661696517565,0.043744947422921614,0.9052372365400799,0.033734154340480875,0.0
0.2938882850225462,0.5320794770222562,0.08964585765706831,0.0843863802981293,0.0
0.5849639352875711,0.2816769016507182,0.044255534847608566,0.08910362821410224,0.0
0.03537897073806385,0.03176297238914159,0.8987457549017196,0.03411230197107501,0.0
0.02172886325931934,0.06471943076125747,0.8784119031572263,0.03513980282219689,0.0
0.04310912565438748,0.02411267854298976,0.8986402603736587,0.03413793542896406,0.0
0.04698827317352396,0.00985989520548826,0.9095524318159551,0.03359939980503273,0.0
0.005958965224270597,0.048081399869876994,0.9126352959576977,0.03332433894815481,0.0
0.039729855967766285,0.008915226300913362,0.9182177588790804,0.03313715885223986,0.0
0.017945306578048378,0.044636494257735325,0.9036003574084017,0.033817841755814634,0.0
0.006740909209862173,0.042923775485709366,0.9172430135022713,0.03309230180215722,0.0
0.03236715150231147,0.06799129218563982,0.8637265893935727,0.03591496691847598,0.0
0.05165323852166027,0.016874019865078266,0.8972452456088623,0.034227496004399144,0.0
0.03798057881631574,0.01820895813207818,0.9102707719530695,0.03353969109853659,0.0
0.022665738654621816,0.04883450606730745,0.8941789749573984,0.03432078032067229,0.0
0.06117068065222319,0.03153608542812419,0.8717076298512163,0.035585604068436416,0.0
0.025453835804137893,0.07181049271762976,0.8670271718860626,0.03570849959216972,0.0
0.017020832542412146,0.8829670442670001,0.011130149743640034,0.08888197344694779,0.0
0.048208209087501286,0.023089602605114362,0.8943197723171189,0.03438241599026555,0.0
0.021471499197406027,0.02098658491565827,0.9247906007701551,0.03275131511678069,0.0
0.007521031112712972,0.03568846252125177,0.9240395467286197,0.03275095963741559,0.0
0.03944169490306337,0.007805946988890538,0.9196917575118493,0.0330606005961967,0.0
0.01431100143655986,0.0851718031068869,0.8647062663514091,0.0358109291051441,0.0
0.22607948374245515,0.623988933057675,0.06398218903331526,0.08594939416655457,0.0
0.021378435602347045,0.027762872608835795,0.9177549600696422,0.03310373171917505,0.0
0.016172273070314783,0.033792544376045626,0.9168984344241674,0.03313674812947223,0.0
0.05351749961795884,0.03356840969766646,0.8776637885421122,0.035250302142262456,0.0
0.00300502954456275,0.04016160376738359,0.924093328758102,0.032740037929951636,0.0
0.010052689462807981,0.04227870288045408,0.9144286613114948,0.03323994634524317,0.0
0.046955421105728194,0.01615085721712719,0.9029602168068083,0.03393350487033631,0.0
0.015594827562798258,0.025065099103520616,0.9267025921651352,0.032637481168545875,0.0
0.06929119165142425,0.014669754832850154,0.880904842179338,0.035134211336387625,0.0
0.0005801940970835985,0.05176419636494986,0.9144431840851107,0.03321242545285583,0.0
0.0011635467733960465,0.0575208457460122,0.9077564294047792,0.03355917807581253,0.0
0.18874635555855526,0.6322136981654743,0.0955617234816105,0.08347822279435996,0.0
0.009443276228505795,0.04311794429942085,0.914183111731045,0.03325566774102829,0.0
0.04436986014319286,0.007816650650652745,0.9144724546757792,0.03334103453037522,0.0
0.022613101555879485,0.020904619100679374,0.9236624971495342,0.03281978219390691,0.0
0.010696365623764163,0.06724904571002471,0.8874269554109964,0.03462763325521473,0.0
0.0,0.0,0.0,0.0,1.0
0.01785166087978303,0.04942752448085023,0.8986478936279589,0.03407292101140783,0.0
0.6273652415240122,0.21795116626571562,0.06708786122088888,0.0875957309893833,0.0
0.01030252815878959,0.048527358330726585,0.9075772442499526,0.03359286926053126,0.0
0.37455638219892184,0.524902135360597,0.009853657206868078,0.09068782523361296,0.0
0.0513985340627785,0.035664176478240606,0.8777056409480507,0.035231648510930184,0.0
0.02397534207232455,0.049054334443494,0.8925683343513621,0.03440198913281938,0.0
0.029998825684130544,0.020291685484752374,0.9165189558113631,0.033190533019753964,0.0
0.0,0.0,0.0,0.0,1.0
0.016729202460168978,0.031748575105070106,0.9184634450469392,0.03305877738782168,0.0
0.041331521146158144,0.0021913483774654084,0.9236140166562158,0.03286311382016069,0.0
0.004390393122186146,0.06529069725276962,0.8961677650399029,0.034151144585141374,0.0
0.018140672719701986,0.029151806078101427,0.9197079019890684,0.03299961921312825,0.0
0.017938190970193012,0.05392042895699687,0.8938210605418936,0.034320319530916625,0.0
0.05724944006500648,0.034580362311254415,0.8726642852450952,0.03550591237864383,0.0
0.17177901284048633,0.693383172517899,0.04796165563424381,0.08687615900737085,0.0
0.01574959155996265,0.024526506278598117,0.9271062736972038,0.03261762846423543,0.0
0.01223759216845714,0.03546052224101088,0.9192930124541439,0.03300887313638817,0.0
0.028207097889768128,0.033544828616454726,0.9044396435687002,0.033808429925076953,0.0
0.29965701587353466,0.5417958850157026,0.0729119279129299,0.08563517119783277,0.0
0.6717689404557572,0.20939118370208346,0.028097931343528757,0.09074194449863059,0.0
0.019282127179542734,0.0607110488893483,0.8852419823327066,0.03476484159840245,0.0
0.18308356279064236,0.6994213228415266,0.029172323411355883,0.08832279095647527,0.0
0.010042827950397348,0.03468060583389901,0.9224415022141442,0.032835064001559486,0.0
0.47277875880350073,0.41154047459315357,0.02571899385779149,0.08996177274555418,0.0
0.051094893263497344,0.011835090909302739,0.9031308612783484,0.03393915454885138,0.0
0.02624220931199477,0.034070615390979636,0.9059645517074245,0.033722623589601104,0.0
0.0505695815351123,0.8050964221605753,0.058819049642293134,0.08551494666201925,0.0
0.03894040242321965,0.04774167918460201,0.8781333084081732,0.03518460998400519,0.0
0.04843997522125825,0.0023382175874176025,0.915950231974632,0.03327157521669212,0.0
0.060292249935342046,0.002986076644706687,0.9027485380566345,0.03397313536331676,0.0
0.023945234093059667,0.017422087831497905,0.925932342871433,0.03270033520400936,0.0
0.03835700609255408,0.05071123760377419,0.8756199212492124,0.03531183505445933,0.0
0.0159480690983779,0.0231719050865461,0.9283236010798342,0.03255642473524184,0.0
0.04019360794051432,0.032191516686671494,0.8931982091695239,0.03441666620329026,0.0
0.02841210461612743,0.0192784980943956,0.9192609740653593,0.0330484232241177,0.0
0.007865148548762354,0.08059292303106752,0.8763528393678515,0.03518908905231876,0.0
0.07121788449890731,0.014681236159775252,0.8788694687707284,0.03523141057058912,0.0
0.002795914146565959,0.039533399611267075,0.9249737238625647,0.03269696237960235,0.0
0.3496050472694564,0.5169260749562219,0.045581017276391946,0.08788786049792971,0.0
0.04368264576140918,0.7929283883815411,0.07940304417781929,0.08398592167923044,0.0
0.031896714593514425,0.025705358049614737,0.9088058855648327,0.033592041792038216,0.0
0.04118237101311712,0.003867063238003991,0.9220059204472719,0.03294464530160705,0.0
0.04539420968937677,0.007423012064239442,0.9138047855164305,0.03337799272995318,0.0
0.0037728714928872047,0.08429204980978199,0.8767620278441858,0.03517305085314503,0.0
0.03529296033303166,0.009206610530487118,0.9225984658258314,0.03290196331064989,0.0
0.056429643413952485,0.011241870023237302,0.898131804127756,0.0341966824350543,0.0
0.03524666606298721,0.027514782999742405,0.9033658086939798,0.0338727422432906,0.0
0.033115324740273774,0.02756012495531411,0.9055707682670849,0.033753782037327165,0.0
0.04319708267525927,0.04538561090307603,0.8761120899667152,0.035305216454949495,0.0
0.27436485299952185,0.5664395622156113,0.07373913538310929,0.0854564494017576,0.0
0.04223379006617887,0.02776467598185684,0.8957076398317647,0.03429389412019956,0.0
0.062364965198998354,0.023577142238056962,0.878837224427353,0.03522066813559175,0.0
0.07631594264554604,0.009613616616070141,0.8788064976495862,0.03526394308879771,0.0
0.0006463052587191307,0.05909583461447357,0.9066431965845312,0.033614663542275984,0.0
0.04079631137941596,0.01657418998100736,0.9090209066046993,0.03360859203487746,0.0
0.0,0.0,0.0,0.0,1.0
0.12342324898084839,0.6876111849684162,0.10657526520913602,0.08239030084159947,0.0
0.03701362488875354,0.01771195085876768,0.9118110575257492,0.033463366726729664,0.0
0.05597373369335008,0.0012572005199309765,0.9091219146465364,0.03364715114018252,0.0
0.07387075418300072,0.00261767030613685,0.8887698855948024,0.03474168991605992,0.0
0.008145425567587114,0.0555315126289576,0.9024738759112009,0.03384918589225433,0.0
0.028641516527875853,0.02422325771521734,0.9138052693549854,0.03332995640192133,0.0
0.0042297302722520665,0.04001327604330083,0.9229623163353271,0.03279467734912004,0.0
0.0216056566232353,0.02014996036492567,0.9255328833506913,0.03271149966114777,0.0
0.0021815031877413507,0.06236812850434551,0.9015962782591725,0.03385409004874067,0.0
0.7208199573347136,0.14593893926898296,0.04342363193473095,0.08981747146157243,0.0
0.49667283114908156,0.3952384158929696,0.017381183021709545,0.09070756993623934,0.0
0.6177050761889433,0.25073360717344767,0.042142056003964964,0.08941926063364407,0.0
0.022056498358821997,0.8668949561435816,0.023029536713504307,0.08801900878409215,0.0
0.011335762427064244,0.030261243131439276,0.9257281336841002,0.032674860757396264,0.0
0.3975502927232548,0.44595076616126744,0.07021008197012117,0.08628885914535657,0.0
0.007409553392492464,0.04108151349800967,0.9184774418635877,0.03303149124591026,0.0
0.07660879326549844,0.008063649291318859,0.8801320707401712,0.035195486703011605,0.0
0.06549476052089348,0.016700399133574628,0.882778354720138,0.03502648562539387,0.0
0.004305184393792676,0.04113659476271561,0.9216992516964033,0.03285896914708846,0.0
0.04337803413461031,0.030747398070569358,0.8913497861728125,0.034524781622007936,0.0
0.011227846473513433,0.888270620553365,0.011689568673355319,0.08881196429976629,0.0
0.05600620392210662,0.0048110156008406525,0.9053424474856067,0.03384033299144602,0.0
0.04724932702960008,0.0254497088847178,0.8928494830886695,0.03445148099701273,0.0
0.025560656327248684,0.015535242401564755,0.9262122024433307,0.03269189882785585,0.0
0.014443724556261903,0.05304392577507826,0.8984386206829549,0.034073728985704994,0.0
0.004706501314137358,0.05784022626360783,0.9036755746623979,0.033777697759856916,0.0
0.023087314853538436,0.019335939746010364,0.9248225748430595,0.0327541705573917,0.0
0.017448597545022856,0.027534920889212125,0.9221424784054613,0.032874003160303755,0.0
0.013354193824868838,0.05468281229279256,0.897863087964054,0.0340999059182846,0.0
0.016096952706334915,0.07766201321506352,0.8707370127719174,0.03550402130668424,0.0
0.04821812337539934,0.04314568550366182,0.8731639106484451,0.035472280472493775,0.0
0.01802919435222089,0.0508458264401859,0.8969655478859442,0.034159431321649066,0.0
0.01497888707312301,0.03807741916888901,0.9136503021782444,0.033293391579743474,0.0
0.0105989776995477,0.05004686145872142,0.9056643382116799,0.033689822630050895,0.0
0.0,0.0,0.0,0.0,1.0
0.02426988594963697,0.04171141011514356,0.8999964672845947,0.03402223665062475,0.0
0.005801752062394315,0.047763552748041616,0.91314953282795,0.0332851623616141,0.0
0.036628057904087616,0.014252431974733706,0.9158719338253026,0.03324757629587605,0.0
0.04327338833079348,0.002089281497643205,0.9216722576439248,0.03296507252763862,0.0
0.02325184148142429,0.021581179560493925,0.922287651143956,0.03287932781412577,0.0
0.05850239530751207,0.015772155321292905,0.891145675803045,0.03457977356815001,0.0
0.017727333375667585,0.03769138900162521,0.9111438959517385,0.03343738167096872,0.0
0.0008269831200642553,0.06909674835713836,0.8958995558238435,0.03417671269895378,0.0
0.007458281036173976,0.06346942292424088,0.8948407647011869,0.034231531338398326,0.0
0.01584536270109869,0.028811459371965033,0.9224955888591613,0.032847589067775074,0.0
0.00799532758324808,0.055744236910617195,0.9024085118836538,0.033851923622480934,0.0
0.006356976972052564,0.0740256705909755,0.884880122229555,0.03473723020741691,0.0
0.04355649843173346,0.011492052784511972,0.9114593180191338,0.03349213076462082,0.0
0.008265287337790991,0.04658362836156769,0.9117821187196902,0.0333689655809511,0.0
0.027616529937273905,0.02826366998514496,0.9106312961825994,0.033488503894981744,0.0
0.02298662857017234,0.04093714085244473,0.90215249640704,0.0339237341703429,0.0
0.7466861460555819,0.084850987512547,0.08136597284064846,0.08709689359122261,0.0
0.04149620852969743,0.03614371468870202,0.8876526854924736,0.03470739128912709,0.0
0.04866839109483913,0.001884495455425644,0.9161775650823488,0.03326954836738645,0.0
0.03683890438783351,0.01482404296892493,0.9150415600725004,0.03329549257074115,0.0
0.0015139072966347405,0.08656193205598701,0.8767745407500744,0.03514961989730379,0.0
0.0405087904941493,0.032632097865223114,0.8924171695939123,0.034441942046715454,0.0
0.010304648266763456,0.044820091392998355,0.911479426176424,0.03339583416381418,0.0
0.0209142577419377,0.0265813735219647,0.9194928213764151,0.033011547359682585,0.0
0.010651592582857278,0.07088450307865604,0.8836417272113611,0.03482217712712556,0.0
0.013921602714780722,0.05798098231764009,0.8937898120104654,0.03430760295711395,0.0
0.02226926834584458,0.03768615752358852,0.9063528582086654,0.03369171592190156,0.0
0.0,0.0,0.0,0.0,1.0
0.009904117038578937,0.05983079849720967,0.8960854261547903,0.03417965830942118,0.0
0.03783104256869185,0.009919753799944088,0.9191636473346496,0.03308555629671453,0.0
0.008922574739423357,0.05588004187828573,0.9012921650250327,0.03390521835725817,0.0
0.035529218227182933,0.015244281513524317,0.9159879857691031,0.03323851449018969,0.0
0.2946898208212454,0.6019779734907971,0.013286934869163337,0.09004527081879413,0.0
0.046086180565621394,0.030901226549944164,0.8883393029355942,0.03467328994884022,0.0
0.053796330125137695,0.008603039638606634,0.9036816914224661,0.033918938813789566,0.0
0.01696321798936506,0.054957688353444695,0.893771829755447,0.034307263901743254,0.0
0.03754198186016063,0.009463846840411945,0.9199491217092423,0.0330450495901852,0.0
0.024427307340487158,0.013358210141350703,0.9297037890808162,0.032510693437345965,0.0
0.009161233577249784,0.09185450536779304,0.8631056315671184,0.03587862948783889,0.0
0.0712937935059133,0.004033436884443712,0.8900093400854223,0.03466342952422061,0.0
0.0,0.0,0.0,0.00012561630636370534,0.9998743836936363
0.01733510793679876,0.02781077818471055,0.9219755719750953,0.03287854190339547,0.0
0.02971932920321093,0.013528504913132192,0.9239283072480329,0.032823858635624016,0.0
0.041093253495621714,0.03873583789178887,0.8853587795356931,0.03481212907689641,0.0
0.03747607150731954,0.0032856405775766404,0.9265295054394805,0.032708782475623255,0.0
0.05263305118160376,0.013495933923287098,0.8997553631498315,0.0341156517452777,0.0
0.0,0.0,0.0,0.0,1.0
0.06496873708373739,0.02144760255593878,0.8783290747787429,0.03525458558158088,0.0
0.06540908119029071,0.017506852786343775,0.8820188990010671,0.03506516702229849,0.0
0.05157819838000589,0.043776042790111554,0.8689578778534837,0.035687880976398904,0.0
0.6471017932784661,0.17690431381446195,0.0900025250653534,0.0859913678417186,0.0
0.03900531455690187,0.029841381511791474,0.896931509319387,0.03422179461191968,0.0
0.02769982306618166,0.03225422319857241,0.9063460610496148,0.033699892685631165,0.0
0.07239893862276783,0.0003955453208497073,0.8926641720471599,0.0345413440092226,0.0
0.04622974852048083,0.008807102404323034,0.9114564848991039,0.033506664176092146,0.0
0.032732251932891164,0.03152205352131969,0.9017908744495774,0.03395482009621176,0.0
0.04459268402343461,0.037176196615072564,0.8833040273157534,0.034927092045739516,0.0
0.017425717203477728,0.022092222979204646,0.9279000938692881,0.032581965948029576,0.0
0.024389931101639447,0.0598636371282791,0.8807470950950015,0.03499933667507998,0.0
0.004245509746521098,0.03875036917745143,0.9242786671667103,0.03272545390931729,0.0
0.025465660232893567,0.025224418658382982,0.9161117192490071,0.033198201859716385,0.0
0.001146321880244088,0.08865521233422118,0.8749394091866233,0.035259056598911515,0.0
0.02952441625857044,0.03664773174798338,0.8997922829407505,0.03403556905269562,0.0
0.04973364057237756,0.8325947196291852,0.030041410475216298,0.08763022932322098,0.0
0.2954505574448736,0.5601249771006429,0.05768989905582305,0.08673456639866046,0.0
0.0034986586218983696,0.03731461327359655,0.926577399669932,0.03260932843457314,0.0
0.058175343174272975,0.0034365035633900933,0.9045013998432296,0.033886753419107254,0.0
0.019283406531259942,0.0355275610333061,0.9118019076479517,0.03338712478748234,0.0
0.0349758908040268,0.017104269422661647,0.9146127816206262,0.03330705815268542,0.0
0.04825115505869677,0.005674993424059188,0.9126227196558597,0.03345113186138437,0.0
0.01170228652058594,0.8454862868038178,0.057368512868146954,0.08544291380744945,0.0
0.4647405518004849,0.4239475961584961,0.021034107097265543,0.09027774494375351,0.0
0.04811010104280126,0.003613162648942713,0.9149356352101238,0.03334110109813229,0.0
0.0414576544703496,0.008832294975760777,0.9164807547541262,0.033229295799763546,0.0
0.11667314393416549,0.699572258054674,0.10099399305290137,0.08276060495825918,0.0
0.0,0.0,0.0,0.0,1.0
0.031260030285165274,0.06491106654778432,0.8681462978416497,0.03568260532540077,0.0
0.08036006994923761,0.004647529064423585,0.8797878695620379,0.035204531424300876,0.0
0.03850506236387336,0.056711137153445106,0.8691475590509378,0.03563624143174375,0.0
0.0517604798934192,0.03023144876084615,0.8830350531933444,0.03497301815239031,0.0
0.011356526515479451,0.05066863774228037,0.9042050202771915,0.033769815465048675,0.0
0.007907017096802877,0.03453034187582159,0.9248485222556037,0.03271411877177193,0.0
0.5368361275119198,0.3488931504845939,0.023859099105714154,0.09041162289777216,0.0
0.02942819577768583,0.020496268844984768,0.916898631504657,0.03317690387267234,0.0
0.020351952233685956,0.02084570972555174,0.9261218409258061,0.03268049711495629,0.0
0.06061248235553346,0.02305952173176396,0.8812363791465029,0.03509161676619976,0.0
0.007117827373943755,0.8839960078674262,0.020768352752561378,0.08811781200606869,0.0
0.040027693413550995,0.0021673847479069114,0.9250160591175797,0.032788862720962396,0.0
0.021235508068839865,0.057219266938048505,0.8868610506346551,0.034684174358456554,0.0
0.035411692805741135,0.0034413113065316484,0.9285465030871388,0.03260049280058848,0.0
0.02921476963805453,0.013601463084822444,0.924390147788292,0.032793619488831104,0.0
0.08082693888912013,0.8080301441742851,0.02283103036877036,0.08831188656782449,0.0
0.0388563614892567,0.003494980087562586,0.9248508219010438,0.032797836522136845,0.0
0.0378373431163895,0.06091848412439652,0.8654001655731887,0.03584400718602533,0.0
0.048168502794718265,0.04881467226320961,0.8672374605739951,0.03577936436807705,0.0
0.08590201153595835,0.008451050792321134,0.8698944685797819,0.03575246909193865,0.0
0.014830374936908607,0.07023128309833554,0.8799118969937842,0.03502644497097168,0.0
0.2775139894451049,0.5613713145070013,0.07579298080594209,0.08532171524195178,0.0
0.00028450582580734525,0.05470408416561174,0.9116532580691531,0.03335815193942783,0.0
0.059071633041232856,0.825007448185761,0.028103910489332824,0.08781700828367334,0.0
0.4907402274858297,0.4055681161287034,0.012652762018339243,0.0910388943671276,0.0
0.002477396199980198,0.07117259300967946,0.8919800563395893,0.034369954450750986,0.0
0.021794673503282323,0.0169315623631986,0.9287208177858787,0.03255294634764047,0.0
0.00941732519255234,0.03251371206766374,0.9253821633914789,0.03268679934830495,0.0
0.005018096776949905,0.04908645033601092,0.9125704696132493,0.03332498327378989,0.0
0.076539189662058,0.00851783250580228,0.8797267787380165,0.03521619909412319,0.0
0.042009690046089725,0.00884174937914868,0.9158830476073188,0.033265512967442804,0.0
0.038167999504672506,0.018789315420354707,0.9094668542031825,0.03357583087179029,0.0
0.013412005850874447,0.044027589501211245,0.9090374756851903,0.033522928962723804,0.0
0.05102829814758248,0.04728276830262789,0.8658281156241295,0.03586081792566009,0.0
0.030142239335222747,0.05125467561395213,0.8837129218531069,0.03489016319771819,0.0
0.029830142437780295,0.831235050613234,0.053096207587238584,0.08583859936174723,0.0
0.49363835150230095,0.33502639542389984,0.08574344512274658,0.08559180795105266,0.0
0.0,0.0,0.0,0.00010281295384435927,0.9998971870461556
0.004457997272389213,0.04409516070409609,0.918421003770361,0.03302583825315377,0.0
0.026740713879667824,0.8307653897077342,0.056951139203942555,0.08554275720865555,0.0
0.01788505907210352,0.04413741230167149,0.9041879152581181,0.033789613368106805,0.0
0.012649252753050337,0.06796456760348477,0.8846080444156285,0.034778135227836404,0.0
0.027766578394949035,0.8080478763840633,0.08033864394582466,0.08384690127516306,0.0
0.004939857930193671,0.03785288501494685,0.9244879038655346,0.03271935318932481,0.0
0.01580713391018147,0.027330737630431597,0.9240916894527009,0.032770439006686,0.0
0.0019736294711510363,0.06704775104366549,0.8968596188028887,0.03411900068229477,0.0
0.020061511132317498,0.03106178032158846,0.9156663473605673,0.03321036118552687,0.0
0.007244006807711398,0.0573910997510376,0.9014757385988325,0.033889154842418535,0.0
0.007194601132327573,0.05255161652072987,0.9066192099747257,0.033634572372216995,0.0
