0.55,0.35,0.1
0.5452734696211973,0.3534413510691882,0.10128517930961452
0.52374901443979,0.36910215593885853,0.10714882962135158
0.5237490144397899,0.3691021559388585,0.10714882962135155
0.5192471154854122,0.37237555748564455,0.10837732702894318
0.4853085784378482,0.39703274545457845,0.11765867610757327
0.3782291357976113,0.47464647414104627,0.1471243900613423
0.2657518927556897,0.5559539374551576,0.17829416978915263
0.21614808293634563,0.5917383670340012,0.19211355002965316
0.17598750668556074,0.6206916142849582,0.20332087902948104
0.14561407289548736,0.6426146597307298,0.21177126737378285
0.12150177335998663,0.6601043129485381,0.21839391369147526
0.10316758835164733,0.6735578197808038,0.22327459186754897
0.08818971354235772,0.6848310221588793,0.22697926429876303
0.07749983961757546,0.6933078335133476,0.22919232686907695
0.07000574233989794,0.6998740015524813,0.2301202561076207
0.06485689621718477,0.7053438664993854,0.22979923728342996
0.06175077269098812,0.7100884473165899,0.2281607799924219
0.05994626436476814,0.7152768903746167,0.22477684526061514
0.05895820614883431,0.721562283893556,0.21947950995760973
0.057992105884652825,0.73115159140656,0.21085630270878716
0.05630494337374021,0.7491854407876695,0.19450961583859033
0.05186899640482212,0.7968596403404239,0.15127136325475402
0.044472307175276705,0.876781064997484,0.07874662782723925
0.03998732128866185,0.9253700850041702,0.03464259370716803
0.03785085608797904,0.9485110862029908,0.013638057709030219
0.03739576400888852,0.9534372843453611,0.009166951645750359
0.03694146805158018,0.9583530528770876,0.004705479071332229
0.03667690977671851,0.961214842714473,0.0021082475088084205
0.036558121523935394,0.9624996117603689,0.0009422667156957788
0.036504978469272246,0.9630743450228777,0.00042067650785007485
0.036481242342047165,0.9633310383071593,0.0001877193507935427
0.03647370306140178,0.9635262969385983,0.0
0.03646728414858487,0.9635327158514151,0.0
0.036464420817452756,0.9635355791825473,0.0
0.036463143585601036,0.963536856414399,0.0
0.0364625738641374,0.9635374261358626,0.0
0.036462319735827635,0.9635376802641724,0.0
0.036462206380367436,0.9635377936196325,0.0
0.03646215581753302,0.963537844182467,0.0
0.036462150048003114,0.9635378499519969,0.0
