0.05,0.4,0.55
0.05007635909454499,0.3999824213761766,0.5499412195292784
0.0502340786212597,0.39994608445921614,0.5498198369195242
0.0503104406894515,0.39992847787525443,0.5497610814352941
0.050920273239014026,0.3997875617405909,0.5492921650203951
0.05570756175445652,0.39866579803566315,0.5456266402098804
0.07609728111654875,0.39396714242991304,0.5299355764535382
0.08546413823481297,0.39278490576305053,0.5217509560021365
0.08934229919057644,0.39466493433094874,0.5159927664784749
0.08969696623730625,0.3982382451540297,0.512064788608664
0.08922542078505524,0.40405381138423435,0.5067207678307104
0.08812456187395243,0.41536366428421634,0.49651177384183115
0.08472331757822243,0.4502817111857593,0.46499497123601824
0.06856913515099268,0.6186861024202589,0.31274476242874844
0.0535873918492356,0.7783720745725448,0.1680405335782195
0.04403187720380304,0.8815523551385281,0.07441576765766886
0.0401486521700196,0.923622689047851,0.036228658782129296
0.03783338547036176,0.9487000919515169,0.013466522578121285
0.037320274382847546,0.9542542188592108,0.008425506757941705
0.03690084222083542,0.9587925682333157,0.004306589545848837
0.036659148552002405,0.9614069511989018,0.0019339002490958634
0.036550401060163704,0.9625831088033835,0.0008664901364528899
0.036501633138693985,0.9631105232185828,0.0003878436427230681
0.036479795728198164,0.9633466824443991,0.00017352182740267987
0.03647285484545111,0.963527145154549,0.0
0.036466918479343746,0.9635330815206563,0.0
0.036464263387153896,0.9635357366128461,0.0
0.03646307590383962,0.9635369240961603,0.0
0.03646254481094056,0.9635374551890594,0.0
0.03646236030329002,0.96353763969671,0.0
