0.4,0.4,0.2
0.3969800911751162,0.4018622687487464,0.20115764007613748
0.38540346293639016,0.4089992664653137,0.2055972705982962
0.38256661806827014,0.4107477266998577,0.20668565523187196
0.3613552515326401,0.42381544217147776,0.2148293062958822
0.2745071315246296,0.47721149391312406,0.24828137456224644
0.21644748922247578,0.5128034742178011,0.27074903655972316
0.17884898688011502,0.5358230041406509,0.28532800897923405
0.14891261300777298,0.5541787368916653,0.29690865010056167
0.1253309841204474,0.5687370275098595,0.3059319883696931
0.10756082858629112,0.5798966320343973,0.3125425393793115
0.09336444295730331,0.589156629505428,0.31747892753726864
0.08348374442256798,0.596134191179216,0.3203820643982161
0.07683900991334791,0.601612534847063,0.32154845523958914
0.07257164136696942,0.6063681150595573,0.32106024357347324
0.07022937339074733,0.6108828547141998,0.31888777189505285
0.0689399317922207,0.6165426339002448,0.3145174343075346
0.0680400825171599,0.6244174458602407,0.30754247162259934
0.06670699069432443,0.6383639532530604,0.2949290560526153
0.06349386282492607,0.6724330890854323,0.26407304808964155
0.051605812130294554,0.7996955814413215,0.14869860642838387
0.043878231518941005,0.8832152809037113,0.0729064875773478
0.039653546517801494,0.928985964506247,0.03136048897595145
0.038594725848822946,0.9404568865635362,0.020948387587640924
0.03776501822256447,0.949440671181695,0.012794310595740625
0.03704085555523575,0.9572777368207411,0.005681407624023099
0.03671248056433099,0.9608300918863083,0.002457427549360719
0.03657007637785145,0.96237031836801,0.0010596052541384084
0.03650860466260885,0.9630351292642456,0.0004562660731455535
0.036482122063620004,0.9633215246955682,0.00019635324081177853
0.03647380420875294,0.9635261957912471,0.0
0.036467143441178455,0.9635328565588216,0.0
0.036464278114535405,0.9635357218854647,0.0
0.03646304554508174,0.9635369544549183,0.0
0.036462515340783846,0.9635374846592162,0.0
0.03646228726837149,0.9635377127316286,0.0
0.03646218916108475,0.9635378108389153,0.0
0.03646217875254224,0.9635378212474578,0.0
