0.4,0.5,0.1
0.3968469304754217,0.5025286127557888,0.10062445676878959
0.3845395147174781,0.5123973115620244,0.10306317372049734
0.38453951471747816,0.5123973115620245,0.10306317372049735
0.38158169242989076,0.5147687428590785,0.10364956471103066
0.3594845203318231,0.5324815170926418,0.10803396257553513
0.2691303667490052,0.6048409635516762,0.1260286696993187
0.21019844100614102,0.6519771858407941,0.13782437315306495
0.172075490990603,0.6824576468142762,0.14546686219512076
0.141566626792962,0.706874629605758,0.15155874360128008
0.11733109015781258,0.7263414232641379,0.1563274865780496
0.09882724646777273,0.7413320827679379,0.15984067076428932
0.08369900179024403,0.7538144976465408,0.16248650056321506
0.07276166985221579,0.763179706889883,0.16405862325790133
0.06493824650764599,0.770364789645039,0.16469696384731508
0.05938189759524087,0.7762032108559203,0.164414891548839
0.05585884265853663,0.7809951989915935,0.16314595834986997
0.05370369324616453,0.7857517369192843,0.16054456983455123
0.052591446250108816,0.7909004673623806,0.15650808638751051
0.05177742831106612,0.7980248161992708,0.15019775548966308
0.050711043608068156,0.8093514021956186,0.13993755419631324
0.04848700129833731,0.8333483480173685,0.1181646506842943
0.042484033999519034,0.8983187096715569,0.05919725632892408
0.038935403572382496,0.9367668051002263,0.02429779132739125
0.03810383344237937,0.945772570294307,0.016123596263313788
0.037361897095679754,0.9538038199404728,0.008834282963847515
0.036857331413493795,0.9592632030003257,0.003879465586180447
0.03663485729448153,0.9616696687092161,0.001695473996302366
0.036537457176695834,0.9627230963701918,0.0007394464531122703
0.036494944555795265,0.9631828572468918,0.00032219819731286065
0.036476414244705,0.9633832509646588,0.00014033479063617875
0.0364705709081339,0.9635294290918661,0.0
0.036465797018614035,0.963534202981386,0.0
0.03646371829820523,0.9635362817017947,0.0
0.03646281316850299,0.963537186831497,0.0
0.03646241905470241,0.9635375809452975,0.0
0.03646224744937689,0.9635377525506231,0.0
0.03646217272898403,0.9635378272710159,0.0
0.0364621401942574,0.9635378598057426,0.0
0.03646213642253313,0.9635378635774668,0.0
