0.75,0.05,0.2
0.7448708923748035,0.05074885607306892,0.20438025155212758
0.7176268175990855,0.05468316501000603,0.22769001739090844
0.7123950065196273,0.055431163748122264,0.23217382973225045
0.6711797980612749,0.06125425791742399,0.26756594402130107
0.5480962018361739,0.0781576288119761,0.37374616935185
0.4526994949645823,0.09098098902629945,0.45631951600911835
0.3488590111337103,0.10476135600107306,0.5463796328652166
0.2820746626546784,0.11351346106522922,0.6044118762800925
0.23822196109899152,0.11919633637523967,0.6425817025257687
0.1994838024898247,0.12416512778463291,0.6763510697255424
0.17147316128621581,0.12773047182487862,0.7007963668889056
0.15107946822007953,0.1303280255356607,0.7185925062442597
0.1361749697793762,0.13226252617859804,0.7315625040420257
0.12633390577044382,0.1336185582689656,0.7400475359605906
0.1200938703447136,0.13463259139041758,0.7452735382648689
0.1172264334091655,0.1353565456317861,0.7474170209590485
0.11621912434819226,0.1360579079302586,0.7477229677215492
0.11595850492620711,0.13699276264370513,0.7470487324300877
0.1157667335820859,0.13875473061872481,0.7454785357991893
0.11523684770146958,0.14394453390167694,0.7408186183968536
0.11267326736846443,0.16908481133863174,0.7182419212929039
0.10284447344503893,0.2664827434664657,0.6306727830884953
0.09195562049038322,0.37626886411729804,0.5317755153923188
0.08608923296178511,0.4362379910831573,0.4776727759550577
0.0727006147890153,0.5752212877444723,0.35207809746651225
0.05781959563750119,0.7329774196964904,0.20920298466600834
0.04997250123977579,0.8173165001573471,0.13271099860287705
0.044474360078609165,0.8767594567559648,0.07876618316542609
0.04013740458640359,0.9237439781122834,0.036118617301313015
0.03819766077695563,0.9447564795258406,0.017045859697203635
0.03757069311654538,0.9515440528536838,0.010885254029770787
0.037006663822864154,0.9576476537759339,0.005345682401201869
0.036723758846190155,0.9607081003225689,0.0025681408312408244
0.03658627429618738,0.9621951339888227,0.0012185917149899433
0.036518128741842,0.9629321302078041,0.0005497410503539527
0.03648736896718438,0.963264783013889,0.00024784801892661635
0.03647349754678698,0.9634147929633344,0.00011170948987868583
0.03646908069887421,0.9635309193011258,0.0
0.03646525395668056,0.9635347460433195,0.0
0.03646352952480558,0.9635364704751944,0.0
0.03646275246260016,0.9635372475373998,0.0
0.03646240230598362,0.9635375976940164,0.0
0.03646224452035544,0.9635377554796446,0.0
0.036462173419978886,0.9635378265800211,0.0
0.03646214138119138,0.9635378586188087,0.0
0.03646212694408436,0.9635378730559157,0.0
0.036462120438533654,0.9635378795614663,0.0
0.0364621175070468,0.9635378824929532,0.0
0.03646211618608048,0.9635378838139196,0.0
0.03646211559084837,0.9635378844091516,0.0
0.03646211532261468,0.9635378846773853,0.0
0.0364621152017493,0.9635378847982508,0.0
0.036462115147282564,0.9635378848527174,0.0
0.03646211512273998,0.96353788487726,0.0
0.03646211511167923,0.9635378848883208,0.0
0.03646211510869857,0.9635378848913014,0.0
0.03646211510562653,0.9635378848943734,0.0
0.03646211510393738,0.9635378848960626,0.0
0.03646211510317763,0.9635378848968223,0.0
0.03646211510285055,0.9635378848971494,0.0
0.036462115102707915,0.9635378848972921,0.0
0.036462115102648025,0.963537884897352,0.0
0.036462115102622684,0.9635378848973774,0.0
0.036462115102612214,0.9635378848973878,0.0
0.036462115102610125,0.9635378848973899,0.0
0.036462115102609154,0.9635378848973909,0.0
0.03646211510260833,0.9635378848973917,0.0
0.03646211510260906,0.963537884897391,0.0
0.03646211510260637,0.9635378848973937,0.0
0.036462115102607516,0.9635378848973924,0.0
