0.3,0.65,0.05
0.29802142353096467,0.651811380438983,0.050167196030052354
0.2910688825864722,0.6581762216514482,0.05075489576207968
0.28919672803517515,0.6598900725117909,0.050913199453033936
0.27510711034339547,0.6727876318884233,0.05210525776818137
0.21373662014866998,0.7289527975786501,0.057310582272679975
0.16836689057764068,0.7704671579383393,0.061165951484019834
0.13799327804127387,0.7982716810134795,0.0637350409452467
0.11355994991826102,0.8206709872580471,0.06576906282369194
0.09413609926843698,0.838539216875211,0.06732468385635194
0.07932726227465021,0.8522581654959027,0.06841457222944711
0.06728854521130746,0.863568656211994,0.06914279857669853
0.0586138995144464,0.8719463553180508,0.06943974516750279
0.05244306607565071,0.8782234944338235,0.06933343949052577
0.048101716364880844,0.8831138096011639,0.0687844740339553
0.04539697395767467,0.8868589823743145,0.06774404366801086
0.04380035132747142,0.8902358494959249,0.06596379917660361
0.043033719351407006,0.8935836664632105,0.06338261418538252
0.04252235408524576,0.898003716659951,0.05947392925480327
0.041852871402468565,0.9051593207796707,0.05298780781786085
0.04053754898656199,0.91940678667093,0.04005566434250804
0.037918446287059974,0.9477792788047646,0.014302274908175323
0.03709716458555076,0.9566684602931294,0.006234375121319802
0.03673680721813761,0.960566960787936,0.0026962319939262494
0.03658051415216988,0.9622574308802827,0.0011620549675473042
0.03651306987700937,0.9629868391727634,0.0005000909502272722
0.03648402975041055,0.9633008940730323,0.00021507617655708945
0.03647491042785517,0.9635250895721448,0.0
0.036467615586115235,0.9635323844138848,0.0
0.036464479610439256,0.9635355203895608,0.0
0.03646313153032798,0.9635368684696721,0.0
0.03646255203119923,0.9635374479688007,0.0
0.03646230292339736,0.9635376970766026,0.0
0.036462195840337955,0.9635378041596621,0.0
0.03646214980898338,0.9635378501910167,0.0
0.03646213002168439,0.9635378699783156,0.0
0.03646212248108893,0.9635378775189111,0.0
