0.05,0.8,0.15
0.050005066060691244,0.8000060186151087,0.14998891532420017
0.050008305829838416,0.8000098890342727,0.14998180513588888
0.05001334228098136,0.8000159394296622,0.14997071828935646
0.050052887824868345,0.8000649080455129,0.14988220412961878
0.050325110406698875,0.8004900605806234,0.14918482901267768
0.05091117895420088,0.8050735069889591,0.14401531405684007
0.05043559927461113,0.8121449311589707,0.13741946956641807
0.049442434688754894,0.8230325590206171,0.12752500629062807
0.04724289828371327,0.8468007591991866,0.10595634251710007
0.04184229781703367,0.9052736379611307,0.052884064221835725
0.038446341358893056,0.9420636693979313,0.019489989243175687
0.03735735847338164,0.953853103681757,0.00878953784486137
0.03686182963369793,0.959214740819027,0.00392342954727517
0.03663973247318949,0.9616170493045808,0.001743218222229594
0.03654087270115647,0.9626862006145914,0.0007729266842521062
0.036497004087802896,0.9631606029300473,0.00034239298214977564
0.03647756416075042,0.9633708237805642,0.0001516120586854649
0.036471402788759565,0.9635285972112404,0.0
0.036466226479356836,0.9635337735206432,0.0
0.036463935056183665,0.9635360649438164,0.0
0.03646292072293946,0.9635370792770606,0.0
0.03646247171727722,0.9635375282827228,0.0
0.03646227296090415,0.9635377270390958,0.0
0.03646218497978505,0.9635378150202148,0.0
0.03646214603427463,0.9635378539657253,0.0
0.03646213277779597,0.963537867222204,0.0
