0.85,0.05,0.1
0.8460340952193588,0.05097572597185955,0.10299017880878168
0.8221929095848932,0.05672362237768379,0.12108346803742302
0.8177958117600131,0.05776395366038428,0.12444023457960257
0.781103863861135,0.06624990116042484,0.15264623497844027
0.644419754889555,0.09596595306982497,0.25961429204062014
0.5213408551493224,0.12150755183951098,0.35715159301116667
0.4338570546021706,0.13936812782528324,0.4267748175725462
0.31381465121099217,0.1635935050969973,0.5225918436920106
0.25212495822606057,0.17588966996857713,0.5719853718053622
0.21024549221026345,0.18416000242339314,0.6055945053663434
0.17901514444401076,0.1902893306425598,0.6306955249134295
0.15493921527961307,0.19501535463217629,0.6500454300882106
0.13745686844363275,0.19849549430897193,0.6640476372473954
0.12433980999185756,0.20122911371700503,0.6744310762911374
0.11620037964912927,0.20314199066747926,0.6806576296833915
0.111692436565388,0.2045509100792988,0.6837566533553132
0.1096072972283184,0.20579471199309404,0.6845979907785876
0.10889963081337276,0.20719221274435878,0.6839081564422684
0.10857831266584059,0.20950155338834012,0.6819201339458194
0.10808440057379738,0.21435577745577472,0.6775598219704279
0.10626877523114188,0.2323664192321252,0.6613648055367329
0.10059104276261222,0.28903988296366884,0.6103690742737189
0.08820368617349256,0.4145570905427704,0.49723922328373704
0.07140599761187762,0.588816031582923,0.33977797080519945
0.05803971869262481,0.7306083178158602,0.21135196349151497
0.04783108325398934,0.8404438094736035,0.1117251072724072
0.04284466246560282,0.8944113997757703,0.06274393775862684
0.039148662544807,0.9344564392364901,0.026394898218702882
0.03757144557585956,0.951535778649729,0.01089277577441135
0.03704189508778071,0.9572664781636685,0.005691626748550714
0.03673672092654384,0.9605678935456823,0.0026953855277738834
0.03658516731956668,0.9622070985721759,0.0012077341082572584
0.03651717776728703,0.9629424140065651,0.0005404082261479191
0.03648673816021627,0.9632716046984083,0.0002416571413752599
0.036473122902900876,0.9634188444063504,0.00010803269074875726
0.03646879660370869,0.9635312033962913,0.0
0.03646510144368019,0.9635348985563198,0.0
0.03646344985290364,0.9635365501470964,0.0
0.03646271166864336,0.9635372883313565,0.0
0.03646238173694471,0.9635376182630553,0.0
0.036462234274325135,0.9635377657256748,0.0
0.03646216836615896,0.9635378316338411,0.0
0.0364621389086373,0.9635378610913627,0.0
0.03646212574266028,0.9635378742573397,0.0
0.03646211985815706,0.9635378801418429,0.0
0.03646211722808974,0.9635378827719102,0.0
0.03646211605258783,0.9635378839474122,0.0
0.03646211552719909,0.9635378844728009,0.0
0.03646211529237776,0.9635378847076222,0.0
0.03646211518742448,0.9635378848125755,0.0
0.03646211514051533,0.9635378848594847,0.0
0.03646211512795054,0.9635378848720494,0.0
0.03646211511507542,0.9635378848849246,0.0
0.03646211510810578,0.9635378848918942,0.0
0.0364621151049878,0.9635378848950122,0.0
0.03646211510363155,0.9635378848963684,0.0
0.03646211510304497,0.963537884896955,0.0
0.03646211510279564,0.9635378848972044,0.0
0.036462115102683906,0.9635378848973161,0.0
0.036462115102636056,0.9635378848973639,0.0
0.036462115102618486,0.9635378848973816,0.0
0.03646211510261251,0.9635378848973875,0.0
0.03646211510260973,0.9635378848973902,0.0
0.03646211510260724,0.9635378848973928,0.0
0.03646211510260902,0.963537884897391,0.0
0.03646211510260936,0.9635378848973907,0.0
0.03646211510260929,0.9635378848973907,0.0
0.036462115102608106,0.9635378848973919,0.0
