0.05,0.9,0.05
0.049977904541397236,0.9000234183116078,0.04999867714699501
0.04995037230119347,0.9000526110596956,0.049997016639110985
0.049928400622899285,0.9000759176115388,0.04999568176556198
0.049754978778890756,0.9002601841583989,0.04998483706271032
0.04850531506932982,0.9016063045876019,0.04988838034306821
0.04450630471580618,0.9063082603755025,0.04918543490869128
0.04236495189083967,0.9096739901113253,0.04796105799783503
0.04144605176132671,0.912224697785997,0.046329250452676225
0.04096693285412617,0.9151276839066305,0.043905383239243256
0.040550677771795225,0.9192816582188138,0.040167664009390924
0.039866335361021826,0.9266824558708187,0.03345120876815957
0.03824933023119305,0.9441969361277783,0.017553733641028677
0.03720416935612152,0.9555106180677893,0.00728521257608929
0.036766948053061875,0.9602409264888421,0.002992125458096014
0.03658678220364751,0.9621896388950472,0.0012235789013053452
0.03651300654900829,0.9629875236090613,0.0004994698419305148
0.036482874348443294,0.9633133888075563,0.00020373684400027184
0.036473610712017566,0.9635263892879825,0.0
0.03646680204405568,0.9635331979559443,0.0
0.036464026001509234,0.9635359739984908,0.0
0.03646289418265788,0.9635371058173422,0.0
0.03646243273508764,0.9635375672649124,0.0
0.036462244601808226,0.9635377553981919,0.0
0.036462167899579304,0.9635378321004208,0.0
0.036462136627987786,0.9635378633720123,0.0
0.036462123878526126,0.9635378761214739,0.0
0.036462120004258594,0.9635378799957414,0.0
