0.1,0.1,0.8
0.10008512188392953,0.09999407702004948,0.799920801096021
0.10022534698502764,0.0999843236064005,0.7997903294085719
0.10030988570635034,0.09997844580373878,0.7997116684899108
0.10097570749899193,0.09993221764232262,0.7990920748586855
0.10565786129515685,0.09961192120205638,0.7947302175027867
0.11661394459245167,0.0989913467340104,0.7843947086735379
0.11951206033021518,0.09918628841366771,0.7813016512561172
0.11975554757864364,0.099607974441562,0.7806364779797944
0.11970435818996185,0.1003844762044145,0.7799111656056237
0.11953051361073017,0.10208269732768221,0.7783867890615876
0.11869465829491271,0.1102087020352152,0.771096639669872
0.11287847872380878,0.16706861848131305,0.7200529027948782
0.10088325056774382,0.28611073376439095,0.6130060156678652
0.08758182781401577,0.4209239431512589,0.4914942290347252
0.06940080840712787,0.6099147086142251,0.32068448297864705
0.06248885525523699,0.6831233150918042,0.25438782965295886
0.051468505531247925,0.8011854639394431,0.14734603052930892
0.044191413496076366,0.8798232701327252,0.07598531637119842
0.04013333136403731,0.923787994735079,0.03607867390088372
0.03782293471134093,0.948813243938072,0.013363821350587012
0.037328124869020776,0.9541692732944035,0.008502601836575745
0.03690671026393985,0.958729087180914,0.004364202555146081
0.036661847830374995,0.9613777555892196,0.0019603965804055284
0.03655163655547638,0.9625697469030005,0.0008786165415231776
0.03650219726008279,0.9631044225121311,0.00039338022778608197
0.03648005297278944,0.9633439005212476,0.00017604650596299696
0.036473014033567286,0.9635269859664327,0.0
0.03646699097229139,0.9635330090277086,0.0
0.0364642963883145,0.9635357036116855,0.0
0.03646309092226352,0.9635369090777365,0.0
0.03646255164359406,0.963537448356406,0.0
0.03646231039251376,0.9635376896074862,0.0
0.036462202466961226,0.9635377975330388,0.0
0.0364621541856672,0.9635378458143328,0.0
0.03646213258668791,0.9635378674133122,0.0
0.036462122924233696,0.9635378770757662,0.0
0.036462118601664914,0.9635378813983351,0.0
0.03646211666793705,0.9635378833320629,0.0
0.036462115802869066,0.9635378841971309,0.0
0.03646211541587179,0.9635378845841281,0.0
0.036462115242751024,0.963537884757249,0.0
0.03646211516529909,0.9635378848347009,0.0
0.036462115130656086,0.9635378848693439,0.0
0.03646211511515409,0.9635378848848458,0.0
0.03646211511099836,0.9635378848890016,0.0
0.03646211510669953,0.9635378848933004,0.0
0.036462115104405654,0.9635378848955943,0.0
0.036462115103382126,0.9635378848966178,0.0
0.036462115102937086,0.9635378848970629,0.0
0.03646211510274475,0.9635378848972553,0.0
0.03646211510266586,0.9635378848973342,0.0
0.03646211510262817,0.9635378848973719,0.0
0.0364621151026155,0.9635378848973846,0.0
0.03646211510260954,0.9635378848973905,0.0
0.0364621151026073,0.9635378848973928,0.0
0.03646211510260903,0.963537884897391,0.0
0.03646211510260834,0.9635378848973917,0.0
0.03646211510260906,0.9635378848973909,0.0
0.036462115102609674,0.9635378848973903,0.0
