0.35,0.1,0.55
0.3479601026111183,0.10025646337171598,0.5517834340171658
0.34101380176723367,0.10112916946854818,0.5578570287642182
0.3390796781940957,0.10137199522434176,0.5595483265815625
0.32452793043078415,0.1031964842145682,0.5722755853546477
0.25968317203269115,0.1112674113652674,0.6290494166020414
0.21314224556135924,0.11698568420215572,0.6698720702364851
0.18289073562303074,0.12066555001673492,0.6964437143602343
0.15953877534581018,0.12349508062693634,0.7169661440272534
0.14221009811180535,0.12561318246318248,0.7321767194250123
0.13042472102697028,0.12710886447108738,0.7424664145019424
0.12261877620449418,0.1282142198488889,0.7491670039466171
0.11867947390848758,0.12896630637743012,0.7523542197140822
0.11709295978240235,0.1296049857901541,0.7533020544274436
0.11666595725228597,0.13034316459726092,0.7529908781504531
0.11650245959945951,0.1315819387603925,0.751915601640148
0.11621128257847235,0.13441839858290897,0.7493703188386188
0.11471830611461054,0.14902152271057714,0.7362601711748124
0.10627738186309357,0.23228150503990866,0.6614411130969978
0.08952592955532801,0.40103803179674846,0.5094360386479235
0.07576422909430763,0.5431627361102902,0.38107303479540217
0.06463363275433388,0.6603327347186314,0.27503363252703467
0.0487886216387309,0.8300979950595962,0.12111338330167289
0.04237651914627434,0.8994839237295025,0.05813955712422325
0.038785788742568446,0.9383872991850992,0.022826912072332284
0.037493917210114316,0.9523749798286226,0.010131102961263067
0.037040677661803995,0.9572796462862068,0.005679676051989289
0.03672316372023993,0.9607145364242773,0.0025622998554827667
0.03657806223256278,0.9622839490389424,0.0011379887284947714
0.03651354249868973,0.9629817280453108,0.0005047294559993977
0.03648491119838947,0.9632913618053546,0.00022372699625596552
0.036475833425205384,0.9635241665747946,0.0
0.036468193241144115,0.9635318067588559,0.0
0.036464808065007535,0.9635351919349925,0.0
0.036463308226667886,0.9635366917733321,0.0
0.03646264371699253,0.9635373562830075,0.0
0.03646234930508823,0.9635376506949118,0.0
0.03646221886587033,0.9635377811341297,0.0
0.036462161074838455,0.9635378389251615,0.0
0.03646213547056458,0.9635378645294354,0.0
0.03646212412661365,0.9635378758733864,0.0
0.03646211910068589,0.9635378808993141,0.0
0.03646211687395128,0.9635378831260487,0.0
0.0364621158873998,0.9635378841126002,0.0
0.036462115450310445,0.9635378845496896,0.0
0.03646211525665671,0.9635378847433432,0.0
0.03646211517085762,0.9635378848291424,0.0
0.03646211513284707,0.963537884867153,0.0
0.03646211511600363,0.9635378848839964,0.0
0.03646211510854354,0.9635378848914564,0.0
0.03646211510523874,0.9635378848947612,0.0
0.03646211510377379,0.9635378848962262,0.0
0.036462115103385255,0.9635378848966147,0.0
0.0364621151029799,0.9635378848970201,0.0
0.03646211510276563,0.9635378848972344,0.0
0.03646211510267125,0.9635378848973288,0.0
0.036462115102631185,0.9635378848973688,0.0
0.03646211510261713,0.9635378848973828,0.0
0.0364621151026104,0.9635378848973897,0.0
0.03646211510260692,0.963537884897393,0.0
0.03646211510260926,0.9635378848973908,0.0
0.036462115102610444,0.9635378848973896,0.0
0.03646211510261022,0.9635378848973898,0.0
0.036462115102607905,0.9635378848973921,0.0
