0.55,0.1,0.35
0.5455744742616425,0.10078053403482695,0.3536449917035306
0.5265474300724317,0.1041301361392388,0.3693224337883296
0.5223606592597634,0.10486590986404623,0.37277343087619036
0.49093926088335155,0.11037438723107665,0.39868635188557183
0.3690086096803897,0.13154673614680112,0.49944465417280925
0.2828748039185541,0.1463122806224305,0.5708129154590155
0.23427273027473544,0.15454738099887658,0.611179888726388
0.19680321023253747,0.16083903123633228,0.6423577585311302
0.1691243597780623,0.1654619360616024,0.6654137041603353
0.148019634978861,0.16899949666825664,0.6829808683528824
0.13351161242536483,0.17148682802229326,0.695001559552342
0.12268681223083108,0.17347049078131108,0.7038426969878578
0.1164304572610927,0.1748380493897897,0.7087314933491176
0.11326183604696301,0.17590922655797106,0.7108289373950659
0.11210840941787101,0.1769253159626631,0.710966274619466
0.11175059050986585,0.17832207715041012,0.709927332339724
0.11146790517001529,0.18094627144449035,0.7075858233854944
0.11073210100250229,0.18819187108813776,0.70107602790936
0.1064016442454584,0.2310463557828332,0.6625519999717084
0.09086019256563276,0.38742433934236775,0.5217154680919995
0.07733519370758203,0.5267819871563766,0.3958828191360414
0.06651316950977551,0.6404146952066317,0.2930721352835928
0.051240799422986,0.8036384719227279,0.14512072865428616
0.044153628248789406,0.8802335026785705,0.07561286907264014
0.03980503732478255,0.9273461354302812,0.03284882724493627
0.037901064391183986,0.947967682950439,0.014131252658376933
0.03737874787866762,0.953621436593679,0.008999815527653407
0.03691850988029778,0.9586013724274691,0.004480117692233103
0.03668395252821461,0.9611386642883117,0.0021773831834735803
0.03656701055119064,0.9624034770801704,0.0010295123686390618
0.03651097043757588,0.9630095449240991,0.00047948463832496414
0.03648483586585043,0.9632921769679079,0.0002229871662415025
0.03647267912422223,0.9634236436072848,0.00010367726849296522
0.036468784062702736,0.9635312159372973,0.0
0.03646521524666947,0.9635347847533305,0.0
0.0364635562260892,0.9635364437739109,0.0
0.036462785015674674,0.9635372149843253,0.0
0.03646242651417936,0.9635375734858207,0.0
0.03646225986328202,0.9635377401367179,0.0
0.03646218239504193,0.963537817604958,0.0
0.036462146383691295,0.9635378536163087,0.0
0.0364621296437092,0.9635378703562908,0.0
0.036462121862081115,0.9635378781379189,0.0
0.03646211824476837,0.9635378817552317,0.0
0.03646211656324969,0.9635378834367503,0.0
0.03646211578159061,0.9635378842184094,0.0
0.03646211541823598,0.963537884581764,0.0
0.03646211524932991,0.9635378847506701,0.0
0.036462115170812125,0.9635378848291879,0.0
0.03646211513431351,0.9635378848656865,0.0
0.03646211511734438,0.9635378848826557,0.0
0.036462115109460846,0.9635378848905392,0.0
0.03646211510579433,0.9635378848942057,0.0
0.03646211510477831,0.9635378848952216,0.0
0.036462115103671325,0.9635378848963286,0.0
0.036462115103072464,0.9635378848969275,0.0
0.036462115102805094,0.9635378848971949,0.0
0.03646211510268807,0.963537884897312,0.0
0.036462115102637874,0.9635378848973621,0.0
0.03646211510261903,0.963537884897381,0.0
0.03646211510261198,0.963537884897388,0.0
0.03646211510260853,0.9635378848973915,0.0
0.036462115102608224,0.9635378848973918,0.0
0.036462115102609126,0.9635378848973909,0.0
0.036462115102607606,0.9635378848973924,0.0
0.03646211510260895,0.963537884897391,0.0
0.03646211510260794,0.9635378848973921,0.0
