0.6,0.1,0.3
0.595139058317067,0.1009564882331727,0.30390445344976025
0.5730572244872066,0.10528911559230647,0.3216536599204869
0.5684095131436966,0.1061986281468913,0.32539185870941206
0.5332902666164852,0.1130476145041649,0.3536621188793499
0.41983842916729336,0.13494539747943715,0.44521617335326963
0.30300283856969656,0.15720629414891957,0.5397908672813839
0.24377062599498667,0.16834678267699932,0.587882591328014
0.2041963620301281,0.17571988207733663,0.6200837558925353
0.17463602540788054,0.18119533544502622,0.6441686391470933
0.15195052778997345,0.18540490342150087,0.6626445687885257
0.13559173298316238,0.18849253979085492,0.6759157272259828
0.12343891901794525,0.19091313727963075,0.6856479437024241
0.11608991451504859,0.19259832565070165,0.6913117598342499
0.11218798716224052,0.19385018993674494,0.6939618229010145
0.11049737917070923,0.19499969118883828,0.6945029296404525
0.10995557480805601,0.19636968260436893,0.693674742587575
0.10966222269724862,0.19876604597920877,0.6915717313235425
0.10910642904769519,0.20424256864057505,0.6866510023117298
0.10667464700939984,0.22833577818442943,0.6649895748061707
0.09154237244294436,0.38047848410268936,0.5279791434543664
0.07898191912396345,0.5096543131259111,0.41136376775012545
0.0685135715800455,0.6192733672351517,0.3122130611848029
0.053487455155790016,0.7794455025958774,0.16706704224833252
0.04394839126382258,0.8824568197720899,0.07359478896408767
0.04000862583554997,0.9251412113567905,0.034850162807659534
0.03782011968429269,0.9488438766011592,0.013336003714548093
0.03728604924847701,0.954624582230846,0.00808936852067696
0.03687747164239533,0.959045359973685,0.004077168383919719
0.03664848280858394,0.9615223097029421,0.0018292074884740791
0.036545555432845246,0.9626355145030204,0.0008189300641344038
0.03649943638787392,0.9631342801193364,0.00036628349278964217
0.03647880088509587,0.9633574410136357,0.00016375810126848246
0.03647224333220812,0.9635277566677919,0.0
0.03646664180835235,0.9635333581916476,0.0
0.036464138232652626,0.9635358617673474,0.0
0.036463019297649585,0.9635369807023505,0.0
0.03646251921205951,0.9635374807879404,0.0
0.03646229570988796,0.9635377042901121,0.0
0.03646219582075943,0.9635378041792406,0.0
0.036462151177667636,0.9635378488223323,0.0
0.03646213122549656,0.9635378687745035,0.0
0.03646212230834825,0.9635378776916517,0.0
0.03646211832304471,0.9635378816769553,0.0
0.036462116541904364,0.9635378834580957,0.0
0.036462115745867774,0.9635378842541322,0.0
0.0364621153900972,0.9635378846099028,0.0
0.03646211523109355,0.9635378847689064,0.0
0.03646211516003003,0.9635378848399699,0.0
0.03646211512827104,0.9635378848717289,0.0
0.03646211511407714,0.9635378848859228,0.0
0.03646211510773218,0.9635378848922679,0.0
0.03646211510603328,0.9635378848939667,0.0
0.03646211510428135,0.9635378848957186,0.0
0.036462115103340804,0.9635378848966591,0.0
0.03646211510291908,0.9635378848970809,0.0
0.03646211510274038,0.9635378848972597,0.0
0.0364621151026602,0.9635378848973398,0.0
0.03646211510262785,0.9635378848973721,0.0
0.03646211510261458,0.9635378848973855,0.0
0.036462115102609945,0.9635378848973901,0.0
0.03646211510260807,0.963537884897392,0.0
0.03646211510260835,0.9635378848973917,0.0
0.03646211510260819,0.9635378848973918,0.0
0.03646211510260762,0.9635378848973923,0.0
0.03646211510260718,0.9635378848973928,0.0
