0.85,0.1,0.05
0.8463611050751266,0.10206543107080007,0.05157346385407329
0.824060345895522,0.11456473036748126,0.061374923736996774
0.8199939576947108,0.11681706257025841,0.06318897973503082
0.7857323192353405,0.13551880814510275,0.07874887261955676
0.6725348990400921,0.19495747950420952,0.1325076214556984
0.5635865325350151,0.2503573003255406,0.18605616713944426
0.4668557435518511,0.2989161575949582,0.23422809885319068
0.3723641154808932,0.3460569530318091,0.2815789314872978
0.2779216270679683,0.3929309423480577,0.32914743058397405
0.22574773925451025,0.41871029412235017,0.35554196662313964
0.1863284202874206,0.4381415432136365,0.3755300364989429
0.15559583258787715,0.4533042369482472,0.3910999304638757
0.13254126901936092,0.4647651513568605,0.4026935796237786
0.11470169025567863,0.47381908495708613,0.4114792247872353
0.10171945590407538,0.48071951524679873,0.4175610288491259
0.0919195164167299,0.4864768841759025,0.42160359940736764
0.08578359216286874,0.4909333202109004,0.42328308762623085
0.08228713693964923,0.494771948324172,0.4229409147361788
0.08049428663743259,0.49884518397813454,0.4206605293844328
0.0795923865358691,0.504000517228501,0.4164070962356298
0.0786832074022733,0.5127831030934711,0.4085336895042556
0.07692026400581793,0.5311057918945375,0.3919739440996444
0.07097144285260792,0.5933764655855297,0.3356520915618624
0.055357629579715795,0.7593474675833265,0.18529490283695776
0.04450947083814966,0.8763810018726282,0.07910952728922194
0.04034313890709301,0.921515432813688,0.038141428279219014
0.0382112336218084,0.9446094474164035,0.017179318961788086
0.03747677567323489,0.952560534198544,0.009962690128221093
0.03695590307257154,0.9581968310283554,0.004847265899072946
0.036693526282719,0.9610351111835788,0.002271362533702267
0.03656789129987897,0.9623939515822211,0.0010381571179000305
0.03651040773273468,0.9630156303747754,0.0004739618924898966
0.03648415147343752,0.9632995782433387,0.00021627028322378708
0.036475766774858705,0.9635242332251412,0.0
0.03646834191768055,0.9635316580823194,0.0
0.03646495522267946,0.9635350447773205,0.0
0.03646341050040533,0.9635365894995946,0.0
0.036462705939571155,0.9635372940604288,0.0
0.03646238458554127,0.9635376154144588,0.0
0.03646223801466229,0.9635377619853377,0.0
0.03646217116317535,0.9635378288368247,0.0
0.03646214067200305,0.963537859327997,0.0
0.03646212676488404,0.963537873235116,0.0
0.03646212042180545,0.9635378795781946,0.0
0.03646211752871122,0.9635378824712887,0.0
0.03646211620916036,0.9635378837908396,0.0
0.03646211560731067,0.9635378843926894,0.0
0.03646211533280309,0.9635378846671969,0.0
0.036462115207602036,0.963537884792398,0.0
0.0364621151504962,0.9635378848495039,0.0
0.0364621151244508,0.9635378848755491,0.0
0.036462115112571025,0.963537884887429,0.0
0.03646211510715227,0.9635378848928478,0.0
0.036462115105675735,0.9635378848943243,0.0
0.03646211510411541,0.9635378848958847,0.0
0.03646211510326835,0.9635378848967316,0.0
0.03646211510288924,0.9635378848971108,0.0
0.03646211510272409,0.9635378848972759,0.0
0.03646211510265502,0.963537884897345,0.0
0.03646211510262412,0.9635378848973759,0.0
0.03646211510261367,0.9635378848973863,0.0
0.03646211510260902,0.963537884897391,0.0
0.03646211510260882,0.9635378848973912,0.0
0.036462115102608716,0.9635378848973912,0.0
0.03646211510260856,0.9635378848973915,0.0
0.036462115102608376,0.9635378848973917,0.0
0.036462115102608675,0.9635378848973913,0.0
