0.05,0.15,0.8
0.05011025514751125,0.14999115182273468,0.7998985930297541
0.05037074094726358,0.14997019347733975,0.7996590655753967
0.05048131030931382,0.14996127447960067,0.7995574152110855
0.05136777516892956,0.14988928753695696,0.7987429372941135
0.058535500668540005,0.14927917986514652,0.7921853194663134
0.0844413004576669,0.14681223786795428,0.7687464616743789
0.10251284699448526,0.14505602520120295,0.7524311278043118
0.11055766308743126,0.14445128105212746,0.7449910558604413
0.11466459292602355,0.14474988010360493,0.7405855269703715
0.11502576111101594,0.14551921013211938,0.7394550287568648
0.11494061010576513,0.1468292652538604,0.7382301246403744
0.114651763706162,0.14967950558452395,0.735668730709314
0.11348384279777224,0.1611245278483128,0.725391629353915
0.11082595667291072,0.18725637869185965,0.7019176646352296
0.09034864837134099,0.3926419430571628,0.5170094085714962
0.0768089123425722,0.5322640993477147,0.39092698830971323
0.07130700673837431,0.5898551549846877,0.33883783827693803
0.06209448589709896,0.687322648042054,0.25058286606084706
0.049925612559916684,0.8178226146631337,0.13225177277694972
0.04463585921013919,0.8750086720170117,0.08035546877284895
0.0401246981480043,0.9238826358174521,0.0359926660345437
0.03783700885900884,0.9486611132599542,0.013501877881036867
0.03730863797601582,0.9543801581101248,0.008311203913859437
0.03689256750398029,0.9588820465014922,0.004225385994527512
0.03665536364039416,0.9614478861450022,0.0018967502146036257
0.03654867746678961,0.9626017496904667,0.000849572842743689
0.03650084993932908,0.963118993203095,0.0003801568575758607
0.036479440242949975,0.9633505267797616,0.0001700329772882785
0.03647263585651437,0.9635273641434857,0.0
0.03646681918967598,0.963533180810324,0.0
0.036464218379145985,0.9635357816208541,0.0
0.03646305550573843,0.9635369444942616,0.0
0.036462535568007395,0.9635374644319926,0.0
0.036462303097388085,0.9635376969026119,0.0
0.03646219915712139,0.9635378008428785,0.0
0.036462152684283135,0.9635378473157169,0.0
0.03646213190577924,0.9635378680942208,0.0
0.036462122615482755,0.9635378773845172,0.0
0.03646211846169473,0.9635378815383053,0.0
0.036462116604492556,0.9635378833955074,0.0
0.03646211577411781,0.9635378842258822,0.0
0.0364621154028455,0.9635378845971545,0.0
0.036462115236848114,0.9635378847631519,0.0
0.036462115162627304,0.9635378848373727,0.0
0.036462115142739365,0.9635378848572606,0.0
0.03646211512226319,0.9635378848777368,0.0
0.0364621151112746,0.9635378848887254,0.0
0.03646211510636277,0.9635378848936372,0.0
0.03646211510422815,0.9635378848957719,0.0
0.03646211510330349,0.9635378848966966,0.0
0.036462115102906034,0.9635378848970939,0.0
0.036462115102732374,0.9635378848972675,0.0
0.036462115102655845,0.9635378848973442,0.0
0.036462115102626064,0.963537884897374,0.0
0.036462115102614434,0.9635378848973856,0.0
0.0364621151026086,0.9635378848973913,0.0
0.036462115102608474,0.9635378848973916,0.0
0.03646211510260824,0.9635378848973918,0.0
0.036462115102609965,0.9635378848973901,0.0
0.03646211510260828,0.9635378848973918,0.0
0.03646211510260884,0.9635378848973912,0.0
