0.1,0.2,0.7
0.10004787299744172,0.19999514738064514,0.6999569796219132
0.10010976558787302,0.1999888945591663,0.6999013398529607
0.10015725089145755,0.19998411342218478,0.6998586356863576
0.10052943133751877,0.19994714425322613,0.6995234244092551
0.10305509589323765,0.19972690160657267,0.6972180025001897
0.10862559218064706,0.20011215406581875,0.6912622537535342
0.10930030765430974,0.20136848227474693,0.6893312100709434
0.10918893415548109,0.20337519101229587,0.687435874832223
0.10878176664168052,0.2074547431657994,0.68376349019252
0.10753392611543862,0.21981511130840634,0.6726509625761551
0.10133188545424424,0.2816147259880597,0.6170533885576961
0.09126594232778734,0.38328967777466744,0.5254443798975452
0.0756841125064478,0.5440074283608076,0.3803084591327446
0.06177236160682974,0.6907528267836167,0.2474748116095535
0.050220031869021374,0.8146461150549458,0.1351338530760328
0.044579045491399,0.8756260310742002,0.07979492343440084
0.04021150891337369,0.9229394132060704,0.03684907788055593
0.03808942341073997,0.9459281851457115,0.015982391443548533
0.03743247662673224,0.9530400055338135,0.009527517839454288
0.0369397534287676,0.9583715507734824,0.004688695797750112
0.03668522952402095,0.9611248518227645,0.002189918653214453
0.036564440068413966,0.9624312763979099,0.001004283533676056
0.03650804112611288,0.9630412242066149,0.00045073466727232024
0.03648271681071137,0.9633150931643937,0.0002021900248949454
0.03647466190255234,0.9635253380974477,0.0
0.036467741158309044,0.9635322588416909,0.0
0.036464637806125653,0.9635353621938743,0.0
0.0364632462636018,0.9635367537363981,0.0
0.03646262230447614,0.9635373776955238,0.0
0.03646234252670054,0.9635376574732994,0.0
0.03646221707714615,0.9635377829228539,0.0
0.03646216082688434,0.9635378391731156,0.0
0.03646213560487373,0.9635378643951262,0.0
0.036462124295601035,0.963537875704399,0.0
0.03646211922464586,0.9635378807753541,0.0
0.03646211695088328,0.9635378830491167,0.0
0.03646211593135438,0.9635378840686456,0.0
0.0364621154742096,0.9635378845257904,0.0
0.036462115269231155,0.9635378847307688,0.0
0.03646211517731862,0.9635378848226813,0.0
0.03646211513610885,0.9635378848638911,0.0
0.03646211511762826,0.9635378848823717,0.0
0.0364621151093429,0.9635378848906572,0.0
0.036462115107119254,0.9635378848928807,0.0
0.036462115104829135,0.9635378848951709,0.0
0.03646211510358388,0.9635378848964161,0.0
0.03646211510302539,0.9635378848969747,0.0
0.036462115102782966,0.963537884897217,0.0
0.03646211510268086,0.9635378848973192,0.0
0.036462115102635376,0.9635378848973646,0.0
0.03646211510261764,0.9635378848973825,0.0
0.0364621151026103,0.9635378848973898,0.0
0.03646211510260802,0.963537884897392,0.0
0.03646211510260742,0.9635378848973926,0.0
0.03646211510260908,0.963537884897391,0.0
0.03646211510260827,0.9635378848973918,0.0
0.03646211510260933,0.9635378848973908,0.0
0.03646211510260864,0.9635378848973913,0.0
