0.25,0.2,0.55
0.24897257738936943,0.20023299904484013,0.5507944235657904
0.2459362536094813,0.20092134159090005,0.5531424047996186
0.24494760890506526,0.20114539382205066,0.5539069972728841
0.23741686874764456,0.20285082016366537,0.55973231108869
0.19446458807059935,0.21253886551056922,0.5929965464188315
0.1632762335657839,0.21954895580701927,0.6171748106271968
0.14316157015886247,0.22410421323762345,0.632734216603514
0.12812193247616951,0.2276081464733252,0.6442699210505053
0.11761666511461294,0.23024615224593728,0.6521371826394499
0.1111841252544359,0.23217849715089225,0.6566373775946719
0.1076331898968572,0.23381293310234588,0.658553877000797
0.10626336426065297,0.2353771540466112,0.6583594816927358
0.10577696146403529,0.23749445774089614,0.6567285807950686
0.10537634446075578,0.24124337060412732,0.6533802849351169
0.10444940145630405,0.2504646511735878,0.6450859473701082
0.0992265802745862,0.3027378445794623,0.5980355751459516
0.08576851127199375,0.43953638087013563,0.4746951078578706
0.06809409044378671,0.6237005151028264,0.3082053944533868
0.06109426730341227,0.6979773501676431,0.24092838252894463
0.05025653262988106,0.8142528103164649,0.13549065705365393
0.04336693635186788,0.8887528634317797,0.06788020021635247
0.03963616916708005,0.9291746587675058,0.031189172065414245
0.03850790883854089,0.9413970936973866,0.020094997464072627
0.037621623695737634,0.9509928441458226,0.011385532158439807
0.0369730164308194,0.958011691582684,0.00501529198649668
0.03668407401927808,0.9611373485822,0.002178577398521962
0.03655827261736918,0.9624979778509548,0.0009437495316759329
0.03650372151596986,0.9630879384828078,0.0004083400012223993
0.03648010819935414,0.963343303309971,0.00017658849067491274
0.036472679264384474,0.9635273207356155,0.0
0.03646668196694051,0.9635333180330594,0.0
0.036464089312281074,0.9635359106877189,0.0
0.03646296852694791,0.9635370314730521,0.0
0.036462484025242256,0.9635375159747578,0.0
0.0364622745821327,0.9635377254178673,0.0
0.036462184043088076,0.9635378159569119,0.0
0.03646214490448242,0.9635378550955176,0.0
0.03646212798548297,0.963537872014517,0.0
0.036462120671668236,0.9635378793283318,0.0
0.03646211751002479,0.9635378824899752,0.0
0.03646211614329462,0.9635378838567054,0.0
0.03646211555248237,0.9635378844475176,0.0
0.03646211529708139,0.9635378847029186,0.0
0.03646211518667505,0.9635378848133249,0.0
0.036462115138949695,0.9635378848610503,0.0
0.03646211512650242,0.9635378848734976,0.0
0.036462115114335426,0.9635378848856645,0.0
0.036462115107778706,0.9635378848922214,0.0
0.036462115104845316,0.9635378848951547,0.0
0.03646211510357121,0.9635378848964288,0.0
0.03646211510301932,0.9635378848969807,0.0
0.036462115102786186,0.9635378848972138,0.0
0.03646211510268055,0.9635378848973195,0.0
0.03646211510263472,0.9635378848973652,0.0
0.03646211510261684,0.9635378848973832,0.0
0.036462115102611006,0.963537884897389,0.0
0.03646211510260837,0.9635378848973916,0.0
0.0364621151026073,0.9635378848973927,0.0
0.03646211510260847,0.9635378848973916,0.0
0.03646211510260996,0.9635378848973901,0.0
0.0364621151026068,0.9635378848973932,0.0
0.03646211510260927,0.9635378848973908,0.0
