0.3,0.2,0.5
0.2984459196449564,0.20037823631552062,0.501175844039523
0.2934275799022813,0.20159906716152293,0.5049733529361957
0.2919453631465896,0.20195949047208683,0.5060951463813237
0.2807372657684143,0.20468247350050134,0.5145802607310843
0.22609384313704664,0.21789315733572026,0.5560129995272333
0.18634426687937922,0.2274344007483979,0.586221332372223
0.1603627239645407,0.23366218379784653,0.6059750922376128
0.14034217317694553,0.23850722009468187,0.6211506067283727
0.12557069172426163,0.24220108500738635,0.632228223268352
0.11563155810270913,0.2449007242482594,0.6394677176490315
0.10917353966974708,0.24704409605854913,0.6437823642717039
0.10598856820770487,0.24873501063819795,0.6452764211540971
0.1046983864422436,0.2504964042850074,0.644805209272749
0.10423119674589101,0.252845829588587,0.642922973665522
0.10378800117368028,0.2570656664777088,0.639146332348611
0.10273029315789474,0.26762291000459854,0.6296467968375067
0.09597694023264906,0.3354920168153303,0.5685310429520207
0.0838932754040659,0.45883271900557965,0.45727400559035447
0.06903282207864267,0.613803780875134,0.3171633970462233
0.061336047839623424,0.6954015098561513,0.24326244230422528
0.05072227372338176,0.8092254943973612,0.14005223187925703
0.04380641201003336,0.8839921195650203,0.07220146842494629
0.03990785861928326,0.9262315374796233,0.03386060390109358
0.03863881081330744,0.939979502323139,0.0213816868635536
0.037797777570217884,0.9490860352125232,0.013116187217258985
0.037057675035066545,0.9570957488959388,0.005846576068994628
0.03671963847938336,0.9607526668516312,0.002527694668985529
0.03657310119678304,0.962337604085449,0.0010892947177679464
0.03650987862607262,0.9630213517295017,0.00046876964442577366
0.03648265767571285,0.9633157323438155,0.00020160998047169935
0.03647410969880982,0.9635258903011902,0.0
0.03646727162070312,0.9635327283792969,0.0
0.03646433186127645,0.9635356681387235,0.0
0.03646306806639084,0.9635369319336091,0.0
0.03646252477123543,0.9635374752287645,0.0
0.036462291214343356,0.9635377087856567,0.0
0.03646219081092237,0.9635378091890776,0.0
0.036462147648692086,0.963537852351308,0.0
0.03646212909377148,0.9635378709062286,0.0
0.03646212111723773,0.9635378788827622,0.0
0.036462117688223036,0.963537882311777,0.0
0.03646211621413257,0.9635378837858675,0.0
0.03646211558043881,0.9635378844195611,0.0
0.03646211530802085,0.9635378846919791,0.0
0.03646211519091461,0.9635378848090854,0.0
0.03646211514056985,0.9635378848594301,0.0
0.03646211511892682,0.9635378848810732,0.0
0.03646211511330761,0.9635378848866925,0.0
0.03646211510782659,0.9635378848921734,0.0
0.03646211510490303,0.963537884895097,0.0
0.03646211510359857,0.9635378848964015,0.0
0.03646211510303168,0.9635378848969683,0.0
0.03646211510278617,0.9635378848972138,0.0
0.03646211510268286,0.9635378848973171,0.0
0.03646211510263778,0.9635378848973621,0.0
0.03646211510261698,0.963537884897383,0.0
0.03646211510261121,0.9635378848973888,0.0
0.03646211510260782,0.9635378848973921,0.0
0.03646211510260916,0.9635378848973909,0.0
0.03646211510260895,0.963537884897391,0.0
0.03646211510260971,0.9635378848973902,0.0
0.03646211510260849,0.9635378848973916,0.0
0.03646211510260819,0.9635378848973918,0.0
