0.35,0.2,0.45
0.3478565569273991,0.20056173857070025,0.45158170450190066
0.3404188803132443,0.20250995021824209,0.4570711694685136
0.338389618486915,0.20304121757961513,0.45856916393346986
0.32313421230882794,0.2070312635995304,0.46983452409164167
0.2564141062846228,0.22439405040024357,0.5191918433151337
0.20845029313912866,0.23677360576540643,0.5547761010954649
0.1770927235584627,0.244828575357457,0.5780787010840803
0.15259781709872022,0.25113262404032816,0.5962695588609516
0.1340296393810947,0.25598624164597406,0.6099841189729314
0.12092927796061477,0.25956598941770925,0.619504732621676
0.11165385488199785,0.2623957597823021,0.6259503853357001
0.10638478868341608,0.26448455299837265,0.6291306583182112
0.10378035024169652,0.26632826593871395,0.6298913838195895
0.10280776096937544,0.26833692604598536,0.6288553129846391
0.10236707353245439,0.2713408435470256,0.62629208292052
0.1017606502283917,0.27732260187252294,0.6209167478990855
0.09993049921184499,0.29566810699978396,0.6044013937883711
0.08650259716921717,0.4319936465702915,0.48150375626049136
0.06857166747128574,0.6186592912426107,0.3127690412861037
0.06121485734826933,0.6966924065934368,0.24209273605829396
0.05032458319200652,0.8135169900289865,0.13615842677900705
0.04339600182002195,0.8884376352990918,0.06816636288088636
0.03965820030151977,0.9289361332759339,0.03140566642254628
0.0385198916297596,0.9412673395343757,0.02021276883586463
0.037632773909826764,0.9508721478577051,0.01149507823246805
0.03697865918802122,0.957950641083897,0.005070699728081735
0.036686482577375945,0.9611112967726141,0.002202220650009992
0.03655929431833383,0.9624869280463612,0.0009537776353050568
0.03650415361028931,0.9630832655646911,0.0004125808250194606
0.03648029063895213,0.963341330344334,0.00017837901671391765
0.03647278376400962,0.9635272162359904,0.0
0.03646672600134025,0.9635332739986597,0.0
0.03646410785460983,0.9635358921453901,0.0
0.03646297632928404,0.9635370236707159,0.0
0.03646248730588994,0.96353751269411,0.0
0.03646227596046737,0.9635377240395326,0.0
0.036462184621700804,0.9635378153782992,0.0
0.03646214514716355,0.9635378548528365,0.0
0.03646212808717374,0.9635378719128264,0.0
0.036462120714235956,0.9635378792857641,0.0
0.03646211752782512,0.963537882472175,0.0
0.036462116150732395,0.9635378838492676,0.0
0.03646211555558411,0.9635378844444159,0.0
0.036462115298375564,0.9635378847016245,0.0
0.03646211518721492,0.963537884812785,0.0
0.03646211513917295,0.963537884860827,0.0
0.0364621151266451,0.9635378848733549,0.0
0.036462115114395705,0.9635378848856043,0.0
0.0364621151078053,0.9635378848921946,0.0
0.03646211510485784,0.9635378848951421,0.0
0.036462115103576075,0.9635378848964239,0.0
0.03646211510302006,0.96353788489698,0.0
0.03646211510278483,0.9635378848972151,0.0
0.03646211510268043,0.9635378848973196,0.0
0.03646211510263578,0.9635378848973642,0.0
0.03646211510261784,0.9635378848973821,0.0
0.036462115102611665,0.9635378848973883,0.0
0.03646211510260877,0.9635378848973912,0.0
0.03646211510260841,0.9635378848973916,0.0
0.036462115102607315,0.9635378848973927,0.0
0.03646211510260826,0.9635378848973918,0.0
0.036462115102608585,0.9635378848973915,0.0
0.03646211510260862,0.9635378848973913,0.0
