0.3,0.05,0.65
0.29857815982304814,0.05008145082034551,0.6513403893566063
0.29413008986786354,0.05033607885062033,0.6555338312815161
0.29277083343172283,0.050413833215639386,0.6568153333526378
0.28247970579105736,0.051001649679072544,0.6665186445298701
0.23042983406784026,0.05394833271299672,0.7156218332191631
0.1929847221401471,0.056034749536105995,0.750980528323747
0.1688883101091655,0.05736166724637066,0.7737500226444639
0.15082341566570434,0.058353169271631325,0.7908234150626644
0.13813443705705494,0.05906008722985603,0.802805475713089
0.1302974724634161,0.05952372833331987,0.810178799203264
0.12593404446436215,0.059835971629285736,0.8142299839063522
0.12429973315277092,0.06004484371799813,0.815655423129231
0.12388996908448884,0.06026058851084016,0.8158494424046709
0.12381628177318098,0.060608269316845424,0.8155754489099736
0.12373245852837396,0.061404721074586645,0.8148628203970393
0.12334325879181203,0.06515851416246282,0.8114982270457252
0.12125685882916348,0.08533724214133727,0.7934058990294992
0.11634609950076823,0.13310132671674768,0.7505525737824841
0.10909702402460084,0.20433726542576436,0.6865657105496348
0.09991723881835952,0.2958010688455444,0.6042816923360961
0.08867088012878878,0.40977467490544517,0.5015544449657662
0.07371905678832844,0.5645521903488236,0.3617287528628479
0.06571483284086825,0.6488695067024027,0.2854156604567291
0.05334537141526512,0.7809743452536123,0.1656802833311226
0.04498299605030677,0.871251064096831,0.08376593985286226
0.040408937966414045,0.9208010198250092,0.03879004220857675
0.038975390583266364,0.936334022273503,0.024690587143230643
0.0378445983484269,0.9485793310872532,0.013576070564319911
0.03738501057148806,0.953553680983554,0.009061308444958024
0.03738492533435117,0.9535546034092818,0.009060471256367138
0.037384243716369996,0.9535619797954571,0.009053776488172969
0.03737880859641288,0.9536207980420058,0.009000393361581321
0.03733644862945087,0.9540792116022324,0.008584339768316757
0.03706028792172716,0.957067468263232,0.005872243815040919
0.03673188443224265,0.9606201355323929,0.0026479800353645627
0.03657765538396147,0.9622883447143894,0.0011339999016490253
0.03651152402717235,0.9630035573913113,0.0004849185815163793
0.03648323015700658,0.9633095412598487,0.0002072285831446787
0.03647436541180258,0.9635256345881974,0.0
0.036467347958292574,0.9635326520417075,0.0
0.036464350327028404,0.9635356496729716,0.0
0.036463069874263204,0.9635369301257368,0.0
0.03646252292981388,0.9635374770701861,0.0
0.03646228930421077,0.9635377106957892,0.0
0.03646218951200347,0.9635378104879966,0.0
0.036462146886224955,0.963537853113775,0.0
0.036462128678825416,0.9635378713211746,0.0
0.03646212090162277,0.9635378790983772,0.0
0.03646211757962862,0.9635378824203714,0.0
0.03646211616065555,0.9635378838393445,0.0
0.03646211591744007,0.9635378840825599,0.0
