0.45,0.2,0.35
0.44659354558327885,0.20105163055525038,0.35235482386147077
0.433233950744463,0.205172998002767,0.3615930512527699
0.43003259216371637,0.20615990577821097,0.3638075020580726
0.40610205893269097,0.21352874149032733,0.3803691995769817
0.3036793353093012,0.24489144539797875,0.45142921929272006
0.24146870051663327,0.26377511890764105,0.4947561805757257
0.2020231236396756,0.27567422552588616,0.5223026508344383
0.1709996991458637,0.285008249080743,0.5439920517733934
0.1469738687472836,0.2922682543469078,0.5607578769058086
0.12933521433349848,0.2977006751194511,0.5729641105470504
0.11586333646146406,0.3020686041359802,0.5820680594025557
0.10720756498378041,0.30524144686831733,0.5875509881479022
0.10211763036009405,0.30768293883965864,0.5901994308002473
0.09950290977106026,0.30989531825890715,0.5906017719700326
0.09844906267170833,0.3123304990932275,0.5892204382350641
0.09790661297430506,0.3161263549306039,0.585967032095091
0.09718034739945829,0.32334008455249,0.5794795680480518
0.0950586713563345,0.344779833570866,0.5601614950727996
0.08931452982388208,0.4031977506690914,0.5074877195070265
0.07501316698874741,0.5510089766738083,0.3739778563374443
0.05984547111379051,0.7113014029011056,0.2288531259851039
0.04880179947133266,0.829956529433924,0.1212416710947434
0.04543300400995904,0.8663796098290569,0.08818738616098407
0.04035601521541035,0.9213718188491187,0.03827216593547105
0.03826829632098687,0.9439904167415545,0.01774128693745869
0.037402385411501135,0.953365558532862,0.0092320560556369
0.036897521216433526,0.9588284294464454,0.004274049337121077
0.03666253550787398,0.961370313827908,0.0019671506642179367
0.03655416807301528,0.9625423694948128,0.0009034624321719753
0.03650435227753615,0.9630811174553191,0.0004145302671448171
0.0364814860197772,0.9633284032948568,0.0001901106853659866
0.03647417659935003,0.96352582340065,0.0
0.03646764479103117,0.9635323552089688,0.0
0.0364646501839174,0.9635353498160827,0.0
0.03646327729854869,0.9635367227014513,0.0
0.03646264790367481,0.9635373520963252,0.0
0.03646235936129878,0.9635376406387012,0.0
0.036462227081096636,0.9635377729189033,0.0
0.03646216643825296,0.963537833561747,0.0
0.03646213863701996,0.96353786136298,0.0
0.03646212589176939,0.9635378741082307,0.0
0.03646212004881071,0.9635378799511892,0.0
0.03646211737015522,0.9635378826298447,0.0
0.03646211614214826,0.9635378838578518,0.0
0.03646211557917642,0.9635378844208236,0.0
0.0364621153210871,0.9635378846789129,0.0
0.03646211520276851,0.9635378847972315,0.0
0.03646211514852467,0.9635378848514753,0.0
0.03646211513369749,0.9635378848663025,0.0
0.036462115118214206,0.9635378848817858,0.0
0.036462115109514366,0.9635378848904856,0.0
0.03646211510560183,0.9635378848943982,0.0
0.03646211510389706,0.9635378848961029,0.0
0.036462115103159796,0.9635378848968402,0.0
0.03646211510284444,0.9635378848971555,0.0
0.03646211510270601,0.963537884897294,0.0
0.036462115102644736,0.9635378848973553,0.0
0.03646211510262111,0.9635378848973788,0.0
0.03646211510261088,0.9635378848973891,0.0
0.036462115102609854,0.9635378848973901,0.0
0.03646211510260973,0.9635378848973903,0.0
0.036462115102608675,0.9635378848973913,0.0
0.03646211510260845,0.9635378848973916,0.0
0.03646211510260994,0.9635378848973901,0.0
0.036462115102607065,0.9635378848973929,0.0
