0.55,0.25,0.2
0.5453992801957411,0.25224035561256203,0.20236036419169692
0.5249394287068145,0.2621911212338971,0.21286945005928848
0.5205711475956517,0.2643132328537095,0.2151156195506387
0.4877059479573065,0.28025509420125677,0.23203895784143674
0.3760112367145899,0.3341723137451483,0.28981644954026176
0.26384371458927913,0.38797819197358074,0.3481780934371401
0.21775259128816982,0.40997474926231997,0.37227265944951027
0.1797975571606379,0.4280523366524973,0.3921501061868649
0.15137920211522035,0.4416119647364092,0.40700883314837044
0.12913777126940204,0.4523300590993963,0.41853216963120166
0.1126449712066527,0.4604817733466183,0.426873255446729
0.09987959047934243,0.4671693514052006,0.43295105811545703
0.09141168787175769,0.47220054094985475,0.43638777117838756
0.08614938910095467,0.4762292983616277,0.4376213125374177
0.08316507930559394,0.47997576734902375,0.43685915334538233
0.08174586608860161,0.48404015746476264,0.4342139764466358
0.08089910411364966,0.49004237755141916,0.4290585183349313
0.07987071102491226,0.5004356225755389,0.4196936663995489
0.07756769124378632,0.5243606099439753,0.3980716988122384
0.06789025456316379,0.625850387982055,0.3062593574547812
0.05267756173576495,0.7881660282336526,0.15915641003058248
0.04334887573589308,0.8889504918387668,0.06770063242534005
0.03974127379335304,0.928036193784392,0.03222253242225505
0.03778385717875514,0.949236406080381,0.01297973674086389
0.03714867848604444,0.9561110929021887,0.0067402286117670285
0.036791059877732915,0.9599801231769176,0.003228816945349591
0.03660929765604614,0.9619461262595645,0.0014445760843893943
0.03652785651483621,0.9628269263454112,0.0006452171397526286
0.0364914567825089,0.9632205754480285,0.00028796776946258645
0.036475206326172,0.9633963136612158,0.00012848001261225127
0.03647004529055581,0.9635299547094441,0.0
0.036465652366564905,0.9635343476334352,0.0
0.036463692880290915,0.9635363071197092,0.0
0.03646281885782619,0.9635371811421738,0.0
0.03646242900622915,0.9635375709937708,0.0
0.03646225511630396,0.963537744883696,0.0
0.03646225132989748,0.9635377486701026,0.0
