0.7,0.25,0.05
0.6949222202431861,0.25396522118537085,0.0511125585714432
0.6677306868785474,0.27514784621595545,0.05712146690549721
0.6625674439393492,0.27916125271445735,0.05827130334619355
0.6218911611445085,0.31069751289052816,0.06741132596496327
0.4967206991060135,0.40715027827214006,0.09612902262184644
0.4067531084627447,0.47619124048417494,0.11705565105308036
0.3141654963265858,0.5471030753261867,0.13873142834722738
0.24780186177981833,0.5978472460729535,0.15435089214722822
0.2057873407090709,0.6299394204984808,0.1642732387924482
0.1662780605557407,0.6601122362594978,0.1736097031847616
0.13689054452417512,0.6825927510000428,0.18051670447578214
0.1144929328335825,0.6998169422627902,0.18569012490362724
0.09683905459931591,0.7135576566405707,0.18960328876011343
0.0835898602763571,0.724125969316803,0.19228417040683993
0.073009312211402,0.7329942458358358,0.19399644195276214
0.06574013553369011,0.7397208052079856,0.19453905925832438
0.06094022565140425,0.7450777871908394,0.19398198715775639
0.057929432745381364,0.7498616538737499,0.1922089133808688
0.05629039166787614,0.7546134342375747,0.18909617409454926
0.055290945114422646,0.7608596203323822,0.18384943455319508
0.05438520068955318,0.7698406938825944,0.1757741054278525
0.05285094133897918,0.7862923714046048,0.16085668725641605
0.04896484561352881,0.8281910330110945,0.12284412137537648
0.04284047845906112,0.8944564143597864,0.0627031071811525
0.039089368966670146,0.9350980229700335,0.02581260806329636
0.03767563953662775,0.9504077486847529,0.011916611778619326
0.037100501823472416,0.9566324108906905,0.006267087285837168
0.036771278807383116,0.9601940725114047,0.0030346486812122446
0.036611401610145033,0.9619233331128455,0.0014652652770095467
0.036534100104148745,0.9627593841833391,0.0007065157125122329
0.036496802123036756,0.963162762047361,0.000340435829602313
0.03647882388190553,0.9633571895826496,0.00016398653544488865
0.036473043038321384,0.9635269569616786,0.0
0.03646737762449752,0.9635326223755024,0.0
0.03646464931822535,0.9635353506817746,0.0
0.03646333546775237,0.9635366645322476,0.0
0.036462702773432984,0.9635372972265671,0.0
0.036462398096908516,0.9635376019030915,0.0
0.036462251379126266,0.9635377486208738,0.0
0.0364621807268284,0.9635378192731716,0.0
0.036462146704086915,0.963537853295913,0.0
0.036462142138219904,0.96353785786178,0.0
