0.55,0.3,0.15
0.5453373792189193,0.30281570473062225,0.1518469160504584
0.5243575432923022,0.3154727121070826,0.16016974460061534
0.5243575432923021,0.31547271210708255,0.1601697446006153
0.5199238964385423,0.31814508270101216,0.16193102086044553
0.48653481946980415,0.3382467058545254,0.17521847467567045
0.37730135065127746,0.40377588737828357,0.21892276197043903
0.2780843395616406,0.46305623855438105,0.25885942188397826
0.2238092021779271,0.4953779476472165,0.28081285017485647
0.18335425553936494,0.5194322149334164,0.29721352952721874
0.15277367265535094,0.5376341239861071,0.309592203358542
0.1286353461958624,0.5520919403552177,0.31927271344892
0.11043355063203841,0.5631699975861978,0.32639645178176385
0.09579977067925467,0.5724056643734525,0.33179456494729276
0.08560735507183351,0.5793514074363311,0.3350412374918355
0.07874208418176205,0.5847896850617,0.33646823075653787
0.0743245705482402,0.5894872994617043,0.3361881299900556
0.07189886563698838,0.5939150568295377,0.3341860775334739
0.0705779235256786,0.5994264949067821,0.32999558156753933
0.06968724729141945,0.6070595776083053,0.32325317510027524
0.06839499510209845,0.6205261998220203,0.3110788050758813
0.0653019497369818,0.6532333126725651,0.28146473759045315
0.05178344898504427,0.7977830464566364,0.1504335045583193
0.043398237210554434,0.8884148898021025,0.06818687298734302
0.039324095999654106,0.9325563539048575,0.028119550095488464
0.03838096885322196,0.9427717819503504,0.018847249196427694
0.03755164781466906,0.9517502027212781,0.010698149464052932
0.03693724711693761,0.958398657096945,0.004664095786117376
0.03666807655198425,0.9613103803385075,0.002021543109508272
0.03655116100017539,0.9625748906178314,0.0008739483819931848
0.03650056942170534,0.9631220270437352,0.00037740353455945085
0.036478713318342765,0.9633583880434871,0.00016289863817022397
0.03647184180879779,0.9635281581912022,0.0
0.0364663120309543,0.9635336879690457,0.0
0.03646392598403686,0.9635360740159631,0.0
0.036462896452084885,0.9635371035479151,0.0
0.036462452234064954,0.963537547765935,0.0
0.03646226056564181,0.9635377394343583,0.0
0.03646218519490767,0.9635378148050923,0.0
