0.05,0.35,0.6
0.050083471340923884,0.349983352234464,0.5999331764246121
0.05026167086729975,0.34994777215034667,0.5997905569823535
0.05034519290262069,0.34993107743735696,0.5997237296600224
0.05101277327022212,0.3497972274020884,0.5991899993276895
0.05628724281854777,0.34871763810845624,0.5949951190729961
0.079947421597406,0.34383232192536123,0.5762202564772329
0.08895259985104742,0.34255112445427066,0.568496275694682
0.09390257696468608,0.3434120168012112,0.5626854062341027
0.09475628326533951,0.3461881736754825,0.5590555430591779
0.094495314685674,0.35037409967881833,0.5551305856355077
0.09372780996399625,0.35825887579396676,0.548013314242037
0.0916020801468403,0.3798621864133996,0.5285357334397601
0.08714251877300082,0.4254289393831679,0.4874285418438313
0.06927473122384269,0.611243543002453,0.31948172577370443
0.055850511474282036,0.7540606433166315,0.19008884520908656
0.04497486898973204,0.8713385781002843,0.08368655290998378
0.040429885033399185,0.9205765061517414,0.03899360881485947
0.038988640978859596,0.9361906728579202,0.024820686163220154
0.03782983634382235,0.9487389635228749,0.013431200133302786
0.03706616120077513,0.9570039232197058,0.005929915579518996
0.03672691899679015,0.9606739153005422,0.002599165702667618
0.03657781923158717,0.9622865770658456,0.0011356037025671787
0.03651259806930506,0.9629919417756521,0.0004954601550429417
0.0364841274310641,0.9632998377925271,0.00021603477640873595
0.03647514553138442,0.9635248544686156,0.0
0.03646779426282726,0.9635322057371728,0.0
0.036464590243437074,0.9635354097565629,0.0
0.03646319382952288,0.9635368061704771,0.0
0.03646258523620185,0.9635374147637981,0.0
0.036462483170323405,0.9635375168296766,0.0
