0.2,0.35,0.45
0.1993281292723822,0.350262288684545,0.45040958204307274
0.19748638389267967,0.3509812450663849,0.4515323710409354
0.19683495739805804,0.35123552927712554,0.4519295133248164
0.19183652433806941,0.3531865194428277,0.4549769562191029
0.1620339257652519,0.3648269225946106,0.47313915164013753
0.13639733162455006,0.37492042358764893,0.4886822447878009
0.11989335854807917,0.38158468156146164,0.4985219598904592
0.10759613655336532,0.3868394463181794,0.5055644171284552
0.09905895684055324,0.3909732813279178,0.509967761831529
0.09386091606046057,0.3942541264051222,0.5118849575344172
0.09096386832940123,0.39742283251495986,0.511613299155639
0.08973962007876768,0.4008954314481034,0.509364948473129
0.0890588803040833,0.4059557697579238,0.5049853499379929
0.08813699764118654,0.4152419973635443,0.49662100499526923
0.0857897858495363,0.4393102438349911,0.47489997031547254
0.07314321748903192,0.570571396337932,0.35628538617303607
0.05763576702359038,0.7349361083387129,0.2074281246376966
0.049662272045612944,0.8206641521582702,0.12967357579611694
0.04415775216768685,0.8801859950697765,0.07565625276253675
0.0398285442520115,0.9270896859236959,0.033081769824292576
0.03806952530308169,0.9461438547934339,0.01578661990348436
0.03749271485637895,0.952388042829447,0.010119242314174045
0.03696575020859441,0.9580902985529428,0.004943951238462909
0.036703889504790616,0.9609230183789925,0.0023730921162168636
0.03657718873571108,0.9622933974014636,0.001129413862825354
0.03651412683266169,0.9629754095760383,0.0005104635913000727
0.03648560966497177,0.9632838087856048,0.0002305815494234499
0.03647272512882094,0.9634231460857826,0.0001041287853964164
0.03646862064205533,0.9635313793579446,0.0
0.03646505237581171,0.9635349476241883,0.0
0.03646344127756146,0.9635365587224386,0.0
0.03646271386600615,0.9635372861339938,0.0
0.036462385441632175,0.9635376145583678,0.0
0.03646235183805438,0.9635376481619456,0.0
