0.25,0.35,0.4
0.24886058011374057,0.3504759160269713,0.4006635038592881
0.24537186605596312,0.3519328092432031,0.4026953247008338
0.2442780530123015,0.3523895001759386,0.4033324468117599
0.23595734608361857,0.35586222950944146,0.40818042440693997
0.19035778180671137,0.37485937184395823,0.43478284634933034
0.1569436769120414,0.38878140280005863,0.45427492028790006
0.13497939422501246,0.3980132861395057,0.46700731963548187
0.11802069095035875,0.40531608884168535,0.47666322020795576
0.1054783113310779,0.4110323282585819,0.4834893604103402
0.09700142258921436,0.41539800821193956,0.48760056919884615
0.09143500474683766,0.4191322415837182,0.48943275366944416
0.0885923660962044,0.4224155788875251,0.48899205501627035
0.08728610290456437,0.42617925260920114,0.4865346444862345
0.08657917464998038,0.4313935342781599,0.48202729107185976
0.08564957595469279,0.4407581099727981,0.4735923140725091
0.08341705094994827,0.46374126381130193,0.45284168523874974
0.0717399665500799,0.5852923999107337,0.3429676335391865
0.056376617497252535,0.7484259865915734,0.195197395911174
0.04958279638096005,0.8215238421436838,0.12889336147535613
0.04390301730504236,0.8829452719167994,0.07315171077815835
0.039674897821466826,0.9287543026271783,0.03157079955135486
0.03795405561442011,0.9473939821812619,0.014651962204318067
0.03733446336755311,0.9541007196627876,0.008564816969659267
0.03688068421779389,0.9590105816557478,0.00410873412645828
0.03666213479383461,0.9613746489309714,0.0019632162751940605
0.03655480022407581,0.9625355330713686,0.0009096667045555829
0.036505020912370297,0.9630738866113312,0.00042109247629856024
0.03648196792206363,0.9633231919131694,0.00019484016476699307
0.036474586790240425,0.9635254132097596,0.0
0.036467883756689926,0.96353211624331,0.0
0.03646478328429649,0.9635352167157035,0.0
0.03646334920850994,0.9635366507914901,0.0
0.03646268590747595,0.9635373140925241,0.0
0.03646237911364243,0.9635376208863576,0.0
0.036462313418128556,0.9635376865818714,0.0
