0.30000000000000004,0.35000000000000003,0.35000000000000003
0.2983096692465801,0.35075939287424807,0.3509309378791718
0.2926869583666781,0.35328477025734634,0.35402827137597553
0.29107876097336083,0.3540068847471623,0.3549143542794768
0.2789350590317401,0.3594569059524584,0.3616080350158016
0.22187708639322642,0.3849992559086141,0.3931236576981594
0.1800391443172215,0.40367325372330026,0.4162876019594783
0.1523827840758289,0.4160382332533703,0.4315789826708008
0.13064207087249285,0.42585622011267754,0.44350170901482966
0.11402533374431023,0.4335653765009399,0.4524092897547498
0.10214790150454091,0.4394188548005773,0.4584332436948818
0.09354366882370456,0.44425692583045717,0.4621994053458383
0.0884255152104244,0.44806968378840834,0.4635048010011674
0.08572580296588107,0.4515255453588219,0.462748651675297
0.08443553173383202,0.4555150409590619,0.4600494273071061
0.0836741809611876,0.46127978043877815,0.4550460386000342
0.08262930992349715,0.47187690276946226,0.44549378730704065
0.08000230096036419,0.4990630843349407,0.4209346147046951
0.06693274010097096,0.6359608369618789,0.2971064229371502
0.051782313689112534,0.797801855734527,0.15041583057636046
0.04418308541330169,0.879914857631221,0.07590205695547714
0.03982234064700625,0.9271556603716555,0.03302199898133822
0.03794416357810953,0.9475008662392524,0.014554970182638023
0.03740949303605438,0.9532887252163362,0.009301781747609497
0.0369320024812492,0.9584554043853785,0.004612593133372376
0.03668970321070141,0.9610764631585439,0.002233833630754773
0.0365699332690621,0.9623718673691498,0.0010581993617880976
0.03651239727419082,0.9629941142289774,0.000493488496831807
0.03648552717409868,0.9632847009141848,0.00022977191171646448
0.0364730133904401,0.9634200287744495,0.00010695783511040379
0.03646900318760779,0.9635309968123922,0.0
0.03646532086934023,0.9635346791306598,0.0
0.036463607074918906,0.9635363929250811,0.0
0.036462809467061714,0.9635371905329382,0.0
0.03646243825933982,0.9635375617406602,0.0
0.03646227847250684,0.9635377215274931,0.0
