0.0,0.8200471414852983,0.0,0.1799528585147017
0.0,0.8691351645987148,0.0,0.13086483540128535
0.0,0.8803414674007732,0.0,0.11965853259922679
0.0,0.9908777832246886,0.0004047190174341026,0.008717497757877293
0.0,0.8516895637341524,0.00012195249689750478,0.14818848376895008
0.0,0.9414124880385114,0.0003239110650789865,0.058263600896409605
0.0,0.8782721853136004,0.0,0.12172781468639961
0.0,0.8671749443043546,0.0,0.1328250556956454
0.0,0.8808025280835943,0.0,0.11919747191640584
0.0,0.8693416454489027,0.0,0.13065835455109734
0.0,0.9753051506865443,0.0003544222749584726,0.02434042703849711
0.0,0.8221748695637464,0.0,0.17782513043625356
0.0,0.9365341407440068,0.000282615857597735,0.06318324339839551
0.0,0.8224497182828864,0.0,0.1775502817171136
0.0,0.9649285988053373,0.00048628093858313955,0.03458512025607949
0.0,0.919207137950168,0.00024764166400706846,0.08054522038582504
0.0,0.961058417383014,0.0003417373332339988,0.038599845283752016
0.0,0.8435278650879923,0.00011118425730833695,0.15636095065469938
0.0,0.9174715563739548,0.00013239436183050401,0.08239604926421469
0.0,0.8268999186167999,0.0,0.17310008138320004
0.0,0.9584321702924593,0.0003308045575469223,0.04123702514999379
0.0,0.8725008234716956,0.0001581367177084386,0.1273410398105959
0.0,0.913756405718601,0.00023624168725961688,0.08600735259413941
0.0,0.8422752068763901,0.0,0.1577247931236099
0.0,0.8723970102842277,0.0,0.1276029897157723
0.0,0.940742826855283,0.0002862392441865774,0.05897093390053046
0.0,0.967135583988087,0.00035105071195667205,0.03251336529995639
0.0,0.8749553390714816,0.0,0.12504466092851838
0.0,0.8783197490907348,0.0,0.12168025090926514
0.0,0.8470080606090193,0.00011027846963083723,0.15288166092134986
0.0,0.9508645753548508,0.00033637519874940645,0.04879904944639978
0.0,0.8372347705112496,0.0,0.16276522948875038
0.0,0.9957891468855614,0.0005209870069071778,0.0036898661075314225
0.0,0.9378268028234406,0.00030206702360683946,0.06187113015295271
0.0,0.9688039169299238,0.00035889630420830074,0.0308371867658679
0.0,0.8455100191241017,0.0001868147413274451,0.15430316613457096
0.0,0.8757264929204148,0.0,0.1242735070795852
0.0,0.8221620443677454,0.0,0.17783795563225455
0.0,0.9313317239574066,0.0002727696638453468,0.06839550637874806
0.0,0.9079975009954181,0.0002284072867856195,0.09177409171779626
0.0,0.9181858465352559,0.00025072045565709144,0.08156343300908703
0.0,0.9611553552654039,0.0003362913665673815,0.03850835336802877
0.0,0.8589489673342248,0.0,0.1410510326657752
0.0,0.8169057632501823,0.0,0.1830942367498177
0.0,0.8675753670670082,0.0,0.13242463293299184
0.0,0.8874680109503785,0.0,0.1125319890496215
0.0,0.9714035325658944,0.0003617786037541611,0.028234688830351472
0.0,0.8674937460694596,0.0,0.13250625393054039
0.0,0.8199584510564197,0.0,0.1800415489435803
0.0,0.8224087557822354,0.0,0.17759124421776468
0.0,0.9439081012969393,0.00028850254898058885,0.0558033961540802
0.0,0.8887868652810207,0.0002074566182816772,0.11100567810069766
0.0,0.9824546854664217,0.0004263696775556128,0.01711894485602272
0.0,0.8703552382278029,0.0,0.12964476177219716
0.0,0.8285206783313191,0.0,0.17147932166868082
0.0,0.9014048113414135,0.00021783798178813475,0.09837735067679848
0.0,0.8269802786583942,0.0,0.1730197213416058
0.0,0.9666737170074837,0.0003508061989298194,0.0329754767935865
0.0,0.9054688596263756,0.00023602500978859778,0.09429511536383588
0.0,0.9242687606832303,0.0002543433743502749,0.07547689594241946
0.0,0.9347656066920611,0.0002784004106797943,0.06495599289725908
0.0,0.868864929418036,0.0,0.13113507058196416
0.0,0.8810188354704782,0.0,0.11898116452952184
0.0,0.885265038765735,0.0001745998214767747,0.11456036141278822
0.0,0.8631995505025329,0.00014234047675506438,0.13665810902071196
0.0,0.9020712818632927,0.0002705098756618684,0.09765820826104549
0.0,0.8949933011145466,0.00020150465407430907,0.10480519423137921
0.0,0.8689685543897208,0.0001525815092930146,0.13087886410098631
0.0,0.8723356747544402,0.0,0.12766432524555987
0.0,0.868726506095438,0.00015048845565365665,0.13112300544890834
0.0,0.847423558982237,0.00011652636202708788,0.1524599146557359
0.0,0.8296837623121691,0.0,0.17031623768783097
0.0,0.9892183962500691,0.0004520023112950573,0.010329601438635858
0.0,0.8718522647125567,0.0,0.12814773528744325
0.0,0.8046629244858833,0.0,0.19533707551411672
0.0,0.8185702376699504,0.0,0.18142976233004965
0.0,0.8808781483273185,0.0,0.1191218516726816
0.0,0.8779175693090329,0.00018114959152071375,0.12190128109944642
0.0,0.8378456712899655,0.0,0.1621543287100345
0.0,0.8067992986441161,0.0,0.19320070135588382
0.0,0.8765477395391205,0.0,0.12345226046087956
0.0,0.871908282360373,0.0,0.12809171763962696
0.0,0.9842991225211741,0.0003827765239099122,0.015318100954915911
0.0,0.9894335649772527,0.0003924604072357944,0.010173974615511517
0.0,0.8784687521981069,0.0,0.12153124780189309
0.0,0.8688778845971439,0.0,0.13112211540285612
0.0,0.8716596978228512,0.0,0.12834030217714876
0.0,0.8689912511684539,0.0,0.13100874883154606
0.0,0.8277479942098155,0.0,0.17225200579018457
0.0,0.8249918737700388,0.0,0.17500812622996118
0.0,0.8928129325180242,0.00022766196779572677,0.10695940551418001
0.0,0.8338519261131832,0.0,0.1661480738868169
0.0,0.8676182869459553,0.0,0.13238171305404467
0.0,0.8653575736914662,0.0001458304420854139,0.13449659586644847
0.0,0.8153975681479153,0.0,0.18460243185208464
0.0,0.8232627151319822,0.000121516838873753,0.176615768029144
0.0,0.8841720759732685,0.0,0.11582792402673148
0.0,0.8790563131025289,0.0,0.12094368689747113
0.0,0.8399201007451976,0.0,0.16007989925480237
0.0,0.9901536331064922,0.0004188521429833494,0.009427514750524566
