0.55,0.35,0.1
0.5414346556698189,0.357142590139645,0.10142275419053602
0.49469880556406354,0.3965027350057737,0.10879845943016286
0.485973954880679,0.403926084282098,0.11009996083722313
0.41685489058219,0.4636489368491704,0.11949617256863958
0.22100388345251826,0.6445347777884713,0.1344613387590103
0.1177070921664536,0.7523933752907628,0.12989953254278358
0.056562383682770875,0.8271199706065836,0.11631764571064546
0.02839156497022726,0.8697936085457427,0.10181482648403008
0.013964728863242126,0.8983948914313685,0.08764037970538945
0.006383099217052921,0.9198095328279974,0.07380736795494969
0.002928811004565426,0.9350108958794944,0.06206029311594019
0.0013503436686185504,0.9464362826140924,0.052213373717289124
0.0006255471636832886,0.955386150532494,0.04398830230382283
0.00029103317774020483,0.962593145906599,0.037115820915660847
0.0001359106388662904,0.968500685596719,0.03136340376441476
0.0,0.9734603199289213,0.026539680071078653
0.0,0.9775179591538292,0.022482040846170788
0.0,0.9809355291396912,0.019064470860308904
0.0,0.9838193364119237,0.016180663588076388
0.0,0.986256613219501,0.013743386780499101
0.0,0.9883193024202661,0.011680697579733843
0.0,0.9900951341323212,0.009904865867678796
0.0,0.9915969605180798,0.008403039481920263
0.0,0.9922995954520017,0.0077004045479982085
0.0,0.9932536983886965,0.006746301611303492
0.0,0.9943239600603525,0.005676039939647495
0.0,0.9952229625592699,0.0047770374407301325
0.0,0.995978534874581,0.004021465125418976
0.0,0.9966138616011421,0.0033861383988578585
0.0,0.9971482928995115,0.0028517071004884615
0.0,0.9975980034565295,0.002401996543470519
0.0,0.9979765312337339,0.002023468766266192
0.0,0.9982952198353222,0.0017047801646777037
0.0,0.9985635831070048,0.0014364168929951585
0.0,0.9987896066218056,0.0012103933781944512
0.0,0.9989800342461667,0.0010199657538333571
0.0,0.9991410759244516,0.0008589240755484325
0.0,0.9992778116105447,0.0007221883894552653
0.0,0.9993948021144794,0.0006051978855206221
0.0,0.9994928229673544,0.0005071770326456459
0.0,0.9995798874939708,0.0004201125060292799
0.0,0.9996610390017594,0.0003389609982406296
0.0,0.9997042118381463,0.00029578816185374943
0.0,0.9997797959588279,0.0002202040411721031
0.0,0.9998540301902251,0.0001459698097748891
0.0,1.0,0.0
