0.45,0.5,0.05
0.44174720108057997,0.5077836282172784,0.05046917070214168
0.39929392718137985,0.5479913695530516,0.05271470326556858
0.3912859885655728,0.5556088298706223,0.05310518156380491
0.32962279648716053,0.6146567781459793,0.055720425366860275
0.17309179202630184,0.7688302897562768,0.05807791821742153
0.08219084534223106,0.8639736464941653,0.05383550816360362
0.03206745433214573,0.9222539315952345,0.04567861407261975
0.015970673167057248,0.944354780860182,0.039674545972760794
0.007641621177742685,0.958419775162243,0.033938603660014395
0.003521701879831746,0.967773201130712,0.028705096989456287
0.0016244736918294145,0.9741231618400524,0.02425236446811813
0.0007505482233267108,0.9787581724038241,0.020491279372849176
0.0003473841008301479,0.9823308646836068,0.01732175121556314
0.00016105138956677673,0.985187591305226,0.014651357305207259
0.0,0.987598915097327,0.012401084902672969
0.0,0.9894989354297442,0.010501064570255687
0.0,0.991103282860362,0.00889671713963805
0.0,0.9924592312139048,0.0075407687860952685
0.0,0.9936061514209303,0.006393848579069596
0.0,0.994576923941095,0.005423076058904971
0.0,0.9953990759787403,0.004600924021259594
0.0,0.9960957021257469,0.003904297874253083
0.0,0.9966862137902442,0.0033137862097558425
0.0,0.9971931152480984,0.0028068847519016897
0.0,0.9974186580253636,0.0025813419746365295
0.0,0.9977474976540057,0.0022525023459942428
0.0,0.9981055589408244,0.0018944410591755303
0.0,0.9984065349772149,0.0015934650227850944
0.0,0.9986595755835213,0.001340424416478758
0.0,0.9988723498058113,0.0011276501941886179
0.0,0.9990512896827256,0.0009487103172743247
0.0,0.9992017926949484,0.0007982073050516699
0.0,0.9993283902381725,0.00067160976182744
0.0,0.9994348880624526,0.0005651119375473814
0.0,0.9995244835140781,0.0004755164859218965
0.0,0.9995998635336153,0.0004001364663847653
0.0,0.9996633833036459,0.00033661669635412766
0.0,0.999717542302055,0.00028245769794493244
0.0,0.9997643319411534,0.00023566805884647074
0.0,0.9998056402365608,0.00019435976343912587
0.0,0.999843255402142,0.00015674459785798472
0.0,0.9998786904985147,0.00012130950148529443
0.0,1.0,0.0
