0.7,0.05,0.25
0.6918698764993241,0.05160248479737304,0.2565276387033028
0.639907714488951,0.062325068241698596,0.2977672172693504
0.630814322294326,0.06429359070137602,0.304892087004298
0.5544558148812521,0.08208299035883689,0.3634611947599111
0.3425193722675809,0.14891424193377895,0.5085663857986402
0.17720712167767944,0.23963170187797656,0.583161176444344
0.09589110658615799,0.3213448092277917,0.5827640841860504
0.03968645496618397,0.4309690082238242,0.5293445368099918
0.018771294036235023,0.5148456345334548,0.4663830714303102
0.010558167808757981,0.5728929330119726,0.41654889917926935
0.005125473677237264,0.6376620028321854,0.35721252349057725
0.002481495919156323,0.6938185485463565,0.3036999555344872
0.0012074157081763087,0.741453302527555,0.2573392817642687
0.0005869762793723549,0.7818842658449608,0.21752875787566694
0.00029013167615035245,0.8152609040992523,0.18444896422459742
0.00014428464549954978,0.8432178551975861,0.1566378601569144
0.0,0.8670726315119291,0.13292736848807082
0.0,0.8873138150827962,0.11268618491720384
0.0,0.9045695632594667,0.09543043674053334
0.0,0.9192884104343693,0.08071158956563076
0.0,0.9318733487436239,0.06812665125637601
0.0,0.9426969584362298,0.05730304156377015
0.0,0.952138522052329,0.04786147794767105
0.0,0.95647617588634,0.04352382411365987
0.0,0.961858914656356,0.038141085343644014
0.0,0.9676936973851464,0.03230630261485351
0.0,0.9727673670129517,0.027232632987048238
0.0,0.9770584309745156,0.022941569025484367
0.0,0.9806736177854048,0.019326382214595116
0.0,0.9837180518829847,0.016281948117015305
0.0,0.9862820520262632,0.013717947973736782
0.0,0.9884418323480403,0.011558167651959819
0.0,0.9902615715391487,0.009738428460851207
0.0,0.9917953545528121,0.008204645447187933
0.0,0.9930888594966493,0.006911140503350734
0.0,0.994180832857842,0.005819167142157999
0.0,0.9950987425114789,0.004901257488521174
0.0,0.9958707755127453,0.004129224487254715
0.0,0.9965204280449009,0.003479571955099157
0.0,0.9970804961048726,0.0029195038951273363
0.0,0.9973458900099268,0.0026541099900732248
0.0,0.9977406810700014,0.002259318929998649
0.0,0.9981555383444455,0.001844461655554585
0.0,0.998521548990265,0.0014784510097349943
0.0,0.9988662683598294,0.001133731640170674
0.0,0.9991964273892863,0.0008035726107137218
0.0,0.9995076189019663,0.0004923810980337417
0.0,0.9997577238442188,0.00024227615578131535
0.0,0.9998887932616211,0.00011120673837905086
0.0,1.0,0.0
