0.2,0.75,0.05
0.19482221836652874,0.7551868973325747,0.049990884300896585
0.16914990530823637,0.7810580970030363,0.049791997688727385
0.16463578425658426,0.7856363162906304,0.04972789945278544
0.131971829271649,0.8190796783076268,0.048948492420724216
0.054362187704425274,0.9023608619417399,0.04327695035383492
0.02314293571107818,0.940037191693914,0.036819872595007956
0.011708926480810074,0.956304325436973,0.031986748082216944
0.0055704431907899485,0.9671302941700316,0.02729926263917849
0.002625671705531748,0.9741746962156864,0.023199632078781857
0.0012386646750519202,0.979058511341841,0.019702823983107142
0.0005851021372199767,0.9826800750985584,0.016734822764221693
0.0002767631483289223,0.9855036806423538,0.01421955620931724
0.0001310836586235974,0.9877807529973553,0.012088163344021007
0.0,0.9897181963016255,0.010281803698374472
0.0,0.9912516146206678,0.008748385379332145
0.0,0.9925533139068171,0.007446686093182891
0.0,0.9936597007119359,0.006340299288064114
0.0,0.9946062093629703,0.005393790637029804
0.0,0.9954481486949596,0.0045518513050403706
0.0,0.99615774726587,0.0038422527341299352
0.0,0.996756069467583,0.003243930532417022
0.0,0.9970450481054688,0.0029549518945312394
0.0,0.9974048105552957,0.002595189444704205
0.0,0.9978151516363639,0.0021848483636361248
0.0,0.9981603914004628,0.001839608599537278
0.0,0.9984509220568022,0.0015490779431978103
0.0,0.9986954584246901,0.00130454157530991
0.0,0.9989013140044843,0.001098685995515661
0.0,0.9990746300883342,0.0009253699116657594
0.0,0.999220566327752,0.0007794336722478994
0.0,0.999343459548875,0.0006565404511249828
0.0,0.9994469563250643,0.0005530436749356318
0.0,0.9995341237995047,0.0004658762004952651
0.0,0.9996075424375763,0.0003924575624237514
0.0,0.9996695014527508,0.00033049854724914805
0.0,0.9997221054270643,0.0002778945729357508
0.0,0.9997671328012782,0.00023286719872179097
0.0,0.9998062603371665,0.000193739662833496
0.0,0.9998411372367165,0.00015886276328354838
0.0,0.9998721017530382,0.00012789824696183576
0.0,1.0,0.0
