0.75,0.15,0.1
0.743576442907724,0.15408545577038546,0.10233810132189057
0.7041858173375884,0.17943905229635682,0.11637513036605468
0.6969288999696196,0.18416798438465465,0.1189031156457257
0.6351338423825744,0.2252122897208679,0.13965386789655768
0.4407616276311136,0.364938420054893,0.1942999523139934
0.25218370915934896,0.5227388038689587,0.2250774869716924
0.14344932547554923,0.6325419174050079,0.2240087571194429
0.07475904555798524,0.7187897793912694,0.20645117505074534
0.030911314276880777,0.7940590752501879,0.17502961047293125
0.012712828115718472,0.842711470521339,0.14457570136294248
0.005269618682771324,0.8761347093175614,0.11859567199966722
0.002208764122538961,0.9004904268111554,0.09730080906630555
0.0009359292904614581,0.9190326189854761,0.08003145172406241
0.0004004013584411211,0.9335694744820768,0.06603012415948206
0.00017269114187212737,0.9451865417471018,0.05464076711102606
0.0,0.9546601137831081,0.04533988621689191
0.0,0.962295357100994,0.037704642899006005
0.0,0.9685823939117144,0.031417606088285546
0.0,0.9737772618950006,0.02622273810499945
0.0,0.978082356615197,0.021917643384802905
0.0,0.9799760112876181,0.02002398871238188
0.0,0.9825113473488726,0.01748865265112746
0.0,0.9853012130607667,0.014698786939233313
0.0,0.9876364968072382,0.01236350319276177
0.0,0.9895939959192956,0.010406004080704424
0.0,0.9912367621865171,0.008763237813482894
0.0,0.9926167752238582,0.007383224776141925
0.0,0.9937770392829687,0.006222960717031277
0.0,0.994754236370273,0.0052457636297269065
0.0,0.9955778751899194,0.004422124810080664
0.0,0.9962722735623595,0.0037277264376405737
0.0,0.9968578747722597,0.0031421252277402615
0.0,0.9973519484893819,0.0026480515106181166
0.0,0.9977691437427344,0.0022308562572656548
0.0,0.9981203832371458,0.0018796167628541552
0.0,0.9984161599112763,0.0015838400887237185
0.0,0.9986652783918508,0.001334721608149193
0.0,0.9988779587723371,0.0011220412276629049
0.0,0.9989776167153573,0.0010223832846426749
0.0,0.9991257812448853,0.0008742187551147632
0.0,0.9992810762523571,0.0007189237476430223
0.0,0.9994166378008977,0.0005833621991022096
0.0,0.9995428155603878,0.0004571844396121743
0.0,0.9996632221692674,0.0003367778307326468
0.0,0.999778189263304,0.00022181073669603698
0.0,0.9998809756049468,0.00011902439505317125
0.0,1.0,0.0
