0.55,0.2,0.25
0.5405306130689096,0.20512507886398973,0.2543443080671007
0.4858225549374552,0.23583291473276183,0.278344530329783
0.47615326079726983,0.24146864526228937,0.28237809394044083
0.3998091276248359,0.2884949954855055,0.3116958768896586
0.20983583466122988,0.43386493301076173,0.3562992323280085
0.11247477930804314,0.5397224897434001,0.34780273094855674
0.05431769936263725,0.6321043853655105,0.31357791527185236
0.021411033420220497,0.7173989064581993,0.26119006012158036
0.011071123388551318,0.7628528219470361,0.22607605466441263
0.005231544214982154,0.8041110561170283,0.1906573996679895
0.002505769461461647,0.8366416601306516,0.16085257040788686
0.001215414484166709,0.8627662770350184,0.13601830848081486
0.0005961229112223908,0.8840502118044188,0.11535366528435888
0.0002945021452621644,0.9016382253538902,0.09806727250084764
0.00014493088584574142,0.9164787425470018,0.08337632656715246
0.0,0.9289204910750982,0.07107950892490175
0.0,0.9392672999333765,0.060732700066623485
0.0,0.9480493247443559,0.05195067525564402
0.0,0.95557623233749,0.04442376766250994
0.0,0.9623341551861418,0.03766584481385819
0.0,0.9681495268740717,0.031850473125928216
0.0,0.973150834083867,0.02684916591613292
0.0,0.9775046093218065,0.022495390678193547
0.0,0.9794857313276734,0.02051426867232661
0.0,0.9820441744449662,0.017955825555033895
0.0,0.9849038006209432,0.015096199379056768
0.0,0.9872980051513537,0.012701994848646299
0.0,0.9893053941033308,0.010694605896669103
0.0,0.9909904919182447,0.009009508081755307
0.0,0.9924064859897019,0.007593514010298083
0.0,0.9935991594886037,0.006400840511396301
0.0,0.9946043311990814,0.005395668800918481
0.0,0.9954516873281849,0.004548312671815137
0.0,0.9961662060233958,0.003833793976604259
0.0,0.9967689983869029,0.0032310016130971575
0.0,0.9972779966855806,0.002722003314419341
0.0,0.9977085802880963,0.0022914197119036908
0.0,0.9980708095973774,0.001929190402622622
0.0,0.9983756059135448,0.0016243940864551529
0.0,0.9986369550634948,0.0013630449365051715
0.0,0.9988717359257695,0.0011282640742305166
0.0,0.998990315904624,0.0010096840953760984
0.0,0.9991897490507539,0.00081025094924615
0.0,0.9993887019603173,0.0006112980396827766
0.0,0.9995710317908525,0.0004289682091474773
0.0,0.9997424319574572,0.0002575680425428855
0.0,0.9998751607781087,0.00012483922189130962
0.0,1.0,0.0
