0.35,0.25,0.4
0.3408597733001724,0.255472550659735,0.40366767604009257
0.29091138142358297,0.2873974930393094,0.4216911255371076
0.2826377266050725,0.2930558250019267,0.42430644839300075
0.22189991339346643,0.33865738031978027,0.4394427062867533
0.11188296728050662,0.45100968443150874,0.43710734828798464
0.050438245447720784,0.5553410163365472,0.394220738215732
0.02446169374935011,0.6309023031776123,0.34463600307303754
0.01196072152570951,0.6917424582221693,0.2962968202521212
0.005928992873130895,0.7408534573466629,0.2532175497802063
0.002982551881788119,0.7808061157478694,0.21621133237034248
0.0015212815651908373,0.8135963445685416,0.18488237386626757
0.0007691503870629326,0.8415322414693834,0.1576986081435536
0.0003860113739568565,0.865295269101152,0.13431871952489124
0.00019173979563944578,0.8855962670355808,0.11421199316877984
0.00013562282967158695,0.894423228084194,0.10544114908613424
0.0,0.9099839458019895,0.09001605419801051
0.0,0.9240927625102203,0.07590723748977961
0.0,0.9360997366411822,0.06390026335881788
0.0,0.9462210922790094,0.05377890772099053
0.0,0.9547402611750506,0.04525973882494937
0.0,0.9619089576834857,0.03809104231651436
0.0,0.9679413918877835,0.03205860811221653
0.0,0.9730185920126614,0.026981407987338578
0.0,0.9772618719176411,0.022738128082358963
0.0,0.9808165002172082,0.01918349978279175
0.0,0.9838001793572615,0.016199820642738498
0.0,0.9863088694235763,0.013691130576423646
0.0,0.9884212345732353,0.011578765426764689
0.0,0.9902183743528221,0.009781625647177886
0.0,0.9917758878572974,0.008224112142702564
0.0,0.9925046542458513,0.0074953457541485965
0.0,0.9934625538868154,0.00653744611318455
0.0,0.9945037840167104,0.0054962159832897236
0.0,0.9953777867367599,0.004622213263240019
0.0,0.9961118230613051,0.003888176938694916
0.0,0.9967285933798383,0.00327140662016164
0.0,0.9972470338062996,0.0027529661937003218
0.0,0.9976845117104848,0.00231548828951521
0.0,0.9980576920426105,0.0019423079573894645
0.0,0.9983803128832114,0.0016196871167885628
0.0,0.9986654203276978,0.0013345796723021892
0.0,0.9989251793495055,0.0010748206504944426
0.0,0.9991693471074163,0.0008306528925836929
0.0,0.9994034242545677,0.0005965757454322445
0.0,0.9996267621852784,0.00037323781472163814
0.0,0.9998104361280447,0.0001895638719552984
0.0,1.0,0.0
