0.35000000000000003,0.30000000000000004,0.35000000000000003
0.341030187668022,0.30604523544765944,0.3529245768843185
0.29262625188205416,0.3404518360587527,0.3669219120591933
0.2926262518820541,0.3404518360587526,0.3669219120591932
0.28448778712909506,0.3465654907752751,0.36894672209562984
0.2246259580342473,0.395131126686972,0.3802429152787806
0.11367971560632087,0.5117034270025801,0.3746168573910992
0.05133624051370054,0.6134990250001789,0.3351647344861206
0.024821035858961903,0.6837995394157058,0.2913794247253324
0.012078152360085036,0.7384210922933172,0.24950075534659782
0.0059476859919402325,0.7814638706591748,0.21258844334888483
0.0029670570044224667,0.8159434396454093,0.18108950335016838
0.0014984042429351376,0.8439716693760435,0.1545299263810214
0.0007521534306701987,0.8675671201401424,0.13168072642918752
0.0003750799877448735,0.8875221491864576,0.11210277082579746
0.00018533650066250335,0.9044987239570839,0.09531593954225348
0.0,0.918719509338324,0.08128049066167595
0.0,0.9311450147418812,0.0688549852581188
0.0,0.941523275552267,0.05847672444773305
0.0,0.9461296075907265,0.053870392409273486
0.0,0.9533592291989792,0.04664077080102078
0.0,0.9605714683188884,0.039428531681111656
0.0,0.9667790159267945,0.033220984073205465
0.0,0.9720203903617106,0.027979609638289396
0.0,0.9764343167731709,0.02356568322682899
0.0,0.980150450343209,0.019849549656791005
0.0,0.9832794472253229,0.01672055277467712
0.0,0.985914589477531,0.014085410522469064
0.0,0.9881344012189319,0.011865598781068014
0.0,0.9900050282930387,0.009994971706961328
0.0,0.9915822902719271,0.008417709728072893
0.0,0.992907498282154,0.007092501717846012
0.0,0.9940218352078689,0.005978164792131123
0.0,0.9949594980341638,0.005040501965836191
0.0,0.9957489549760327,0.004251045023967366
0.0,0.996426135573596,0.0035738644264040054
0.0,0.9967438106286723,0.0032561893713276787
0.0,0.9971603644698133,0.002839635530186766
0.0,0.9976146894931552,0.0023853105068448177
0.0,0.9979960571797214,0.0020039428202785906
0.0,0.9983186007194385,0.0016813992805614867
0.0,0.9985967084354678,0.001403291564532192
0.0,0.9988418090013212,0.0011581909986788208
0.0,0.999064369348316,0.0009356306516839989
0.0,0.9992729065548639,0.00072709344513614
0.0,0.9994723282302884,0.0005276717697115968
0.0,0.9996620248463449,0.00033797515365505674
0.0,0.9998259841339167,0.00017401586608331308
0.0,1.0,0.0
