0.35,0.35,0.3
0.35030581944987527,0.34614122737906655,0.3035529531710583
0.35231553684862127,0.32747936719674137,0.32020509595463736
0.3528832982964817,0.32317843256556245,0.32393826913795587
0.35899218054917664,0.2858328451714531,0.35517497427937034
0.3868070272264946,0.16397870241067078,0.44921427036283473
0.40470219386812717,0.09662306423025073,0.49867474190162214
0.41736725499106087,0.05103165188469684,0.5316010931242424
0.42532112314790627,0.022996616804849608,0.5516822600472441
0.4295067374400229,0.00839342506668492,0.5620998374932923
0.4304038418997443,0.005275653166859738,0.564320504933396
0.4311428923394004,0.002710262393096448,0.5661468452675031
0.4315732407473356,0.0012176987000250042,0.5672090605526394
0.4317670364451683,0.0005458631286552362,0.5676871004261765
0.4318539991944669,0.00024444706302407843,0.5679015537425091
0.43189296030931706,0.00010941762266694479,0.5679976220680161
0.43193155339406336,0.0,0.5680684466059367
0.43192767385964165,0.0,0.5680723261403584
0.4319259376228675,0.0,0.5680740623771325
0.4319251604701982,0.0,0.5680748395298018
0.43192481247114634,0.0,0.5680751875288537
0.43192465649841144,0.0,0.5680753435015885
0.43192458644781917,0.0,0.5680754135521808
0.4319245548429312,0.0,0.5680754451570689
0.4319245404404738,0.0,0.5680754595595262
0.4319245337351937,0.0,0.5680754662648064
0.43192453047399165,0.0,0.5680754695260083
0.43192452875383164,0.0,0.5680754712461683
0.43192452772320594,0.0,0.568075472276794
0.4319245270011102,0.0,0.5680754729988898
0.4319245264170652,0.0,0.5680754735829349
0.4319245258947905,0.0,0.5680754741052095
0.4319245254001548,0.0,0.5680754745998452
0.43192452491788613,0.0,0.5680754750821139
0.4319245244411509,0.0,0.5680754755588491
0.43192452396689174,0.0,0.5680754760331083
0.4319245234937405,0.0,0.5680754765062596
0.4319245230210848,0.0,0.5680754769789151
0.431924522548651,0.0,0.568075477451349
0.4319245220621904,0.0,0.5680754779378097
0.43192452153276867,0.0,0.5680754784672313
0.4319245209149522,0.0,0.5680754790850479
0.4319245201958307,0.0,0.5680754798041692
0.43192451926586223,0.0,0.5680754807341377
0.43192451779837654,0.0,0.5680754822016234
0.43192451515776836,0.0,0.5680754848422317
0.43192450874207977,0.0,0.5680754912579202
0.4319244800898317,0.0,0.5680755199101684
0.4319243645299926,0.0,0.5680756354700075
