0.5,0.35,0.15
0.49680364370214075,0.3523343746936326,0.15086198160422665
0.484209557526255,0.36129918711924175,0.15449125535450325
0.4811123480979742,0.3634412903684287,0.1554463615335972
0.4573217534504328,0.3788703995044982,0.16380784704506904
0.37342455645725514,0.38242912771928433,0.24414631582346066
0.3716039183866125,0.31103282086638034,0.31736326074700716
0.3802535509666573,0.259769349126589,0.35997709990675364
0.40604881766413364,0.1513120085040097,0.4426391738318565
0.4245442125936117,0.08379454526579816,0.4916612421405901
0.4329937841482497,0.0541966791835721,0.5128095366681782
0.44168772782888877,0.024308402899518994,0.5340038692715923
0.4460906350178967,0.009353875900955141,0.5445554890811481
0.44738386877006575,0.004982065908508658,0.5476340653214257
0.4481324014213351,0.002455716891241363,0.5494118816874235
0.448535073355199,0.001097881983689751,0.5503670446611112
0.44871548672976874,0.0004897890855656338,0.5507947241846656
0.44879605060203254,0.00021829765994781992,0.5509856517380197
0.4488756275423573,0.0,0.5511243724576427
0.4488674237994818,0.0,0.5511325762005181
0.448863769543052,0.0,0.5511362304569479
0.4488621417414777,0.0,0.5511378582585224
0.4488614164957323,0.0,0.5511385835042677
0.44886109322082923,0.0,0.5511389067791708
0.44886094896842105,0.0,0.5511390510315789
0.44886088444520306,0.0,0.5511391155547969
0.4488608554299373,0.0,0.5511391445700626
0.4488608422283625,0.0,0.5511391577716375
0.44886083606951,0.0,0.5511391639304899
0.4488608330471755,0.0,0.5511391669528245
0.44886083142170746,0.0,0.5511391685782925
0.44886083041834207,0.0,0.551139169581658
0.4488608296920337,0.0,0.5511391703079663
0.4488608290891141,0.0,0.5511391709108858
0.44886082854114656,0.0,0.5511391714588534
0.44886082801765226,0.0,0.5511391719823477
0.44886082750505724,0.0,0.5511391724949427
0.44886082699731616,0.0,0.5511391730026839
0.4488608264917369,0.0,0.5511391735082631
0.4488608259871204,0.0,0.5511391740128796
0.4488608254829326,0.0,0.5511391745170673
0.4488608249789359,0.0,0.551139175021064
0.44886082445311426,0.0,0.5511391755468857
0.44886082387290077,0.0,0.5511391761270993
0.4488608231961425,0.0,0.5511391768038574
0.4488608223555956,0.0,0.5511391776444045
0.4488608212263354,0.0,0.5511391787736646
0.4488608195041014,0.0,0.5511391804958986
0.44886081620190593,0.0,0.5511391837980941
0.44886080926086397,0.0,0.551139190739136
0.44886076881314263,0.0,0.5511392311868574
0.448860669251035,0.0,0.551139330748965
