0.15,0.6,0.25
0.14969711100828753,0.5963539307276922,0.2539489582640203
0.1489168289973336,0.577488732764253,0.27359443823841334
0.14888269209191532,0.5729603651287911,0.27815694277929354
0.15039048474821357,0.5298008713762078,0.3198086438755787
0.16234278774076724,0.41083291674113387,0.4268242955180989
0.18427813014002606,0.2519452725843281,0.5637765972756459
0.20037591957016057,0.14578870959550486,0.6538353708343346
0.2137617977258109,0.06041851397544396,0.7258196882987452
0.21683555311930808,0.04106705240057688,0.742097394480115
0.22101795385577527,0.014857965378345078,0.7641240807658797
0.22233786675546607,0.006613613766012206,0.7710485194785217
0.22293092927305244,0.0029132385025089714,0.7741558322244386
0.22319325151607636,0.0012772652678042897,0.7755294832161194
0.2233084716426581,0.0005588419542075201,0.7761326864031344
0.22335892387071013,0.0002442885834410412,0.7763967875458488
0.2233809857771862,0.00010674437456197262,0.7765122698482518
0.22340104558993956,0.0,0.7765989544100605
0.22339939089266048,0.0,0.7766006091073395
0.22339866793053645,0.0,0.7766013320694636
0.22339835199657646,0.0,0.7766016480034235
0.22339821386719358,0.0,0.7766017861328064
0.22339815340820543,0.0,0.7766018465917947
0.22339812687778382,0.0,0.7766018731222162
0.22339811516825564,0.0,0.7766018848317443
0.22339810993287762,0.0,0.7766018900671224
0.2233981075255746,0.0,0.7766018924744253
0.2233981063536472,0.0,0.7766018936463528
0.22339810572136343,0.0,0.7766018942786366
0.2233981053248097,0.0,0.7766018946751903
0.22339810503122895,0.0,0.7766018949687711
0.22339810478262936,0.0,0.7766018952173707
0.22339810455367873,0.0,0.7766018954463213
0.2233981043333113,0.0,0.7766018956666887
0.22339810411669317,0.0,0.7766018958833069
0.22339810390171286,0.0,0.7766018960982872
0.22339810368744795,0.0,0.776601896312552
0.22339810347349556,0.0,0.7766018965265044
0.22339810325967974,0.0,0.7766018967403202
0.2233981030459235,0.0,0.7766018969540764
0.22339810282154315,0.0,0.7766018971784568
0.22339810256915626,0.0,0.7766018974308436
0.2233981022677041,0.0,0.7766018977322959
0.2233981018815501,0.0,0.7766018981184498
0.22339810134657453,0.0,0.7766018986534254
0.2233981004974273,0.0,0.7766018995025727
0.22339809963976162,0.0,0.7766019003602384
0.2233980957497237,0.0,0.7766019042502763
0.22339807165813286,0.0,0.7766019283418671
0.22339798761948831,0.0,0.7766020123805116
