0.75,0.05,0.2
0.7494801775791696,0.05023591112194149,0.20028391129888887
0.7478567020806148,0.05095917541685314,0.20118412250253198
0.7473312637799936,0.05118875835104054,0.20147997786896585
0.7431309669970413,0.05293964943157306,0.20392938357138574
0.7130181184139354,0.05838213303966718,0.22859974854639753
0.6996607124605436,0.050023886023636735,0.2503154015158196
0.6944057585365072,0.03496708517492306,0.2706271562885698
0.6937046601391694,0.02390479866665562,0.2823905411941749
0.6940488039258903,0.015187542251868164,0.29076365382224156
0.6947899137621827,0.007568539815468346,0.297641546422349
0.6954041672917277,0.0028944953279556283,0.3017013373803166
0.6956255714592025,0.0013814894519694255,0.3029929390888281
0.6957357890091078,0.0006534593792884598,0.3036107516116037
0.6957889406201507,0.0003077718003692491,0.30390328757948004
0.695814199558733,0.00014466367074347146,0.30404113677052347
0.6958733934651797,0.0,0.30412660653482027
0.6958539174989159,0.0,0.30414608250108416
0.695844775758478,0.0,0.304155224241522
0.6958404850081632,0.0,0.30415951499183685
0.695838470797484,0.0,0.30416152920251605
0.6958375248285199,0.0,0.3041624751714801
0.6958370800931221,0.0,0.30416291990687794
0.695836870537317,0.0,0.30416312946268287
0.6958367713268268,0.0,0.3041632286731733
0.6958367238896194,0.0,0.30416327611038063
0.6958367007440254,0.0,0.3041632992559747
0.6958366889958492,0.0,0.30416331100415084
0.6958366825952412,0.0,0.30416331740475877
0.6958366787036641,0.0,0.3041633212963359
0.6958366759893018,0.0,0.3041633240106982
0.6958366738272779,0.0,0.3041633261727221
0.6958366719244059,0.0,0.3041633280755942
0.695836670143126,0.0,0.30416332985687394
0.6958366684188959,0.0,0.30416333158110415
0.6958366667214332,0.0,0.3041633332785668
0.6958366650365293,0.0,0.3041633349634706
0.6958366633575178,0.0,0.3041633366424822
0.6958366616812712,0.0,0.3041633383187288
0.6958366600063216,0.0,0.3041633399936784
0.6958366583319805,0.0,0.3041633416680195
0.6958366566135703,0.0,0.3041633433864296
0.6958366556775345,0.0,0.3041633443224655
0.6958366534533552,0.0,0.3041633465466448
0.695836650624433,0.0,0.30416334937556694
0.6958366469328857,0.0,0.30416335306711434
0.6958366415789573,0.0,0.30416335842104264
0.6958366324504577,0.0,0.3041633675495424
0.695836612353671,0.0,0.304163387646329
0.6958365690935384,0.0,0.30416343090646164
