0.05,0.65,0.3
0.050104384912060256,0.6440319511638498,0.3058636639240899
0.05094097840083702,0.61111407691207,0.337944944687093
0.051172589464116784,0.6038623513943204,0.34496505914156284
0.05388306396005216,0.5356425604434546,0.4104743755964933
0.060068379064722996,0.41266146342359256,0.5272701575116845
0.0683822722618993,0.26597272657704263,0.6656450011610581
0.0765940304052651,0.12877631986014165,0.7946296497345933
0.08084298629087308,0.0593844683219906,0.8597725453871363
0.08290371183427629,0.026002310322808503,0.8910939778429152
0.08301396000376625,0.024220716135334244,0.8927653238608996
0.08367073928176595,0.013615839921672326,0.9027134207965618
0.08418049886913713,0.005394755200076588,0.9104247459307863
0.08438400908641239,0.0021150125253711436,0.9135009783882164
0.08446403312801484,0.0008257156600798106,0.9147102512119053
0.08449189184474122,0.0003769203832609668,0.9151311877719979
0.08450461463968455,0.00017196760788521867,0.9153234177524302
0.08451705012867265,0.0,0.9154829498713273
0.08451683840646657,0.0,0.9154831615935335
