0.1,0.65,0.25
0.09979646642664967,0.6460569923796711,0.2541465411936793
0.09931891249222721,0.6254621448149621,0.2752189426928107
0.09931941868175809,0.6205917174174511,0.28008886390079085
0.10068848253605138,0.5740759940449887,0.3252355234189601
0.10958179286108082,0.4534458508051704,0.4369723563337488
0.12618418443295304,0.2860434402503011,0.587772375316746
0.13952549290537675,0.1633202197816832,0.69715428731294
0.14884230263836246,0.08030027712990752,0.7708574202317301
0.14936148940234603,0.07571870566518149,0.7749198049324726
0.15269743340243513,0.046374745744157,0.8009278208534077
0.15627443432618476,0.015076968886292435,0.8286485967875228
0.15723646322468007,0.006685248041511702,0.8360782887338082
0.15761406359146984,0.0033943370781919736,0.8389915993303382
0.15782140165763323,0.001587993281492751,0.840590605060874
0.15791859821029458,0.0007413730604707843,0.8413400287292346
0.15795099765562906,0.0004591841941618078,0.8415898181502092
0.15795444458107608,0.00042916322727778,0.8416163921916462
0.1579750349636922,0.000249833971467872,0.8417751310648398
0.15799073254565948,0.00011312029264935893,0.8418961471616911
0.15800584785455585,0.0,0.8419941521454442
0.15800464685614074,0.0,0.8419953531438592
0.15800412397601715,0.0,0.8419958760239828
0.1580038962871369,0.0,0.8419961037128632
0.15800381508080766,0.0,0.8419961849191924
