0.8,0.05,0.15
0.7992802899005527,0.050599278797354603,0.15012043130209277
0.7962308151377298,0.05313356831046851,0.15063561655180177
0.7954714446510909,0.05376339744824915,0.15076515790065995
0.7891245066366954,0.05900748567330428,0.15186800769000036
0.7320200629817396,0.10417014467148354,0.16380979234677684
0.66008672578928,0.15176211706254442,0.18815115714817568
0.614168106719441,0.16597361611742278,0.21985827716313616
0.5946271968487906,0.15208959768302222,0.25328320546818717
0.5908792174099501,0.11756649504672931,0.2915542875433206
0.5991776338453656,0.06764507433786202,0.33317729181677236
0.609118358640739,0.029868031093505366,0.3610136102657557
0.6135911013429318,0.014745543525649262,0.37166335513141896
0.616731630361761,0.004536349940767438,0.3787320196974716
0.6175947281130049,0.0017802397665159153,0.3806250321204792
0.6178749902291437,0.0008894539678884912,0.38123555580296786
0.6180250413057267,0.0004133485272399367,0.38156161016703344
0.6180949094127809,0.00019185169542283397,0.3817132388917963
0.6181823816645443,0.0,0.3818176183354556
0.6181679410743359,0.0,0.38183205892566413
0.6181612441605544,0.0,0.38183875583944565
0.6181581384534071,0.0,0.38184186154659294
0.6181566979666051,0.0,0.3818433020333948
0.6181560295811765,0.0,0.38184397041882345
0.6181557191797624,0.0,0.3818442808202376
0.6181555747549131,0.0,0.3818444252450869
0.6181555072833281,0.0,0.3818444927166719
0.6181554754901947,0.0,0.3818445245098053
0.6181554602389207,0.0,0.3818445397610793
0.6181554526570641,0.0,0.38184454734293594
0.6181554486310316,0.0,0.3818445513689685
0.6181554462536099,0.0,0.3818445537463902
0.6181554446405444,0.0,0.38184455535945555
0.6181554433818627,0.0,0.3818445566181373
0.6181554422874863,0.0,0.38184455771251374
0.618155441269288,0.0,0.38184455873071205
0.6181554402864085,0.0,0.3818445597135916
0.6181554393199042,0.0,0.3818445606800958
0.618155438360992,0.0,0.3818445616390081
0.6181554374055998,0.0,0.3818445625944003
0.6181554364518393,0.0,0.38184456354816054
0.6181554354988359,0.0,0.3818445645011641
0.6181554345334498,0.0,0.3818445654665502
0.6181554335122388,0.0,0.3818445664877611
0.6181554323763824,0.0,0.38184456762361757
0.6181554310837115,0.0,0.3818445689162885
0.6181554293694929,0.0,0.3818445706305072
0.61815542694334,0.0,0.3818445730566599
0.6181554231969048,0.0,0.38184457680309525
0.6181554160302438,0.0,0.38184458396975623
0.6181553951181454,0.0,0.38184460488185457
0.618155306878782,0.0,0.3818446931212181
