0.1,0.75,0.15
0.09878670461329181,0.7497810089639674,0.15143228642274087
0.09371673912407005,0.7480405010498322,0.15824275982609776
0.0926565894785079,0.747473743497413,0.15986966702407907
0.08515509314870845,0.7404291692847302,0.17441573756656134
0.07393323364389993,0.7006529607244814,0.22541380563161872
0.07355232805269166,0.5865436071335056,0.3399040648138028
0.08009180860518084,0.4745117855009261,0.4453964058938932
0.09153386553706533,0.3212197802873955,0.5872463541755393
0.1019544587012046,0.19336883876548944,0.7046767025333059
0.10920930950499634,0.1072877875877637,0.78350290290724
0.11260326316865037,0.06755250536333748,0.8198442314680122
0.11590013084008514,0.029208797140089324,0.8548910720198255
0.11748374783704081,0.010869085061946504,0.8716471671010126
0.11779272523922046,0.007296289455081208,0.8749109853056983
0.11809643161962928,0.0037861196806458237,0.8781174486997249
0.11827701200647357,0.0016997884407173114,0.880023199552809
0.11835826199424394,0.0007612554999009535,0.8808804825058552
0.11839468577140032,0.0003405549730092377,0.8812647592555904
0.11841098740721592,0.0001522752965426637,0.8814367372962414
0.11842633952500348,0.0,0.8815736604749965
0.11842514071809244,0.0,0.8815748592819076
0.11842460481380777,0.0,0.8815753951861922
0.11842436522248508,0.0,0.881575634777515
0.11842425807558582,0.0,0.8815757419244142
0.11842421012691517,0.0,0.8815757898730848
0.1184241886376555,0.0,0.8815758113623444
0.11842417897472701,0.0,0.881575821025273
0.11842417459770152,0.0,0.8815758254022985
0.11842417258326411,0.0,0.8815758274167358
0.11842417162480919,0.0,0.8815758283751908
0.11842417113833617,0.0,0.8815758288616639
0.11842417086282013,0.0,0.8815758291371799
0.11842417068159343,0.0,0.8815758293184065
0.11842417054251025,0.0,0.8815758294574897
0.11842417042226357,0.0,0.8815758295777364
0.11842417031043603,0.0,0.8815758296895639
0.11842417020237155,0.0,0.8815758297976285
0.11842417009598896,0.0,0.8815758299040111
0.11842416999035811,0.0,0.8815758300096419
0.11842416988506328,0.0,0.8815758301149367
0.11842416977991863,0.0,0.8815758302200815
0.11842416967484108,0.0,0.8815758303251588
0.11842416956901207,0.0,0.8815758304309879
0.11842416945581641,0.0,0.8815758305441836
0.11842416932866703,0.0,0.8815758306713329
0.11842416917718104,0.0,0.881575830822819
0.11842416898388565,0.0,0.8815758310161144
0.1184241687148921,0.0,0.8815758312851079
0.11842416830163603,0.0,0.881575831698364
0.11842416745256681,0.0,0.8815758325474332
0.11842416583668788,0.0,0.8815758341633122
0.11842415932999727,0.0,0.8815758406700027
0.11842411253280025,0.0,0.8815758874671997
0.11842409995708593,0.0,0.8815759000429141
