0.15,0.75,0.1
0.1475201750906558,0.751967575001073,0.10051224990827122
0.13653798009201587,0.7604797172222031,0.10298230268578103
0.13428887026392203,0.7621773244906228,0.10353380524545519
0.11768000269398354,0.7740981187606059,0.10822187854541059
0.06704017332924778,0.7939624275043742,0.13899739916637804
0.051687829314228585,0.778426213920376,0.16988595676539547
0.04376419374376133,0.7325496799923101,0.22368612626392861
0.04335358237819526,0.6236472141195608,0.3329992035022439
0.04782287773618886,0.49921631447100334,0.4529608077928078
0.0547390986168938,0.3497975747060934,0.5954633266770128
0.06037350617561933,0.23749589377268665,0.702130600051694
0.06323153285401603,0.1821075847461106,0.7546608823998734
0.0674705221265612,0.10124184634914479,0.8312876315242941
0.07031363658232094,0.047654404698541604,0.8820319587191374
0.07185208136527604,0.018830313280906397,0.9093176053538176
0.07237028814829477,0.009145400373749033,0.9184843114779562
0.07262470716107285,0.004394700906682693,0.9229805919322445
0.07275500154366656,0.0019627939178046066,0.9252822045385288
0.07281333808397045,0.0008741880160206168,0.9263124739000089
0.07283934866854863,0.00038885457234849905,0.9267717967591029
0.07285092429908802,0.0001728723091957832,0.9269762033917162
0.0728616698177171,0.0,0.9271383301822829
0.0728608473449507,0.0,0.9271391526550493
0.07286048180818779,0.0,0.9271395181918123
0.07286031933574037,0.0,0.9271396806642596
0.07286024710183621,0.0,0.9271397528981637
0.07286021496769028,0.0,0.9271397850323098
0.07286020065271674,0.0,0.9271397993472833
0.07286019425603621,0.0,0.9271398057439638
0.0728601913779957,0.0,0.9271398086220043
0.07286019006352674,0.0,0.9271398099364733
0.07286018944385897,0.0,0.927139810556141
0.07286018913293854,0.0,0.9271398108670615
0.07286018895921553,0.0,0.9271398110407845
0.07286018884645865,0.0,0.9271398111535413
0.07286018876079314,0.0,0.9271398112392069
0.07286018868716619,0.0,0.9271398113128339
0.07286018861888877,0.0,0.9271398113811112
0.07286018855298852,0.0,0.9271398114470115
0.07286018848814459,0.0,0.9271398115118554
0.07286018842377005,0.0,0.9271398115762299
0.07286018835960413,0.0,0.9271398116403959
0.07286018829553088,0.0,0.927139811704469
0.07286018823149884,0.0,0.9271398117685012
0.07286018816607691,0.0,0.927139811833923
0.07286018809851741,0.0,0.9271398119014826
0.07286018802230276,0.0,0.9271398119776972
0.07286018792614694,0.0,0.927139812073853
0.07286018780212966,0.0,0.9271398121978703
0.07286018762606776,0.0,0.9271398123739323
0.07286018734957479,0.0,0.9271398126504252
0.072860186775006,0.0,0.927139813224994
0.07286018494722003,0.0,0.92713981505278
0.07286018133714561,0.0,0.9271398186628544
0.07286016541011234,0.0,0.9271398345898877
0.07286014348813817,0.0,0.9271398565118618
