0.75,0.1,0.15
0.7486360644844381,0.10112004230183586,0.1502438932137261
0.7429834280887492,0.1057423766196663,0.15127419529158453
0.741562128570639,0.10689953304314206,0.15153833838621902
0.7298466276436897,0.11635497362451509,0.1537983987317953
0.6525955626286022,0.17334954674625516,0.1740548906251425
0.5823170553110877,0.2046366929840362,0.21304625170487612
0.5600513497288233,0.19425841302104715,0.24569023725012964
0.5536899847704716,0.16081228060314362,0.28549773462638484
0.5621622159173004,0.1032553360513408,0.33458244803135884
0.5723356663410475,0.06337142986424729,0.36429290379470525
0.5787786050729433,0.04117114949386703,0.38005024543318966
0.5854088671937807,0.019637865531393118,0.3949532672748261
0.5893899506460973,0.007167974105746766,0.40344207524815595
0.5907084138563228,0.0031003827607643582,0.40619120338291287
0.5911938896904168,0.0016097777306312898,0.407196332578952
0.5914827886415948,0.0007245123613642968,0.407792698997041
0.5916138154992969,0.000323438957579462,0.40806274554312355
0.5916723810750836,0.0001442543918082946,0.4081833645331081
0.591736570360692,0.0,0.40826342963930795
0.5917271308224771,0.0,0.40827286917752287
0.5917229230036293,0.0,0.4082770769963708
0.5917210471535909,0.0,0.4082789528464091
0.5917202106520755,0.0,0.4082797893479245
0.5917198373648134,0.0,0.4082801626351865
0.5917196705179609,0.0,0.40828032948203913
0.5917195956745305,0.0,0.40828040432546947
0.5917195618337269,0.0,0.4082804381662732
0.5917195462662941,0.0,0.4082804537337059
0.5917195388426285,0.0,0.4082804611573715
0.5917195350483384,0.0,0.4082804649516616
0.5917195328715261,0.0,0.4082804671284739
0.5917195314155637,0.0,0.40828046858443623
0.5917195302808573,0.0,0.4082804697191426
0.5917195292893229,0.0,0.4082804707106771
0.5917195283615949,0.0,0.40828047163840503
0.5917195274623029,0.0,0.408280472537697
0.5917195265756839,0.0,0.408280473424316
0.5917195256947126,0.0,0.40828047430528724
0.5917195248162586,0.0,0.4082804751837415
0.5917195239384061,0.0,0.4082804760615939
0.5917195230431301,0.0,0.4082804769568699
0.5917195221084361,0.0,0.40828047789156396
0.5917195210951971,0.0,0.408280478904803
0.591719519936134,0.0,0.4082804800638659
0.5917195185182829,0.0,0.4082804814817171
0.5917195166377288,0.0,0.4082804833622712
0.5917195138659659,0.0,0.40828048613403406
0.5917195090178339,0.0,0.4082804909821662
0.591719502834826,0.0,0.408280497165174
0.5917194661662996,0.0,0.4082805338337005
0.591719385535879,0.0,0.40828061446412095
