0.7000000000000001,0.20000000000000004,0.10000000000000002
0.6967702251703821,0.20305739202188358,0.10017238280773433
0.6818186464397011,0.2171883188978602,0.10099303466243875
0.6784069701069627,0.2204073245018791,0.10118570539115827
0.6500979496849878,0.2470334199786941,0.10286863033631813
0.49208400053138773,0.39149098949587785,0.11642500997273456
0.3352300169676725,0.5155980834506005,0.1491718995817269
0.2725365178956571,0.5380256127753348,0.1894378693290082
0.24534175560262994,0.4906391503781781,0.264019094019192
0.24997800129757283,0.40676788447793044,0.3432541142244967
0.27166536121657814,0.2782710219330903,0.45006361685033164
0.29387828396605004,0.1710959543478779,0.5350257616860721
0.31083965334719066,0.09436271555232248,0.5947976311004869
0.3185702322523554,0.06023258399569058,0.6211971837519541
0.3263184848382043,0.026416978506449362,0.6472645366553463
0.33011432604529317,0.009973648706365038,0.6599120252483418
0.33102904553017976,0.006022097653538076,0.6629488568162822
0.33171765494270805,0.0030500313177717216,0.6652323137395202
0.33210782679558903,0.001367044144588811,0.6665251290598222
0.3322830813071313,0.0006113279855002589,0.6671055907073685
0.33236152867640334,0.00027310102275780843,0.6673653703008389
0.33239658869280436,0.00012194789510688604,0.6674814634120887
0.33243034516625386,0.0,0.6675696548337462
0.3324273167060279,0.0,0.6675726832939721
0.33242596465342666,0.0,0.6675740353465732
0.33242536094598824,0.0,0.6675746390540118
0.332425091285095,0.0,0.6675749087149049
0.33242497073335053,0.0,0.6675750292666495
0.33242491673928215,0.0,0.6675750832607178
0.3324248924543805,0.0,0.6675751075456196
0.33242488143065674,0.0,0.6675751185693433
0.332424876326275,0.0,0.6675751236737251
0.3324248738640867,0.0,0.6675751261359133
0.3324248725812838,0.0,0.6675751274187163
0.3324248718249184,0.0,0.6675751281750816
0.3324248713035368,0.0,0.6675751286964632
0.3324248708870441,0.0,0.6675751291129559
0.33242487051737,0.0,0.6675751294826301
0.3324248701685943,0.0,0.6675751298314058
0.3324248698291469,0.0,0.6675751301708531
0.3324248694938633,0.0,0.6675751305061367
0.3324248691604383,0.0,0.6675751308395618
0.33242486882784283,0.0,0.667575131172157
0.3324248684956178,0.0,0.6675751315043822
0.3324248681635581,0.0,0.6675751318364419
0.3324248678239663,0.0,0.6675751321760337
0.3324248674555202,0.0,0.6675751325444798
0.33242486703425095,0.0,0.6675751329657491
0.3324248665223409,0.0,0.6675751334776591
0.3324248658545839,0.0,0.6675751341454161
0.33242486488419154,0.0,0.6675751351158083
0.3324248631697356,0.0,0.6675751368302644
0.33242485902640856,0.0,0.6675751409735915
0.33242484120476934,0.0,0.6675751587952307
0.3324247267667798,0.0,0.6675752732332203
