0.05,0.25,0.7
0.05049293106906066,0.23851353900230904,0.7109935299286303
0.053417485457907865,0.17108898133369824,0.775493533208394
0.05382480159548234,0.1617839802480267,0.7843912181564908
0.05659326861067952,0.09898991512011238,0.8444168162692082
0.05909129123619636,0.042891619795166126,0.8980170889686375
0.06029703096371161,0.015970422915097947,0.9237325461211905
0.06067573346859277,0.007533518595207747,0.9317907479361995
0.06085600504255203,0.003520315520731683,0.9356236794367163
0.06094060297101794,0.001637645554573627,0.9374217514744084
0.06098003587129708,0.0007602326420841517,0.9382597314866188
0.06099047759447195,0.0005279105431274695,0.9384816118624005
0.06099221395807884,0.0004892780797848211,0.9385185079621363
0.06100223397763485,0.000266345123441275,0.9387314208989239
0.06100884335686082,0.00011929699932613521,0.9388718596438131
0.061015038482450934,0.0,0.9389849615175491
0.06101456740782957,0.0,0.9389854325921705
0.06101436266920438,0.0,0.9389856373307955
0.06101427367002589,0.0,0.938985726329974
0.061014234965220265,0.0,0.9389857650347798
0.06101422261039863,0.0,0.9389857773896014
