0.7,0.25,0.05
0.6951517482514106,0.25482168831350954,0.050026563435079996
0.6707933447846373,0.2790429693888312,0.050163685826531676
0.6707933447846371,0.27904296938883116,0.05016368582653166
0.665591043375434,0.2842151650312571,0.05019379159330896
0.622124649669102,0.32741784928109247,0.05045750104980559
0.4209616350572718,0.5269805338050764,0.0520578311376517
0.2148703517759606,0.7302752949907481,0.05485435323329144
0.11779347999879942,0.8251359575816772,0.057070562419523234
0.052135339481953834,0.8884068314671063,0.05945782905093991
0.022556262982585562,0.9160657814981951,0.06137795551921939
0.016775323803301094,0.9212316050593401,0.06199307113735886
0.008599358085722458,0.9280384965754743,0.06336214533880326
0.003919192496241927,0.931005374519727,0.06507543298403111
0.0017880858359384558,0.9311567382452316,0.06705517591882991
0.0008231417125068031,0.9297434526506169,0.06943340563687628
0.0003834362660197099,0.9272457257715349,0.07237083796244549
0.00018105279970753512,0.9237275558993328,0.07609139130095975
0.0,0.9190785523234763,0.08092144767652372
0.0,0.9126437273301958,0.0873562726698042
0.0,0.9093406624098108,0.09065933759018918
0.0,0.8993444679542479,0.10065553204575206
0.0,0.8826775714820186,0.1173224285179814
0.0,0.8532684247928729,0.1467315752071271
0.0,0.824402654171459,0.175597345828541
0.0,0.8029340199697738,0.19706598003022618
0.0,0.7434179610592252,0.2565820389407748
0.0,0.6270435648489964,0.37295643515100374
0.0,0.5689823063852787,0.4310176936147213
0.0,0.4360641108973285,0.5639358891026716
0.0,0.2741743453871396,0.7258256546128604
0.0,0.13296521363084932,0.8670347863691508
0.0,0.06125878661074587,0.9387412133892542
0.0,0.024974002341221928,0.9750259976587781
0.0,0.016608656788278053,0.983391343211722
0.0,0.009600599777160317,0.9903994002228397
0.0,0.004204930152094356,0.9957950698479057
0.0,0.0018244185989443234,0.9981755814010557
0.0,0.0007893959157047782,0.9992106040842952
0.0,0.0003411504368685761,0.9996588495631314
0.0,0.0001473574685362286,0.9998526425314638
0.0,0.0,1.0
