0.30000000000000004,0.35000000000000003,0.35000000000000003
0.30087163500667385,0.3445075909517895,0.3546207740415366
0.30573684457439,0.3164193354423548,0.37784381998325517
0.30682825255188906,0.31054434477021403,0.382627402677897
0.3166961965007407,0.26144988886213694,0.4218539146371223
0.3469418308970191,0.13078425308774946,0.5222739160152315
0.3617407109698477,0.07153861000826577,0.5667206790218865
0.3708626409599449,0.0358422364105922,0.5932951226294629
0.37681281566441455,0.0128193353745505,0.6103678489610349
0.37785696223828236,0.008798021465053617,0.613345016296664
0.37892749167047446,0.0046805890606421464,0.6163919192688834
0.37960654159403834,0.002071676668064043,0.6183217817378976
0.3799081718648498,0.0009135051678799571,0.6191783229672702
0.38004138514501073,0.0004021393030274134,0.6195564755519618
0.3801000681947562,0.00017689791290793338,0.6197230338923359
0.3801554626608616,0.0,0.6198445373391384
0.3801502490293627,0.0,0.6198497509706373
0.38014795651786976,0.0,0.6198520434821302
0.38014694838335145,0.0,0.6198530516166486
0.3801465049370613,0.0,0.6198534950629387
0.3801463097544201,0.0,0.6198536902455799
0.38014622371891293,0.0,0.6198537762810871
0.38014618566882036,0.0,0.6198538143311797
0.380146168714973,0.0,0.619853831285027
0.38014616103584187,0.0,0.6198538389641581
0.38014615743422886,0.0,0.619853842565771
0.3801461556252477,0.0,0.6198538443747523
0.38014615460437545,0.0,0.6198538453956246
0.3801461539299858,0.0,0.6198538460700143
0.38014615340792296,0.0,0.6198538465920771
0.38014615295282883,0.0,0.6198538470471713
0.3801461525271766,0.0,0.6198538474728233
0.38014615211446817,0.0,0.6198538478855318
0.3801461517074505,0.0,0.6198538482925496
0.3801461513029344,0.0,0.6198538486970656
0.3801461508995183,0.0,0.6198538491004817
0.38014615049658573,0.0,0.6198538495034143
0.38014615009056546,0.0,0.6198538499094345
0.38014614966591226,0.0,0.6198538503340878
0.3801461492032602,0.0,0.6198538507967398
0.38014614867032787,0.0,0.6198538513296722
0.3801461480127401,0.0,0.6198538519872598
0.3801461471346399,0.0,0.6198538528653601
0.3801461458222711,0.0,0.619853854177729
0.3801461434535489,0.0,0.6198538565464512
0.3801461369196428,0.0,0.6198538630803573
0.3801461257991953,0.0,0.6198538742008047
0.38014609114869846,0.0,0.6198539088513016
0.38014599606233307,0.0,0.619854003937667
