0.4,0.35,0.25
0.3989964078583023,0.3487591957088691,0.2522443964328286
0.3955473942982179,0.3431201575620845,0.2613324481396976
0.39478742820151097,0.3414794302660156,0.2637331415324734
0.3904174970727906,0.32524724892132906,0.2843352540058804
0.39374687329122426,0.25280039995656467,0.353452726752211
0.41492583578155307,0.15055344263931553,0.43452072157913146
0.4282174524647348,0.09868240274863965,0.4731001447866256
0.43951241429902954,0.05721834648027598,0.5032692392206946
0.4485935487784998,0.02499836197912686,0.5264080892423734
0.45338538288166375,0.008302901932580004,0.5383117151857564
0.4547355022648879,0.0036318535496479643,0.5416326441854642
0.45533099918932085,0.0015759320506489008,0.5430930687600303
0.45559033010431216,0.0006814202178312514,0.5437282496778567
0.455702637594548,0.0002941893346081867,0.5440031730708438
0.45575115670880517,0.00012692606992813308,0.5441219172212668
0.4557970489911942,0.0,0.5442029510088057
0.45579188997801456,0.0,0.5442081100219855
0.45578966512987523,0.0,0.5442103348701247
0.45578870568978946,0.0,0.5442112943102104
0.45578829194899995,0.0,0.544211708051
0.4557881135321787,0.0,0.5442118864678213
0.4557880365939905,0.0,0.5442119634060095
0.4557880034161926,0.0,0.5442119965838075
0.45578798910904905,0.0,0.544212010890951
0.4557879829394316,0.0,0.5442120170605684
0.4557879802789298,0.0,0.5442120197210703
0.4557879791316508,0.0,0.5442120208683493
0.4557879786369131,0.0,0.5442120213630869
0.4557879784235685,0.0,0.5442120215764316
0.45578797833156787,0.0,0.5442120216684322
0.45578797829189394,0.0,0.5442120217081061
0.4557879782747846,0.0,0.5442120217252154
0.4557879782674058,0.0,0.5442120217325941
0.455787978264223,0.0,0.544212021735777
0.4557879782628497,0.0,0.5442120217371502
0.45578797826225675,0.0,0.5442120217377433
0.4557879782620002,0.0,0.5442120217379998
0.4557879782618868,0.0,0.5442120217381132
0.4557879782618355,0.0,0.5442120217381645
0.45578797826181355,0.0,0.5442120217381865
0.4557879782618031,0.0,0.5442120217381969
0.4557879782617974,0.0,0.5442120217382026
0.45578797826179235,0.0,0.5442120217382077
0.4557879782617848,0.0,0.5442120217382153
0.4557879782617759,0.0,0.5442120217382241
0.45578797826172684,0.0,0.5442120217382732
0.45578797826142564,0.0,0.5442120217385744
