0.45,0.35,0.2
0.4477664023751342,0.35086107180534876,0.20137252581951706
0.4397085201759829,0.3535366302999404,0.20675484952407674
0.43764511540997386,0.35409799877415493,0.2082568858158713
0.42256501423967857,0.3560968007520234,0.22133818500829813
0.3954556250874552,0.3336365993077045,0.2709077756048403
0.39331847915289,0.2736925141097314,0.3329890067373787
0.4088744449076843,0.18518632130149815,0.4059392337908175
0.4314912027043647,0.09421752354676635,0.474291273748869
0.44689875031148085,0.038405233963401196,0.5146960157251179
0.4539183109153429,0.013847022218561284,0.5322346668660959
0.4561812958662188,0.006019225391918556,0.5377994787418626
0.4569882245249735,0.003237592282403277,0.5397741831926233
0.4574799522189625,0.0015449189391410643,0.5409751288418965
0.4577153551648287,0.0007352257417487507,0.5415494190934226
0.45782755562195127,0.00034944384174035814,0.5418230005363084
0.4578809221115412,0.00016598475091426343,0.5419530931375445
0.4579423745264,0.0,0.5420576254735999
0.45793546039738575,0.0,0.5420645396026142
0.45793217773067363,0.0,0.5420678222693264
0.45793061927135437,0.0,0.5420693807286456
0.45792987940316876,0.0,0.5420701205968312
0.45792952815943494,0.0,0.5420704718405651
0.45792936141144397,0.0,0.542070638588556
0.45792928225038626,0.0,0.5420707177496138
0.4579292446699277,0.0,0.5420707553300722
0.45792922682920956,0.0,0.5420707731707904
0.4579292183596174,0.0,0.5420707816403826
0.4579292143388157,0.0,0.5420707856611843
0.45792921243000506,0.0,0.5420707875699949
0.45792921152382765,0.0,0.5420707884761723
0.45792921109363405,0.0,0.542070788906366
0.4579292108894059,0.0,0.542070789110594
0.4579292107924513,0.0,0.5420707892075487
0.45792921074642295,0.0,0.5420707892535771
0.45792921072457116,0.0,0.5420707892754288
0.4579292107141967,0.0,0.5420707892858033
0.4579292107092709,0.0,0.5420707892907292
0.45792921070693177,0.0,0.5420707892930683
0.4579292107058206,0.0,0.5420707892941794
0.45792921070529247,0.0,0.5420707892947076
0.45792921070504095,0.0,0.542070789294959
0.4579292107049194,0.0,0.5420707892950807
0.45792921070485926,0.0,0.5420707892951407
0.4579292107048304,0.0,0.5420707892951696
0.45792921070481474,0.0,0.5420707892951853
0.457929210704807,0.0,0.5420707892951929
0.4579292107048022,0.0,0.5420707892951978
0.457929210704796,0.0,0.542070789295204
0.4579292107047828,0.0,0.5420707892952172
0.4579292107047339,0.0,0.5420707892952661
0.4579292107044464,0.0,0.5420707892955536
