0.6,0.35,0.05
0.5940462576041647,0.355965384747287,0.04998835764854825
0.5649098640118055,0.3851607937820106,0.04992934220618387
0.5587263541011392,0.3913572874659226,0.04991635843293822
0.5083574217382061,0.4418386950715367,0.049803883190257234
0.2660206284048109,0.685007418555692,0.04897195303949704
0.14841394782019213,0.8035006587246066,0.0480853934552013
0.07116358001716001,0.8821284069303952,0.046708013052444854
0.022817453845243495,0.9331557972199421,0.04402674893481438
0.008974587283146564,0.9495639592913534,0.04146145342550002
0.006231656900782021,0.9533729479913565,0.04039539510786138
0.003060773742989414,0.9586971388426423,0.03824208741436827
0.0013481818175271798,0.9629810777487208,0.035670740433752034
0.0005870463448311561,0.9664013416837463,0.03301161197142255
0.0002528079599955298,0.9694377691248027,0.030309422915201792
0.00010768830969765605,0.9722839806671105,0.027608331023191757
0.0,0.9750475853388038,0.02495241466119628
0.0,0.9776215349974022,0.022378465002597856
0.0,0.9800766327734329,0.01992336722656707
0.0,0.98238524294936,0.017614757050639942
0.0,0.9845271124742663,0.015472887525733732
0.0,0.986489614511162,0.013510385488838013
0.0,0.9882672903141804,0.011732709685819692
0.0,0.9898609240845123,0.010139075915487714
0.0,0.990590384360956,0.00940961563904396
0.0,0.9914743925106073,0.008525607489392666
0.0,0.9924972271227684,0.0075027728772315075
0.0,0.9934370780499503,0.006562921950049703
0.0,0.9942717560126406,0.005728243987359452
0.0,0.9950099697460382,0.00499003025396184
0.0,0.9956604838648734,0.004339516135126586
0.0,0.9962318729862092,0.0037681270137908274
0.0,0.9967323434413526,0.003267656558647301
0.0,0.9971696127349593,0.0028303872650407187
0.0,0.9975508362664224,0.002449163733577675
0.0,0.9978825712371562,0.0021174287628439093
0.0,0.9981707686922644,0.0018292313077356021
0.0,0.998420785953845,0.0015792140461550605
0.0,0.9986374131286547,0.0013625868713452555
0.0,0.9988290046462942,0.0011709953537058124
0.0,0.9990065974545035,0.0009934025454965056
0.0,0.9991733410478489,0.00082665895215107
0.0,0.9992543767545509,0.0007456232454491205
0.0,0.9994476745920384,0.0005523254079615465
0.0,0.9996447871191416,0.00035521288085840844
0.0,0.9998193032820026,0.00018069671799735018
0.0,1.0,0.0
