0.2,0.45,0.35
0.20046282736203394,0.44435393937526657,0.3551832332626995
0.2033136874623909,0.41534039837371156,0.3813459141638975
0.2040238848606882,0.4090081212031737,0.38696799393613807
0.21116458067627192,0.3538071787388659,0.4350282405848622
0.23555129658873233,0.20269734229994174,0.561751361111326
0.25098586674625545,0.11674172558524708,0.6322724076684976
0.26170840253693783,0.058965562066363705,0.6793260353966986
0.26786994358402716,0.026263667104503487,0.7058663893114694
0.2708685415201803,0.010457177217049009,0.7186742812627707
0.271494042290718,0.007168142397862834,0.7213378153114192
0.27217521392104144,0.0035894687226732205,0.7242353173562854
0.2725552126972655,0.001594449356115617,0.7258503379466189
0.27272442612581255,0.0007063825430476533,0.7265691913311398
0.27279947411196903,0.0003125771312518024,0.7268879487567792
0.2728326992285954,0.00013824437534429133,0.7270290563960603
0.272864076465237,0.0,0.727135923534763
0.2728612708163626,0.0,0.7271387291836374
0.27286003040179657,0.0,0.7271399695982035
0.27285948201455495,0.0,0.7271405179854451
0.27285923957579405,0.0,0.7271407604242061
0.27285913239567916,0.0,0.7271408676043208
0.27285908501238454,0.0,0.7271409149876156
0.27285906406471094,0.0,0.727140935935289
0.2728590548039616,0.0,0.7271409451960383
0.27285905070988103,0.0,0.727140949290119
0.27285904889993073,0.0,0.7271409511000693
0.27285904809977046,0.0,0.7271409519002295
0.2728590477460276,0.0,0.7271409522539724
0.27285904758964125,0.0,0.7271409524103588
0.27285904752050405,0.0,0.727140952479496
0.27285904748993883,0.0,0.7271409525100612
0.272859047476426,0.0,0.727140952523574
0.2728590474704517,0.0,0.7271409525295482
0.27285904746781015,0.0,0.7271409525321899
0.2728590474666419,0.0,0.7271409525333581
0.2728590474661251,0.0,0.7271409525338749
0.27285904746589623,0.0,0.7271409525341038
0.2728590474657933,0.0,0.7271409525342066
0.2728590474657467,0.0,0.7271409525342534
0.2728590474657256,0.0,0.7271409525342744
0.2728590474657161,0.0,0.7271409525342839
0.2728590474657118,0.0,0.7271409525342881
0.2728590474657093,0.0,0.7271409525342907
0.2728590474657067,0.0,0.7271409525342932
0.27285904746570205,0.0,0.7271409525342979
0.27285904746568984,0.0,0.7271409525343102
0.2728590474656738,0.0,0.7271409525343262
0.27285904746561535,0.0,0.7271409525343847
0.2728590474654074,0.0,0.7271409525345927
