0.2,0.5,0.3
0.19995625067377346,0.49576705195845566,0.30427669736777085
0.20038711642907184,0.4746264326740613,0.32498645089686684
0.2006164473036578,0.46965166279090687,0.3297318899054353
0.20420426772920475,0.4243754662454382,0.37142026602535716
0.22015921212663286,0.3062526204552929,0.4735881674180742
0.24220597681390998,0.17640791658550053,0.5813861066005895
0.2593367800237286,0.08310261855480151,0.6575606014214699
0.2600085906507131,0.07951850435223658,0.6604729049970504
0.26460484036480175,0.05511563040172112,0.6802795292334771
0.271053323829773,0.021189158628642756,0.7077575175415842
0.2733587494981496,0.009137595489763107,0.7175036550120873
0.2740931079234193,0.005306643691252142,0.7206002483853287
0.27461623593564544,0.0025798771695141184,0.7228038868948404
0.2746905717234755,0.0021925581711957102,0.7231168701053288
0.27471179134081064,0.002082002350755647,0.7232062063084337
0.27484736171003454,0.0013757418299187596,0.7237768964600467
0.27499046918889364,0.0006303447633155262,0.7243791860477908
0.27505894361771305,0.0002737363962350315,0.7246673199860519
0.27508869247810236,0.0001188168940228117,0.7247924906278749
0.27511579319871476,0.0,0.7248842068012853
0.2751154282677226,0.0,0.7248845717322774
