0.15,0.6,0.25
0.1494276598909173,0.5970978380960945,0.25347450201298816
0.147400639600144,0.5825647254452379,0.27003463495461827
0.14740063960014396,0.5825647254452377,0.2700346349546182
0.14706384667711078,0.5789359280585714,0.2740002252643179
0.14593137675205226,0.5442116717105204,0.30985695153742737
0.15250036237206457,0.44005326958360014,0.40744636804433537
0.16673185988744849,0.3170449734041221,0.5162231667084294
0.18462926328916934,0.18557415660439164,0.629796580106439
0.19932657969197715,0.08414480259507798,0.7165286177129448
0.2030705254494281,0.058835306201783434,0.7380941683487884
0.20626497418827527,0.03736985175497959,0.7563651740567451
0.20979892161530095,0.013746780436680959,0.7764542979480181
0.2109340707394886,0.006184107944104409,0.782881821316407
0.21144930999587971,0.002755302078387818,0.7857953879257324
0.21167978916568606,0.0012222781151940566,0.7870979327191199
0.21178221290110974,0.0005411607947042569,0.787676626304186
0.21182759630453413,0.00023939088783683397,0.7879330128076291
0.21184767931628845,0.0001058577853417086,0.7880464628983699
0.21186647708932702,0.0,0.788133522910673
0.21186487211803698,0.0,0.788135127881963
0.21186416259332075,0.0,0.7881358374066793
0.21186384893384969,0.0,0.7881361510661503
0.21186371027578485,0.0,0.7881362897242151
0.21186364898008178,0.0,0.7881363510199182
0.21186362188352426,0.0,0.7881363781164757
0.21186360990515063,0.0,0.7881363900948494
0.2118636046099619,0.0,0.7881363953900382
0.21186360226915812,0.0,0.7881363977308419
0.2118636012343768,0.0,0.7881363987656232
0.21186360077693872,0.0,0.7881363992230612
0.21186360057472234,0.0,0.7881363994252776
0.21186360048532984,0.0,0.7881363995146701
0.21186360044581254,0.0,0.7881363995541876
0.21186360042834307,0.0,0.7881363995716569
0.2118636004206202,0.0,0.7881363995793798
0.2118636004172059,0.0,0.788136399582794
0.2118636004156963,0.0,0.7881363995843038
0.2118636004150286,0.0,0.7881363995849714
0.21186360041473315,0.0,0.7881363995852668
0.21186360041460225,0.0,0.7881363995853977
0.21186360041454408,0.0,0.7881363995854559
0.21186360041451746,0.0,0.7881363995854826
0.21186360041450492,0.0,0.7881363995854951
0.2118636004144991,0.0,0.7881363995855009
0.2118636004144963,0.0,0.7881363995855037
0.2118636004144953,0.0,0.7881363995855047
0.2118636004144934,0.0,0.7881363995855066
0.21186360041449054,0.0,0.7881363995855094
0.21186360041448368,0.0,0.7881363995855163
0.2118636004144543,0.0,0.7881363995855457
0.21186360041422958,0.0,0.7881363995857705
0.21186360041238242,0.0,0.7881363995876176
0.21186360041159336,0.0,0.7881363995884066
