0.1,0.65,0.25
0.09959479249707792,0.6467019286214559,0.2537032788814662
0.09816384913585516,0.6300235196245554,0.27181263123958943
0.09793951559194292,0.6259642290143089,0.2760962553937482
0.09733797964769386,0.5873983024215802,0.31526371793072594
0.10182869951729505,0.48868469000934334,0.40948661047336166
0.11171416849843542,0.36657328353654905,0.5217125479650155
0.12509078285505665,0.2272167319293028,0.6476924852156405
0.134910359073267,0.13122594693873596,0.733863693987997
0.141811362223443,0.0654231160466352,0.7927655217299218
0.14566750743303933,0.02907474819908261,0.8252577443678781
0.14753108695465153,0.011598174976059878,0.8408707380692887
0.1480025758783665,0.007185070658397588,0.8448123534632359
0.14838353232368898,0.003621764314421835,0.8479947033618892
0.1485978214486962,0.0016183264866300516,0.8497838520646738
0.14869378483271886,0.0007213593188827264,0.8505848558483984
0.14873660207446146,0.00032119074467311165,0.8509422071808654
0.14875567514001897,0.000142943013903349,0.8511013818460776
0.14877362734520652,0.0,0.8512263726547935
0.14877215270374175,0.0,0.8512278472962582
0.14877149665159822,0.0,0.8512285033484018
0.14877120478914563,0.0,0.8512287952108543
0.1487710749478812,0.0,0.8512289250521188
0.14877101718553026,0.0,0.8512289828144698
0.14877099148891476,0.0,0.8512290085110853
0.1487709800573278,0.0,0.8512290199426722
0.1487709749717896,0.0,0.8512290250282104
0.14877097270940073,0.0,0.8512290272905992
0.1487709717029383,0.0,0.8512290282970617
0.14877097125519614,0.0,0.8512290287448039
0.1487709710560102,0.0,0.8512290289439898
0.14877097096739875,0.0,0.8512290290326012
0.14877097092797822,0.0,0.8512290290720218
0.14877097091044114,0.0,0.8512290290895589
0.14877097090263924,0.0,0.8512290290973608
0.14877097089916827,0.0,0.8512290291008318
0.14877097089762392,0.0,0.8512290291023761
0.14877097089693672,0.0,0.8512290291030633
0.1487709708966308,0.0,0.8512290291033692
0.14877097089649452,0.0,0.8512290291035055
0.14877097089643368,0.0,0.8512290291035663
0.14877097089640634,0.0,0.8512290291035937
0.14877097089639338,0.0,0.8512290291036065
0.1487709708963874,0.0,0.8512290291036125
0.1487709708963844,0.0,0.8512290291036155
0.14877097089638283,0.0,0.8512290291036172
0.14877097089638155,0.0,0.8512290291036185
0.1487709708963796,0.0,0.8512290291036204
0.14877097089637484,0.0,0.8512290291036252
0.14877097089635408,0.0,0.851229029103646
0.148770970896184,0.0,0.851229029103816
0.1487709708961745,0.0,0.8512290291038255
