0.2,0.65,0.15
0.1975978921057215,0.6513003699571732,0.15110173793710535
0.1876090293674543,0.6562070682826997,0.1561839023498461
0.18542348830076053,0.6571567336039622,0.15741977809527724
0.16938436006861302,0.6622703364199973,0.1683453035113897
0.13205739207219425,0.637751720784411,0.2301908871433947
0.12693926773605466,0.5077881704193326,0.36527256184461276
0.13861128547701818,0.37682709005032733,0.4845616244726545
0.14810648377435326,0.29249567000914933,0.5593978462164974
0.16536605276735175,0.15211985623106836,0.6825140910015799
0.1754721555309177,0.07360276891423037,0.750925075554852
0.17963346620831555,0.041748825828820744,0.7786177079628637
0.18323613830753868,0.014348117471552575,0.8024157442209088
0.18432385185679684,0.0061050067366360174,0.8095711414065672
0.18470440616812653,0.0032240481340115026,0.812071545697862
0.1849310214096919,0.0015092063889963225,0.8135597722013118
0.185040887167457,0.0006780262872384287,0.8142810865453046
0.18509029230481963,0.00030429732520484724,0.8146054103699756
0.1851124747004833,0.00013650522528815291,0.8147510200742286
0.1851337617712425,0.0,0.8148662382287575
0.18513197451921887,0.0,0.8148680254807811
0.1851311730346029,0.0,0.8148688269653971
0.18513081362245476,0.0,0.8148691863775452
0.18513065245215718,0.0,0.8148693475478429
0.18513058017935644,0.0,0.8148694198206435
0.18513054777050075,0.0,0.8148694522294992
0.18513053323760917,0.0,0.8148694667623909
0.18513052672072253,0.0,0.8148694732792775
0.1851305237983995,0.0,0.8148694762016004
0.1851305224879621,0.0,0.814869477512038
0.18513052190033147,0.0,0.8148694780996686
0.18513052163682409,0.0,0.8148694783631759
0.18513052151866108,0.0,0.814869478481339
0.18513052146567377,0.0,0.8148694785343262
0.1851305214419128,0.0,0.8148694785580871
0.1851305214312576,0.0,0.8148694785687424
0.1851305214264793,0.0,0.8148694785735207
0.18513052142433634,0.0,0.8148694785756636
0.18513052142337513,0.0,0.8148694785766248
0.1851305214229439,0.0,0.814869478577056
0.1851305214227497,0.0,0.8148694785772502
0.18513052142266156,0.0,0.8148694785773385
0.1851305214226215,0.0,0.8148694785773785
0.18513052142260336,0.0,0.8148694785773966
0.1851305214225954,0.0,0.8148694785774045
0.1851305214225918,0.0,0.8148694785774082
0.18513052142259,0.0,0.81486947857741
0.18513052142258848,0.0,0.8148694785774115
0.1851305214225863,0.0,0.8148694785774137
0.1851305214225814,0.0,0.8148694785774185
0.18513052142256153,0.0,0.8148694785774385
0.1851305214224147,0.0,0.8148694785775853
0.1851305214223471,0.0,0.8148694785776529
