0.05,0.7,0.25
0.04978615667078789,0.6962900559822071,0.253923787347005
0.04903501190142825,0.6773871482774458,0.27357783982112593
0.0489241530923545,0.6728970757058796,0.27817877120176593
0.04871459149316501,0.6305477129054655,0.32073769560136944
0.05196148910094922,0.5118710782333326,0.4361674326657183
0.05769323830443992,0.3847848702108754,0.5575218914846847
0.06366491875272748,0.26902354994984734,0.6673115312974252
0.07154245104276492,0.1252994584646069,0.8031580904926282
0.07539447560634972,0.05694698018905425,0.867658544204596
0.07732415886290596,0.023020843767189575,0.8996549973699045
0.07776027596662026,0.015378215316363015,0.9068615087170168
0.07814019272223122,0.00872744077608462,0.9131323665016842
0.0784217778592485,0.003802141258605162,0.9177760808821464
0.07854507401876211,0.0016466010842845385,0.9198083248969534
0.07859858771158378,0.0007112432244922252,0.920690169063924
0.07862172473328527,0.0003068723242822734,0.9210714029424325
0.07863171150607852,0.0001323382731288537,0.9212359502207926
0.07864050617433668,0.0,0.9213594938256633
0.07863981088958813,0.0,0.9213601891104118
0.07863951114692155,0.0,0.9213604888530784
0.07863938192871721,0.0,0.9213606180712828
0.07863932622371293,0.0,0.921360673776287
0.07863930220981118,0.0,0.9213606977901888
0.07863929185766516,0.0,0.9213607081423348
0.07863928739496523,0.0,0.9213607126050348
0.07863928547114345,0.0,0.9213607145288565
0.07863928464180472,0.0,0.9213607153581953
0.07863928428428574,0.0,0.9213607157157142
0.07863928413016309,0.0,0.9213607158698369
0.07863928406372239,0.0,0.9213607159362776
0.07863928403508043,0.0,0.9213607159649196
0.07863928402273308,0.0,0.921360715977267
0.07863928401741017,0.0,0.9213607159825898
0.0786392840151154,0.0,0.9213607159848846
0.07863928401412605,0.0,0.921360715985874
0.07863928401369943,0.0,0.9213607159863005
0.0786392840135154,0.0,0.9213607159864845
0.07863928401343596,0.0,0.921360715986564
0.07863928401340163,0.0,0.9213607159865984
0.0786392840133867,0.0,0.9213607159866133
0.07863928401337975,0.0,0.9213607159866203
0.07863928401337662,0.0,0.9213607159866234
0.07863928401337525,0.0,0.9213607159866247
0.07863928401337449,0.0,0.9213607159866255
0.07863928401337386,0.0,0.9213607159866262
0.07863928401337292,0.0,0.921360715986627
0.07863928401337095,0.0,0.921360715986629
0.07863928401336501,0.0,0.9213607159866349
0.0786392840133466,0.0,0.9213607159866534
0.07863928401326295,0.0,0.9213607159867371
