0.1,0.7,0.2
0.09913917146955015,0.6984624739288446,0.20239835460160532
0.09568659172577079,0.6905282349910937,0.21378517328313545
0.09498493970030737,0.688463676576513,0.2165513837231796
0.09040981807194405,0.667880034614694,0.24171014731336188
0.08906245284342051,0.535961056934229,0.37497649022235047
0.09771962079510224,0.4060225048804833,0.4962578743244144
0.1058293848989278,0.30859477680463826,0.585575838296434
0.118590588213807,0.1677891785923074,0.7136202331938856
0.12651267069904867,0.08398308420642572,0.7895042450945255
0.1298036004023455,0.04966259592970959,0.8205338036679449
0.13276404195690505,0.018983636227417628,0.8482523218156773
0.13375125553988088,0.008789897140474442,0.8574588473196447
0.13415788831705,0.0045961068376891255,0.8612460048452609
0.1343878638616476,0.0022255277135267357,0.8633866084248256
0.13449953381854685,0.0010747639944209226,0.8644257021870323
0.13455353482419785,0.0005183572870473607,0.8649281078887548
0.13457959638123118,0.00024984616259868307,0.8651705574561701
0.13459216188698037,0.00012038839190495686,0.8652874497211147
0.1346060247332047,0.0,0.8653939752667953
0.13460489624577104,0.0,0.865395103754229
0.1346043526137387,0.0,0.8653956473862613
0.13460409073296148,0.0,0.8653959092670386
0.13460396457998053,0.0,0.8653960354200195
0.1346039038099918,0.0,0.8653960961900082
0.1346038745361509,0.0,0.8653961254638491
0.13460386043450717,0.0,0.8653961395654929
0.1346038536415399,0.0,0.8653961463584601
0.13460385036926945,0.0,0.8653961496307305
0.1346038487929696,0.0,0.8653961512070304
0.13460384803364328,0.0,0.8653961519663568
0.13460384766786473,0.0,0.8653961523321353
0.13460384749166382,0.0,0.8653961525083362
0.13460384740678516,0.0,0.8653961525932149
0.13460384736589773,0.0,0.8653961526341023
0.1346038473462015,0.0,0.8653961526537985
0.1346038473367134,0.0,0.8653961526632866
0.1346038473321427,0.0,0.8653961526678573
0.13460384732994077,0.0,0.8653961526700592
0.13460384732887992,0.0,0.86539615267112
0.13460384732836875,0.0,0.8653961526716313
0.13460384732812236,0.0,0.8653961526718776
0.1346038473280035,0.0,0.8653961526719964
0.13460384732794609,0.0,0.8653961526720539
0.13460384732791775,0.0,0.8653961526720823
0.1346038473279036,0.0,0.8653961526720964
0.13460384732789663,0.0,0.8653961526721033
0.13460384732789324,0.0,0.8653961526721068
0.13460384732789155,0.0,0.8653961526721083
0.13460384732789044,0.0,0.8653961526721096
0.13460384732788988,0.0,0.8653961526721101
0.13460384732788827,0.0,0.8653961526721118
0.1346038473278847,0.0,0.8653961526721153
0.13460384732787178,0.0,0.8653961526721283
0.1346038473277892,0.0,0.8653961526722108
0.13460384732771727,0.0,0.8653961526722828
