0.5,0.1,0.4
0.5005124208585332,0.09799428787559972,0.40149329126586714
0.5029731561015192,0.08853180946576465,0.40849503443271623
0.5034646342196692,0.08667267192116343,0.40986269385916735
0.5072495126711533,0.07264958460605916,0.42010090272278755
0.5180583771770884,0.03475988717108301,0.44718173565182856
0.5240102558077767,0.014864117853316858,0.46112562633890647
0.5265034916572586,0.006683648677547605,0.46681285966519376
0.5273336477807549,0.003977747606486077,0.4686886046127591
0.5279587375915803,0.0019459003191540387,0.4700953620892657
0.5282678176172283,0.0009429907636286303,0.4707891916191431
0.5284179919323924,0.00045611499638758743,0.47112589307122005
0.5284907217672636,0.00022041623194859027,0.47128886200078784
0.5285258897570907,0.00010646830867884136,0.47136764193423053
0.5285700593996172,0.0,0.47142994060038285
0.5285642125692632,0.0,0.4714357874307368
0.5285613893220934,0.0,0.47143861067790666
0.5285600261176322,0.0,0.47143997388236786
0.5285593679065052,0.0,0.47144063209349496
0.5285590500979102,0.0,0.4714409499020899
0.5285588966488539,0.0,0.4714411033511461
0.5285588225584569,0.0,0.47144117744154307
0.5285587867851408,0.0,0.47144121321485916
0.528558769512598,0.0,0.47144123048740205
0.5285587611728431,0.0,0.47144123882715694
0.5285587571461337,0.0,0.47144124285386635
0.5285587552019049,0.0,0.47144124479809507
0.5285587542631662,0.0,0.47144124573683366
0.5285587538099115,0.0,0.4714412461900885
0.5285587537593363,0.0,0.47144124624066375
