0.65,0.1,0.25
0.6494034431945942,0.09979208060656544,0.2508044761988404
0.6477480774154812,0.09911337309283631,0.2531385494916825
0.6472014643062913,0.09885338487558236,0.25394515081812635
0.6432033131846777,0.09627459416466203,0.2605220926506603
0.6326457740961208,0.07136178360258678,0.2959924423012923
0.633785022007964,0.03979996929856319,0.32641500869347284
0.6373997159646736,0.018026919807790674,0.3445733642275357
0.639667957028276,0.007283134110818851,0.35304890886090523
0.6402190505232366,0.004840209930089548,0.35494073954667393
0.6405991523506462,0.0031854699709504743,0.3562153776784033
0.6410056806515977,0.0014408065603918408,0.3575535127880105
0.64119811781229,0.000623471307834035,0.358178410879876
0.6412819880054008,0.00026890070499348945,0.35844911128960566
0.6413182722204875,0.00011581009938812106,0.3585659176801244
0.6413671973153618,0.0,0.3586328026846381
