0.8,0.15,0.05
0.7966861583611847,0.1533186841376931,0.049995157501122246
0.7792569165545327,0.17077378826225523,0.04996929518321213
0.7755688111291282,0.17446745285421034,0.04996373601666143
0.7438288541669814,0.20625656556478134,0.04991458026823723
0.5727279685266212,0.37767337061249945,0.04959866086087927
0.3695984878658825,0.5813644930453676,0.04903701908874983
0.20455160078079715,0.7472631738482666,0.048185225370936335
0.13608305365811896,0.816410728888784,0.04750621745309719
0.06289620491181068,0.8911344374744412,0.045969357613748096
0.02796330571950076,0.9280092806388787,0.044027413641620605
0.012062919016870302,0.9461928780114618,0.04174420297166789
0.005102223566619899,0.9556874188917095,0.03921035754167061
0.0021254304666098204,0.9613771233503,0.0364974461830902
0.0008734959541745876,0.9654612209435595,0.03366528310226601
0.00035437418807717576,0.9688756195260434,0.030770006285879534
0.0001419561288869928,0.9719910850605048,0.027866958810608293
0.0,0.9749887345850348,0.025011265414965313
0.0,0.9777511970735855,0.02224880292641447
0.0,0.9803747664821676,0.019625233517832488
0.0,0.9828260646472654,0.017173935352734593
0.0,0.983783465569977,0.01621653443002295
0.0,0.9852999313252916,0.014700068674708362
0.0,0.9869519189318674,0.013048081068132657
0.0,0.9884865758946203,0.011513424105379783
0.0,0.9898787696226127,0.01012123037738736
0.0,0.9911327199212423,0.008867280078757676
0.0,0.9922549003884839,0.007745099611516083
0.0,0.9932533858618025,0.00674661413819754
0.0,0.994137267724496,0.005862732275504009
0.0,0.9949161582332724,0.005083841766727693
0.0,0.9955997911769632,0.0044002088230367786
0.0,0.99619771618616,0.0038022838138399425
0.0,0.9967190776724165,0.003280922327583425
0.0,0.9971724661971617,0.002827533802838267
0.0,0.9975658287654776,0.002434171234522429
0.0,0.9979064253350337,0.002093574664966382
0.0,0.9981403502069941,0.0018596497930058482
0.0,0.9983561556937302,0.001643844306269877
0.0,0.9984547257607539,0.0015452742392461593
0.0,0.9986591011161517,0.0013408988838482922
0.0,0.9988657585856537,0.0011342414143462503
0.0,0.9990523710029146,0.0009476289970854995
0.0,0.9992336749894658,0.0007663250105342064
0.0,0.9994152269660106,0.0005847730339893688
0.0,0.9995988584622535,0.00040114153774655707
0.0,0.9997773359148555,0.0002226640851445962
0.0,0.9998969667837533,0.00010303321624662259
0.0,1.0,0.0
