0.3,0.25,0.45
0.3011261696561514,0.24428360563949816,0.4545902247043504
0.30712917463794837,0.21471303252471935,0.47815779283733223
0.30828155719171,0.20918253471914747,0.48253590808914243
0.3174596378287987,0.16638935627028478,0.5161510059009166
0.3346494701592071,0.09032844590164932,0.5750220839391437
0.3459505526989967,0.04216540225583497,0.6118840450451682
0.3516622834717957,0.018213460691954217,0.6301242558362501
0.35450545477044204,0.006372639333102521,0.6391219058964555
0.3553177428411596,0.002999006879576254,0.6416832502792642
0.3557019218206988,0.0014048045421845103,0.6428932736371167
0.35588847347181235,0.0006309993754715658,0.6434805271527161
0.35597235875388955,0.000283115617170722,0.6437445256289397
0.35601001466808274,0.00012696494859264093,0.6438630203833245
0.35604717359186133,0.0,0.6439528264081387
0.356043565599402,0.0,0.643956434400598
0.35604194813468965,0.0,0.6439580518653104
0.35604122304662494,0.0,0.6439587769533751
0.3560408980036696,0.0,0.6439591019963304
0.35604075229409277,0.0,0.6439592477059072
0.35604068697588737,0.0,0.6439593130241126
0.35604065769529486,0.0,0.6439593423047052
0.35604064456951096,0.0,0.643959355430489
0.3560406386855397,0.0,0.6439593613144602
0.3560406360478977,0.0,0.6439593639521022
0.3560406348655064,0.0,0.6439593651344936
0.3560406343354686,0.0,0.6439593656645314
0.356040634097865,0.0,0.643959365902135
0.3560406339913526,0.0,0.6439593660086474
0.3560406339436051,0.0,0.643959366056395
0.3560406339222004,0.0,0.6439593660777996
0.3560406339126048,0.0,0.6439593660873952
0.3560406339083027,0.0,0.6439593660916973
0.3560406339063737,0.0,0.6439593660936263
0.3560406339055084,0.0,0.6439593660944917
0.3560406339051199,0.0,0.64395936609488
0.3560406339049453,0.0,0.6439593660950547
0.356040633904863,0.0,0.643959366095137
0.3560406339048256,0.0,0.6439593660951743
0.3560406339048091,0.0,0.643959366095191
0.3560406339048016,0.0,0.6439593660951984
0.356040633904798,0.0,0.6439593660952019
