0.35,0.25,0.4
0.35090455007375126,0.2453540319969643,0.4037414179292845
0.355597214801661,0.2223378089193627,0.4220649762789763
0.3565804116697946,0.21770277369101282,0.4257168146391926
0.3647612454230066,0.180890995956083,0.45434775862091037
0.3861600912093929,0.09318760857992628,0.5206523002106809
0.3999491860482748,0.04019094089623003,0.5598598730554951
0.40648044627874796,0.015680546434423404,0.5778390072868286
0.40893098996272015,0.006563476861525391,0.5845055331757545
0.40976924219693145,0.003453943238133035,0.5867768145649355
0.41027519398119233,0.0015792781574984875,0.5881455278613092
0.4105118467936586,0.0007029840718065854,0.5887851691345348
0.41061733313686616,0.0003124958641371932,0.5890701709989967
0.41066425342927065,0.00013882930506126855,0.5891969172656681
0.41071042817919196,0.0,0.5892895718208081
0.41070561161251967,0.0,0.5892943883874803
0.41070347269695623,0.0,0.5892965273030437
0.41070252289354114,0.0,0.5892974771064589
0.4107021011322505,0.0,0.5892978988677496
0.41070191385002625,0.0,0.5892980861499737
0.41070183068801164,0.0,0.5892981693119883
0.41070179376026317,0.0,0.5892982062397368
0.41070177736265934,0.0,0.5892982226373407
0.41070177008137737,0.0,0.5892982299186227
0.410701766848157,0.0,0.5892982331518429
0.4107017654124598,0.0,0.5892982345875402
0.4107017647749445,0.0,0.5892982352250555
0.4107017644918581,0.0,0.5892982355081419
0.4107017643661543,0.0,0.5892982356338458
0.41070176431033545,0.0,0.5892982356896646
0.4107017642855486,0.0,0.5892982357144514
0.4107017642745415,0.0,0.5892982357254585
0.4107017642696532,0.0,0.5892982357303468
0.41070176426748195,0.0,0.5892982357325182
0.4107017642665171,0.0,0.589298235733483
0.41070176426608795,0.0,0.589298235733912
0.41070176426589405,0.0,0.5892982357341059
0.4107017642658201,0.0,0.5892982357341799
