0.5,0.25,0.25
0.4990387143638344,0.24925447244123228,0.2517068131949333
0.4958821784726963,0.2461246546339664,0.2579931668933373
0.49509170286874177,0.2451354671829486,0.25977282994830964
0.49001132650569906,0.23524732462898934,0.2747413488653116
0.4886750453200796,0.17653800310539164,0.33478695157452876
0.5037276313266236,0.10190412741412103,0.39436824125925546
0.5134252803419886,0.06529147576214998,0.42128324389586147
0.5209194735996994,0.03903280673200419,0.44004771966829653
0.5273283006663054,0.017485546726507033,0.45518615260718753
0.5302777850594417,0.0077875356929195325,0.4619346792476387
0.5313622548948185,0.0042518847382479,0.4643858603669337
0.5320418381395333,0.002044037744895822,0.4659141241155708
0.5323813567135322,0.0009431948104810886,0.46667544847598674
0.5325384671297594,0.0004342746091586802,0.4670272582610819
0.5326117558312465,0.00019697849059444685,0.46719126567815905
0.5326924404576877,0.0,0.4673075595423122
0.5326815297389431,0.0,0.4673184702610568
0.532676621329198,0.0,0.467323378670802
0.532674413341448,0.0,0.46732558665855195
0.5326734201378283,0.0,0.4673265798621717
0.5326729733785986,0.0,0.4673270266214014
0.5326727724203218,0.0,0.46732722757967815
0.5326726820268701,0.0,0.4673273179731299
0.5326726413668613,0.0,0.4673273586331387
0.5326726230775347,0.0,0.4673273769224653
0.5326726159812796,0.0,0.4673273840187204
