0.7,0.25,0.05
0.6950918288023151,0.25491638204730926,0.04999178915037556
0.670262484913306,0.2797883268677737,0.04994918821892027
0.6649819135261904,0.2850781961729972,0.04993989030081242
0.620782014466265,0.3293594702059646,0.049858515327770504
0.4187850152775732,0.5318421996854161,0.049372785037010765
0.214380136734057,0.7371722033968459,0.04844765986909719
0.11398604730964887,0.8386236730081993,0.04739027968215193
0.04925033978562047,0.9051044422590342,0.04564521795534519
0.03249832711760419,0.9228525292778976,0.044649143604498225
0.020541304899631893,0.9359917516074721,0.043466943492896065
0.008820467322814296,0.9500716073989477,0.04110792527823805
0.0036909848117854735,0.9578102448931044,0.03849877029511016
0.0015222462377247723,0.9627503951170403,0.03572735864523492
0.0006194805261961372,0.9665286653673661,0.03285185410643772
0.0002488507888065978,0.9698224783050987,0.02992867090609467
0.0,0.9729835557284044,0.027016444271595573
0.0,0.9758380934281006,0.024161906571899473
0.0,0.9785806569058085,0.021419343094191464
0.0,0.9811709730317384,0.01882902696826167
0.0,0.9835780099761012,0.016421990023898755
0.0,0.9854183235902837,0.014581676409716386
0.0,0.9863015404218789,0.013698459578121084
0.0,0.987584755458766,0.012415244541233973
0.0,0.989016204627879,0.010983795372121045
0.0,0.9893849717374091,0.010615028262590951
0.0,0.9897438918211933,0.010256108178806641
0.0,0.9897438918211934,0.010256108178806643
0.0,0.989812673533868,0.010187326466131972
0.0,0.9903496908188409,0.009650309181159026
0.0,0.9938545589519459,0.00614544104805417
0.0,0.9977889597735495,0.002211040226450503
0.0,0.9990325651558747,0.0009674348441253516
0.0,0.9995006033102334,0.0004993966897666322
0.0,0.9996606856499656,0.000339314350034388
0.0,0.9996633059107487,0.0003366940892512649
0.0,0.9996835562456065,0.00031644375439350477
0.0,0.9998074628172332,0.00019253718276684374
0.0,1.0,0.0
