0.6000000000000001,0.30000000000000004,0.10000000000000002
0.5956616175745941,0.3041828028323685,0.10015557959303738
0.5758864594826133,0.32322200827811576,0.1008915322392709
0.5714049393921803,0.32753032836985285,0.10106473223796682
0.5349151172662502,0.36251151351872823,0.10257336921502157
0.3273849692754332,0.5554043159558845,0.1172107147686823
0.2158634807840276,0.6459873640628391,0.13814915515313347
0.147090562664331,0.674733500327326,0.17817593700834308
0.12248045976469285,0.6480075561251368,0.22951198411017038
0.1157365045326026,0.5603845794240893,0.32387891604330804
0.12173994072607124,0.4593160389736778,0.4189440203002509
0.13573814696848,0.31667531807887334,0.5475865349526468
0.14918418107705086,0.19810502141569314,0.6527107975072561
0.16047864146822838,0.10347158478559657,0.7360497737461751
0.16413171454699557,0.07344229007812902,0.7624259953748754
0.1692466628170487,0.031751107945932056,0.7990022292370192
0.17157564154937505,0.012886901919424563,0.8155374565312005
0.1724150992536463,0.00610395279629683,0.821480947950057
0.17281594961426422,0.0028679697924041845,0.8243160805933316
0.17301388601710452,0.0012707607488886825,0.8257153532340068
0.17310174542759577,0.0005619418129998311,0.8263363127594044
0.1731406282466043,0.00024827728539103327,0.8266110944680046
0.17315781344154563,0.00010965126985565068,0.8267325352885987
0.17317378932093447,0.0,0.8268262106790655
0.1731724588486273,0.0,0.8268275411513727
0.17317187140569165,0.0,0.8268281285943083
0.1731716120378674,0.0,0.8268283879621325
0.17317149752287522,0.0,0.8268285024771248
0.17317144696291092,0.0,0.8268285530370891
0.17317142464002394,0.0,0.826828575359976
0.17317141478418474,0.0,0.8268285852158153
0.1731714104327075,0.0,0.8268285895672925
0.17317140851147564,0.0,0.8268285914885244
0.1731714076632276,0.0,0.8268285923367724
0.17317140728871527,0.0,0.8268285927112847
0.17317140712336318,0.0,0.8268285928766368
0.17317140705035797,0.0,0.8268285929496421
0.173171407018125,0.0,0.826828592981875
0.1731714070038935,0.0,0.8268285929961064
0.1731714069976099,0.0,0.8268285930023901
0.17317140699483535,0.0,0.8268285930051646
0.17317140699361014,0.0,0.8268285930063899
0.17317140699306893,0.0,0.8268285930069311
0.17317140699282976,0.0,0.8268285930071703
0.1731714069927239,0.0,0.8268285930072761
0.1731714069926769,0.0,0.8268285930073231
0.17317140699265515,0.0,0.8268285930073449
0.17317140699264527,0.0,0.8268285930073548
0.17317140699264053,0.0,0.8268285930073594
0.17317140699263833,0.0,0.8268285930073617
0.17317140699263692,0.0,0.826828593007363
0.17317140699263525,0.0,0.8268285930073648
0.1731714069926319,0.0,0.8268285930073681
0.17317140699262232,0.0,0.8268285930073777
0.17317140699260528,0.0,0.8268285930073948
0.17317140699254774,0.0,0.8268285930074524
0.1731714069924243,0.0,0.8268285930075757
