0.05,0.45,0.5
0.0496752514449183,0.4502126711453826,0.5001120774096991
0.048583258574076804,0.4509292735399606,0.5004874678859625
0.0482671397478918,0.45113717644852497,0.5005956838035832
0.04580575489094482,0.45276413633069196,0.5014301087783632
0.029903583399711445,0.4642595894869216,0.5058368271133671
0.02112436730637709,0.4744030771791814,0.5044725555144416
0.014110884124234894,0.4974407827964957,0.48844833307926944
0.01175616967498491,0.5162480892272359,0.4719957410977792
0.007713789411911841,0.5824378359106671,0.40984837467742113
0.005179452857438997,0.6597748311441686,0.3350457159983925
0.003390418317454266,0.7382056511439883,0.25840393053855754
0.0014721741690590364,0.8538339198265478,0.1446939060043933
0.0005102020597646828,0.9339946756011006,0.06549512233913468
0.00020263145967329947,0.9676169371768305,0.0321804313634962
0.0,0.9854349564277621,0.014565043572237868
0.0,0.9920572227370732,0.007942777262926743
0.0,0.9956985778179678,0.004301422182032197
0.0,0.9976794183864272,0.002320581613572875
0.0,0.9978241729468552,0.002175827053144768
0.0,0.9978776391874395,0.0021223608125604
0.0,0.998260861692707,0.001739138307293043
0.0,0.9991758700442461,0.0008241299557538179
0.0,0.9996408062648497,0.000359193735150297
0.0,0.9998435393558641,0.00015646064413588052
0.0,1.0,0.0
