0.2,0.45,0.35
0.1981720775034182,0.45299813696126034,0.34882978553532146
0.19060678636819667,0.46568555741279904,0.3437076562190043
0.18876998175266121,0.46883444610061126,0.3423955721467275
0.17388072726099552,0.49536735312897023,0.33075191961003425
0.11647063556230562,0.6155423659346994,0.26798699850299507
0.061266866908113136,0.7621889057820186,0.1765442273098683
0.03442628885361645,0.8487301143898316,0.11684359675655204
0.017585552107523477,0.9116826535362537,0.07073179435622295
0.007245335724643203,0.9568960632540104,0.03585860102134631
0.0031160367569583462,0.9782549716807896,0.018628991562252107
0.001699803771802434,0.9866903548074476,0.011609841420749892
0.0007582496035163844,0.9930684305922632,0.006173319804220443
0.0003347407961091815,0.99641294634546,0.003252312858430866
0.0001472525129865071,0.9981450802071308,0.0017076672798826955
0.0,0.9991048858659477,0.0008951141340522344
0.0,0.9995312817599012,0.0004687182400987755
0.0,0.9997546720213609,0.0002453279786390788
0.0,0.9998716246387706,0.00012837536122952157
0.0,1.0,0.0
