0.1,0.5,0.4
0.09904627139343045,0.502297245628778,0.3986564829777916
0.09519434160348904,0.5118782883242513,0.39292737007225964
0.09424744117344593,0.5143094095839955,0.3914431492425586
0.08664512802404095,0.5349587721422556,0.3783960998337034
0.057559461535773515,0.6347781225051585,0.30766241595906796
0.029568627928902472,0.7693103870681801,0.20112098500291745
0.016040233525176938,0.8537978908012744,0.13016187567354864
0.007573121532307199,0.9180873859725444,0.07433949249514843
0.003001497452115377,0.9604266703403996,0.03657183220748499
0.0013043395439385115,0.9795457561652662,0.019149904290795303
0.0007197027428381153,0.9872390940660632,0.012041203191098672
0.00031982130329622605,0.9932965722343791,0.006383606462324743
0.00014117834223036514,0.9964959175389752,0.003362904118794566
0.0,0.9982342242730221,0.0017657757269779531
0.0,0.999074555611309,0.0009254443886910616
0.0,0.9995154110793077,0.00048458892069226265
0.0,0.9997463754915615,0.00025362450843847284
0.0,0.9998672897504368,0.0001327102495632396
0.0,1.0,0.0
