0.75,0.05,0.2
0.7493621156570112,0.0505240519128885,0.20011383243010036
0.7467652721155351,0.052666366135860974,0.2005683617486039
0.7460920807298936,0.05322404432551893,0.20068387494458748
0.7404172343941643,0.0579625958915317,0.20162016971430408
0.692545437304197,0.10039184323719802,0.207062719458605
0.6292287368453635,0.1622901597280408,0.20848110342659576
0.5174004905466025,0.2836416777739159,0.1989578316794816
0.4137099208419991,0.40659139238659237,0.17969868677140852
0.31846170672843943,0.5269267837607683,0.15461150951079228
0.18550905158604106,0.7066165070920922,0.10787444132186678
0.12403381425037342,0.795200505392598,0.08076568035702862
0.06953095417231996,0.8780120377285098,0.05245700809917029
0.03161078168607877,0.9396799234488924,0.028709294865028802
0.011718258981463822,0.9749901703252385,0.013291570693297661
0.0057909344921554945,0.9865437305265397,0.007665334981304865
0.0027894121079308693,0.9928837400105034,0.004326847881565839
0.0012453136935172316,0.9964554701228279,0.002299216183654913
0.0005542224361436821,0.9982276121765982,0.0012181653872581173
0.00024626197765831824,0.999109301969433,0.0006444360529086182
0.00010933467614886482,0.9995500060288397,0.0003406592950114962
0.0,0.9998199839640144,0.0001800160359856262
0.0,1.0,0.0
