0.8,0.1,0.1
0.7979667550838779,0.10208250551524259,0.09995073940087952
0.7874296474682575,0.1129013365113905,0.09966901602035204
0.7851447665940515,0.11525298343107188,0.0996022499748766
0.7651581424691113,0.13590474973083758,0.09893710780005115
0.6634347154475979,0.24288927349863498,0.09367601105376717
0.5345352058283952,0.38190793132676504,0.08355686284483986
0.3794127083249116,0.553327000048036,0.06726029162705233
0.21729597404978584,0.7372985395582139,0.045405486392000295
0.1063530176307274,0.8670252042849464,0.026621778084326222
0.04702012510450654,0.938756924234056,0.014222950661437512
0.017477144849412315,0.9759373819906856,0.006585473159902121
0.00797878000760179,0.9884546182157751,0.003566601776623198
0.004189528307183253,0.9936575710938625,0.002152900598954227
0.001915159872334357,0.9969197415561246,0.0011650985715410264
0.0008697801596949073,0.9985031353241913,0.0006270845161138085
0.00039455632021909295,0.9992682979744042,0.0003371457053767239
0.00017887823045110898,0.9996399567705715,0.000181164998977326
0.0,1.0,0.0
