0.65,0.15,0.2
0.6479526574982454,0.15208169161036392,0.1999656508913907
0.6387129869061908,0.1615391309601822,0.199747882133627
0.636511537828571,0.16380734534943603,0.19968111682199302
0.6177209551865117,0.183391745514143,0.1988872992993454
0.49033464508045,0.32516367920955475,0.18450167570999518
0.37849501333761437,0.460116253350609,0.16138873331177658
0.2553936626456714,0.6185460744855102,0.12606026286881838
0.13302003329485834,0.7873788460027282,0.07960112070241337
0.08951049804212527,0.8511397546516316,0.05934974730624304
0.04356914365645754,0.9220828058068218,0.034348050536720645
0.017333409008095893,0.96582444066976,0.016842150322144096
0.006305389388961195,0.9860424611967807,0.0076521494142580745
0.003031507600795683,0.9926553299242071,0.004313162474997162
0.00144986617255617,0.9961309566751577,0.002419177152286135
0.0006914674016995619,0.9979552567037896,0.0013532758945108568
0.00032927358179780626,0.9989147912058665,0.0007559352123357733
0.00015667059891838367,0.9994213915071279,0.0004219378939537185
0.0,0.9997645686543812,0.00023543134561873695
0.0,0.9998686793956395,0.0001313206043604615
0.0,1.0,0.0
