0.7,0.15,0.15
0.6975119326418165,0.15259783842837363,0.1498902289298098
0.685406590137401,0.16529508065850165,0.14929832920409733
0.6826800600558313,0.16816782123604784,0.14915211870812092
0.659193220533761,0.1931000430860147,0.1477067363802244
0.556478939761491,0.3055089270222243,0.13801213321628478
0.42634820464211914,0.4543324454271461,0.11931934993073474
0.2829066241860483,0.6256459239191291,0.09144745189482258
0.14061776184708716,0.8040204048741868,0.05536183327872607
0.07291307580795539,0.893335169832286,0.03375175435975858
0.032097678885619416,0.949954439805863,0.017947881308517582
0.013673551776156881,0.9770869255549867,0.009239522668856472
0.007272688802971047,0.9870864531115338,0.005640858085495176
0.0032832795072542977,0.9936911670418234,0.0030255534509223223
0.0014624206798908755,0.9969330878604944,0.0016044914596146788
0.0006496845352855006,0.9985015128329963,0.0008488026317182672
0.00028824907426430827,0.999263267891148,0.0004484830345876448
0.00012780587533325302,0.9996353731557996,0.00023682096886710365
0.0,0.9998749782441584,0.00012502175584160833
0.0,1.0,0.0
