0.1,0.3,0.6
0.09998626361262426,0.2971760017844688,0.602837734602907
0.10003800884669899,0.2852887106423117,0.6146732805109892
0.10007721212820028,0.2821899262350307,0.6177328616367691
0.10078586195892787,0.254632116613805,0.6445820214272671
0.10425675761421395,0.18659913769436953,0.7091441046914165
0.10949693583466119,0.11199447834433272,0.7785085858210061
0.11469333366387324,0.04705169950599007,0.8382549668301367
0.11645758652539052,0.026064309255676016,0.8574781042189334
0.11755188507321213,0.01324694289475496,0.869201172032033
0.11831053524320691,0.004442052115024816,0.8772474126417683
0.118433409328964,0.0030219080579514247,0.8785446826130846
0.11855285526453518,0.0016429328641182086,0.8798042118713466
0.1186326628619747,0.0007224168618452468,0.88064492027618
0.11866790333348423,0.0003161602388595926,0.8810159364276562
0.11868335461491099,0.00013807648529857107,0.8811785688997905
0.11869725923192717,0.0,0.8813027407680728
0.11869617476674878,0.0,0.8813038252332512
0.11869570168178892,0.0,0.881304298318211
0.1186954953096118,0.0,0.8813045046903882
0.11869540525771356,0.0,0.8813045947422865
0.11869536592991171,0.0,0.8813046340700883
0.11869534872033177,0.0,0.8813046512796683
0.11869534115517097,0.0,0.8813046588448291
0.11869533779531584,0.0,0.8813046622046842
0.11869533626911373,0.0,0.8813046637308862
0.11869533554244373,0.0,0.8813046644575563
0.11869533516439533,0.0,0.8813046648356047
0.11869533493835709,0.0,0.881304665061643
0.11869533477860007,0.0,0.8813046652213999
0.11869533464774379,0.0,0.8813046653522562
0.11869533452948913,0.0,0.8813046654705109
0.11869533441672919,0.0,0.8813046655832708
0.11869533430636514,0.0,0.8813046656936349
0.11869533419704577,0.0,0.8813046658029542
0.11869533408818189,0.0,0.8813046659118181
0.11869533397951665,0.0,0.8813046660204833
0.11869533387093797,0.0,0.881304666129062
0.11869533376040317,0.0,0.8813046662395968
0.11869533364264528,0.0,0.8813046663573547
0.11869533351081465,0.0,0.8813046664891854
0.11869533335370039,0.0,0.8813046666462996
0.11869533315197894,0.0,0.8813046668480211
0.1186953328673819,0.0,0.881304667132618
0.11869533242639148,0.0,0.8813046675736085
0.11869533152100986,0.0,0.8813046684789901
0.11869533041490751,0.0,0.8813046695850925
