0.3,0.3,0.4
0.2985892151459517,0.3010526249510749,0.4003581599029734
0.29393002965952947,0.30456178545534857,0.40150818488512197
0.29252234661396803,0.30563233789096067,0.40184531549507135
0.2812527832129664,0.3143931561204169,0.4043540606666167
0.21648800837691493,0.3749607538067079,0.4085512378163771
0.13945512597170645,0.4930350460383598,0.3675098279899338
0.09773552152980376,0.5918083632940628,0.3104561151761334
0.06706024830100578,0.6846892353249451,0.24825051637404918
0.03223685756538413,0.817144580229505,0.150618562205111
0.014916202839479139,0.8997272790118946,0.0853565181486262
0.007421957601991204,0.9423802565152858,0.0501977858827231
0.002548074455178275,0.9754954314810216,0.021956494063800177
0.001050824894930151,0.9879464558508007,0.011002719254269232
0.0005243947267092303,0.9930888081876079,0.006386797085682921
0.0002449993659854006,0.9962372299497535,0.0035177706842610904
0.00011115931648446542,0.9979963462147388,0.0018924944687768095
0.0,0.9989836225672126,0.0010163774327874473
0.0,0.9994547066806834,0.0005452933193165919
0.0,0.9997075879647178,0.00029241203528221696
0.0,0.9998432361864281,0.00015676381357187537
0.0,1.0,0.0
