0.65,0.25,0.1
0.6464145431921924,0.25336342718064275,0.10022202962716484
0.630409993593484,0.26835689679542046,0.10123310961109551
0.626696573606454,0.2718308979216697,0.10147252847187634
0.5963775197460073,0.3001220920248409,0.10350038822915184
0.40661668665175227,0.4727735565370545,0.12060975681119318
0.2783549125383172,0.5796574761949309,0.14198761126675177
0.20234629899532258,0.6272701178698665,0.17038358313481083
0.18504057443237418,0.6301742752679876,0.18478515029963818
0.171897232871845,0.598524241760244,0.229578525367911
0.19338780023389213,0.5142153359253249,0.292396863840783
0.24280861468074194,0.37179292338927744,0.3853984619299807
0.2701292686860177,0.2923830927985608,0.4374876385154215
0.30098351431957227,0.19803122511286975,0.500985260567558
0.32659214051966917,0.11460271773342556,0.5588051417469052
0.34296393612942,0.05830168826407084,0.5987343756065091
0.3518630201854675,0.026483769722261546,0.6216532100922709
0.35554152164538844,0.01291813388405409,0.6315403444705575
0.35701941123913883,0.007289242770956503,0.6356913459899047
0.3579721218691086,0.0034621122052142243,0.6385657659256772
0.3583753818030123,0.0016182078084028462,0.6400064103885849
0.35851011260578236,0.0007397209433392727,0.6407501664508785
0.35851387823408976,0.00033768423183218354,0.641148437534078
0.3584576783631798,0.00015404154283893694,0.6413882800939813
0.35839926413741113,0.0,0.6416007358625889
0.3582894857575243,0.0,0.6417105142424757
0.3581814786843427,0.0,0.6418185213156573
0.35807428924176954,0.0,0.6419257107582305
0.3579674825963469,0.0,0.6420325174036531
0.3578608605568767,0.0,0.6421391394431233
0.3577543328166479,0.0,0.6422456671833521
0.35764785823817546,0.0,0.6423521417618246
0.3575414180877737,0.0,0.6424585819122263
0.3574350038377637,0.0,0.6425649961622364
0.3573286116088422,0.0,0.6426713883911577
0.3572222396384102,0.0,0.6427777603615898
0.35711588712754894,0.0,0.6428841128724512
0.357009553715991,0.0,0.642990446284009
0.35690323924309514,0.0,0.6430967607569049
0.35679694363904785,0.0,0.6432030563609521
0.3566906668753516,0.0,0.6433093331246484
0.3565844089422966,0.0,0.6434155910577034
0.3564781698387127,0.0,0.6435218301612872
0.3563719495673086,0.0,0.6436280504326914
0.35626574813255163,0.0,0.6437342518674484
0.35615956553970496,0.0,0.643840434460295
0.3560534017943888,0.0,0.6439465982056111
0.35594585974071785,0.0,0.6440541402592821
0.3558324752234663,0.0,0.6441675247765337
0.35570687736330664,0.0,0.6442931226366934
0.3555575494827979,0.0,0.6444424505172022
0.35537174579544617,0.0,0.6446282542045538
0.35512009074672607,0.0,0.644879909253274
0.3547355590355273,0.0,0.6452644409644727
0.3543536104001502,0.0,0.6456463895998498
0.3529288674681376,0.0,0.6470711325318624
0.34655413151589903,0.0,0.653445868484101
0.328883485183042,0.0,0.671116514816958
0.24608940049962816,0.0,0.7539105995003719
0.143579105254532,0.0,0.8564208947454681
0.06350629661917402,0.0,0.936493703380826
0.028243858989488203,0.0,0.9717561410105119
0.01445802764647649,0.0,0.9855419723535235
0.007376234348930362,0.0,0.9926237656510696
0.0033521368198234105,0.0,0.9966478631801766
0.0015217597277160642,0.0,0.9984782402722839
0.0006904972393214276,0.0,0.9993095027606786
0.0003132444399678932,0.0,0.9996867555600321
0.0001420895010736657,0.0,0.9998579104989263
0.0,0.0,1.0
