0.7,0.25,0.05
0.6952311565255096,0.254725523054754,0.050043320419736394
0.6714400340184244,0.27830017105456695,0.05025979492700858
0.6663360620091424,0.28335762304804274,0.050306314942814956
0.6237549948523493,0.3255494925579545,0.05069551258969608
0.4213879048436739,0.5260566981366351,0.052555397019690926
0.21168889367220378,0.7340104069608261,0.05430069936697011
0.11437876748640068,0.8308909501738666,0.05473028233973279
0.049026515232055916,0.8966202294503718,0.05435325531757231
0.03229891563366119,0.9137586810554748,0.05394240331086417
0.018747234929144714,0.9279636799568014,0.05328908511405374
0.008143765002444073,0.9397053157729987,0.05215091922455737
0.0034653579490367555,0.9456216121019281,0.050913029949034995
0.0014603460674640922,0.948897867700303,0.04964178623223287
0.0006103759901387015,0.9510275125251066,0.04836211148475468
0.00025320268055798286,0.9526617042713025,0.0470850930481396
0.0001042821481952278,0.9540797287728277,0.04581598907897713
0.0,0.9554404640407242,0.044559535959275684
0.0,0.9566873943303904,0.04331260566960961
0.0,0.9579196754198395,0.04208032458016055
0.0,0.9591365549107012,0.04086344508929884
0.0,0.960337152634328,0.039662847365672056
0.0,0.9615205757664746,0.0384794242335253
0.0,0.9626859667372755,0.03731403326272453
0.0,0.9638325232354329,0.03616747676456709
0.0,0.9649595065640175,0.03504049343598251
0.0,0.9660662450243599,0.03393375497564008
0.0,0.9666118311492516,0.03338816885074832
0.0,0.9673273071404441,0.03267269285955593
0.0,0.96818685897478,0.03181314102521997
0.0,0.9690518679378842,0.030948132062115854
0.0,0.9699016849912031,0.030098315008796915
0.0,0.9707361088971218,0.0292638911028782
0.0,0.9715549683696257,0.028445031630374255
0.0,0.9723581213262417,0.027641878673758308
0.0,0.9731454540621391,0.02685454593786088
0.0,0.9739168803558663,0.02608311964413367
0.0,0.9746723405157189,0.025327659484281007
0.0,0.9754222325684935,0.024577767431506567
0.0,0.9761902429242227,0.023809757075777312
0.0,0.9770100825047855,0.02298991749521452
0.0,0.9779352360313986,0.022064763968601332
0.0,0.9790499654744337,0.02095003452556628
0.0,0.9805043475781374,0.019495652421862623
0.0,0.981622979355163,0.01837702064483702
0.0,0.9845522914093071,0.01544770859069293
0.0,0.9897865645048195,0.010213435495180527
0.0,0.9968354723173329,0.0031645276826671033
0.0,0.9985896253360297,0.0014103746639703891
0.0,0.9992804427709081,0.000719557229091976
0.0,0.9996612369825822,0.0003387630174178163
0.0,0.9998407779889206,0.00015922201107944697
0.0,1.0,0.0
