0.85,0.05,0.1
0.8490923793912121,0.05083440913368017,0.10007321147510781
0.8447718343837551,0.054802948495534166,0.10042521712071077
0.8437837733702993,0.05570968489754128,0.10050654173215949
0.835337569739279,0.06344773621099735,0.10121469404972357
0.766302935443711,0.12563110204160866,0.10806596251468031
0.6782060422803711,0.20089491609468485,0.12089904162494415
0.6549980241683148,0.21974136165855024,0.12526061417313503
0.6504111835670415,0.2234403950175252,0.1261484214154333
0.6482175933866836,0.2252156839225169,0.12656672269079958
0.6461268628496388,0.22655431157057798,0.12731882557978322
0.645708042355757,0.2268224692215047,0.12746948842273842
0.6423494742934331,0.22897285673843995,0.12867766896812682
0.6149994230365127,0.24648435514223013,0.13851622182125725
0.5083216661172841,0.3147890177638907,0.1768893161188252
0.27849178897639393,0.46195908729730384,0.25954912372630223
0.12595511218555686,0.5596539962573148,0.31439089155712835
0.06555127357135467,0.5983545260366581,0.33609420039198734
0.025370400188670608,0.6241175622103275,0.3505120376010019
0.014605508039614627,0.6310305619828841,0.3543639299775013
0.007335269103012948,0.6357106425642921,0.35695408833269493
0.003404900762233448,0.6382547600273916,0.358340339210375
0.0015771590288532304,0.63945243500882,0.3589704059623268
0.000724199738910408,0.6400261418590826,0.359249658402007
0.00032692095442300425,0.6403086068430935,0.3593644722024834
0.0001475477074469232,0.6404515144433606,0.3594009378491924
0.0,0.6405740444488836,0.35942595555111645
0.0,0.6406020623650018,0.35939793763499817
0.0,0.6406300793073985,0.3593699206926016
0.0,0.6406580952841392,0.3593419047158608
0.0,0.64068611029877,0.35931388970123
0.0,0.6407141243528011,0.35928587564719905
0.0,0.6407421374468253,0.3592578625531747
0.0,0.6407701495810232,0.3592298504189768
0.0,0.640798160755389,0.3592018392446111
0.0,0.6408261709698332,0.35917382903016687
0.0,0.6408541802242287,0.3591458197757713
0.0,0.6408821885184314,0.3591178114815686
0.0,0.6409101958522895,0.3590898041477105
0.0,0.6409382022256479,0.3590617977743521
0.0,0.64096620763835,0.35903379236165006
0.0,0.6409942120902382,0.35900578790976173
0.0,0.6410222155811551,0.3589777844188449
0.0,0.6410502181109428,0.3589497818890572
0.0,0.6410782196794436,0.35892178032055644
0.0,0.6411062202864996,0.35889377971350045
0.0,0.641134219931953,0.35886578006804704
0.0,0.641162218615646,0.358837781384354
0.0,0.641190216337421,0.358809783662579
0.0,0.6412187512028494,0.3587812487971506
0.0,0.6412491885365168,0.3587508114634832
0.0,0.6412820695175354,0.3587179304824646
0.0,0.6413231459634936,0.3586768540365063
0.0,0.6413752717430723,0.35862472825692776
0.0,0.6414476830926102,0.35855231690738976
0.0,0.6415624138291105,0.35843758617088955
0.0,0.6417913789487025,0.3582086210512975
0.0,0.6425201780738691,0.357479821926131
0.0,0.6468694136918057,0.3531305863081944
0.0,0.6513115768989904,0.34868842310100967
0.0,0.668256051333121,0.33174394866687906
0.0,0.7865823453234883,0.2134176546765118
0.0,0.8992982739130793,0.10070172608692078
0.0,0.9571497980982503,0.042850201901749665
0.0,0.9801012439479908,0.019898756052009206
0.0,0.9908764774506935,0.009123522549306366
0.0,0.995841634484161,0.004158365515839075
0.0,0.9981098306868836,0.0018901693131164058
0.0,0.9991418961669605,0.0008581038330395172
0.0,0.999610655553019,0.00038934444698096685
0.0,0.9998233893453091,0.00017661065469082893
0.0,1.0,0.0
