0.8,0.1,0.1
0.7982643409420429,0.101581069354038,0.10015458970391919
0.7901623229747754,0.10894567430633698,0.10089200271888767
0.7882959975949709,0.11063834525884915,0.10106565714617995
0.7725299761473206,0.12487726766190242,0.102592756190777
0.6613880792965046,0.22135799726908467,0.11725392343441073
0.6569646602258338,0.2250532787534817,0.11798206102068456
0.65454773473033,0.2269729323723032,0.11847933289736673
0.6535125498917963,0.22765310989045462,0.1188343402177491
0.6451793157391087,0.23312874570112105,0.12169193855977026
0.5756960638823041,0.27878587605899924,0.14551806005869677
0.3639796768956252,0.4179116818983544,0.21810864120602033
0.23962170401937202,0.4996396613135253,0.26073863466710273
0.14787275439269942,0.5599448923652391,0.29218235324206143
0.06961765556494086,0.6113944535067817,0.3189878909282775
0.030183662251862267,0.637337577260673,0.33247876048746466
0.012779909222420494,0.6488047124095537,0.3384153783680258
0.005355698574585989,0.6537139971011531,0.34093030432426097
0.0022346668751793723,0.655795400800888,0.34196993232393263
0.0009307149865881516,0.6566826341726347,0.3423866508407772
0.0003873377720431888,0.6570700000726735,0.34254266215528334
0.00016114811494913255,0.6572488925336399,0.3425899593514109
0.0,0.6573850399549988,0.34261496004500125
0.0,0.6574152545695371,0.34258474543046286
0.0,0.6574454678912973,0.34255453210870274
0.0,0.6574756799298465,0.34252432007015354
0.0,0.6575058906890472,0.34249410931095275
0.0,0.6575361001703927,0.3424638998296074
0.0,0.6575663083743911,0.3424336916256088
0.0,0.6575965153011425,0.34240348469885745
0.0,0.6576267209505767,0.3423732790494233
0.0,0.657656925322553,0.342343074677447
0.0,0.6576871284169015,0.3423128715830985
0.0,0.6577173302334401,0.34228266976655985
0.0,0.6577475307719819,0.3422524692280181
0.0,0.6577777300323376,0.3422222699676625
0.0,0.6578079280143172,0.34219207198568286
0.0,0.6578381247177305,0.34216187528226943
0.0,0.6578683201423872,0.34213167985761284
0.0,0.6578985142880966,0.3421014857119034
0.0,0.6579287071546686,0.34207129284533144
0.0,0.6579588987419126,0.34204110125808745
0.0,0.6579890890496383,0.3420109109503618
0.0,0.6580192780776554,0.3419807219223447
0.0,0.6580494658257736,0.34195053417422644
0.0,0.6580825775678747,0.3419174224321253
0.0,0.6581225056000838,0.34187749439991627
0.0,0.6581723085310172,0.34182769146898295
0.0,0.6582410962970694,0.34175890370293066
0.0,0.6583485585788981,0.341651441421102
0.0,0.6585567462006113,0.3414432537993887
0.0,0.6591675566201524,0.34083244337984764
0.0,0.6602688167495967,0.33973118325040336
0.0,0.6642175864381704,0.33578241356182964
0.0,0.6922515175583057,0.3077484824416943
0.0,0.84472059815325,0.15527940184675007
0.0,0.9297443363372117,0.07025566366278838
0.0,0.9767197811269757,0.023280218873024377
0.0,0.9897595576356709,0.01024044236432906
0.0,0.9955288784997408,0.004471121500259213
0.0,0.9980542306532704,0.00194576934672966
0.0,0.9990211202164436,0.0009788797835563812
0.0,0.9995119749054125,0.00048802509458745707
0.0,0.9997567527683913,0.00024324723160877872
0.0,0.9998787727349024,0.00012122726509761057
0.0,1.0,0.0
