0.5,0.35,0.15
0.49591939186485035,0.3541906134405074,0.14988999469464223
0.47776996504525676,0.3729401891446133,0.14928984581012988
0.473568144424726,0.37730714253483655,0.14912471304043742
0.4391569415530595,0.4134535028092009,0.14738955563773956
0.27782646001217426,0.5933267400605733,0.1288467999272525
0.13765821246710383,0.7687750040017352,0.09356678353116106
0.07503478526264126,0.8574010729111224,0.06756414182623635
0.034067702065928476,0.923022627776676,0.042909670157395614
0.01178154172720837,0.9654910838392878,0.02272737443350386
0.007966227207520271,0.9741184756733579,0.017915297119121987
0.00413832742785024,0.9838612797128443,0.012000392859305525
0.0017714597969618988,0.9911094627482767,0.007119077454761263
0.0007509620183387311,0.9950592566749662,0.004189781306695137
0.00031657919875369167,0.9972288472668375,0.002454573534408718
0.00013303284332599394,0.9984327163060746,0.0014342508505995244
0.0,0.9991631515989398,0.000836848401060255
0.0,0.9995121848655089,0.00048781513449124085
0.0,0.9997157792943314,0.0002842207056685531
0.0,0.9998344479320893,0.00016555206791069553
0.0,1.0,0.0
