0.85,0.05,0.1
0.8490379786448832,0.05091908873616007,0.10004293261895683
0.8442854676435716,0.05546442242366146,0.1002501099327669
0.8432221301503013,0.056482505448533955,0.10029536440116467
0.8340137148414438,0.06531529211477909,0.10067099304377713
0.7584545264005883,0.13878040316948484,0.10276507042992677
0.6353865361145099,0.2618825338975811,0.10273092998790902
0.49304135411751204,0.40942117781241405,0.09753746807007388
0.3281924564107141,0.5878261682588503,0.08398137533043569
0.1785581149058293,0.7589676898747378,0.062474195219432926
0.0815529132890997,0.8780262690185021,0.04042081769239829
0.033022141094093474,0.9432761857670539,0.023701673138852606
0.01131681365361827,0.9763123275570147,0.012370858789367065
0.004656913214795117,0.9881732149886421,0.007169871796562761
0.002379988300035806,0.9928816772156767,0.004738334484287527
0.0010654670391600646,0.9960522248958779,0.0028823080649621026
0.00047521351422222583,0.9977768282327556,0.0017479582530221605
0.00021149648753752336,0.9987303303935839,0.0010581731188785298
0.0,0.9993600035116759,0.0006399964883240722
0.0,0.999613211652437,0.0003867883475630057
0.0,0.9997663169068688,0.0002336830931312643
0.0,0.9998588453858239,0.00014115461417612293
0.0,1.0,0.0
