0.75,0.1,0.15
0.7485447707576461,0.10128582919580481,0.15016940004654902
0.7421991700714813,0.106902100489237,0.15089872943928173
0.7406538632310374,0.10827210649736967,0.15107403027159294
0.727643484641578,0.11984266983250093,0.152513845525921
0.5738302456650866,0.2619573654345806,0.16421238890033282
0.43801430426513716,0.39762383239754656,0.16436186333731623
0.2730562753009439,0.5804887310230846,0.1464549936759715
0.12820046629810453,0.7664994608998474,0.105300072802048
0.05667606137162433,0.8753660257406426,0.06795791288773308
0.021569933455908342,0.9396624579287306,0.03876760861536113
0.007481298563266884,0.9720312346697368,0.020487466766996264
0.0030009766368735945,0.985280778374678,0.011718244988448381
0.0015921484600855827,0.9904741489152137,0.007933702624700745
0.0007084104585416737,0.9944793304953858,0.004812259046072565
0.0003120254033442019,0.9967905183431779,0.0028974562534779284
0.0001369742955073966,0.998123244337247,0.0017397813672456284
0.0,0.998956978361383,0.0010430216386169994
0.0,0.9993753554587642,0.0006246445412358306
0.0,0.9996261198764419,0.00037388012355809257
0.0,0.9997762888364801,0.000223711163519911
0.0,0.9998661688709225,0.00013383112907753468
0.0,1.0,0.0
