0.5,0.3,0.2
0.4970910854936283,0.30262899348123623,0.20027992102513548
0.4854179608098506,0.31322697509342573,0.2013550640967236
0.4824528639825292,0.3159316218084599,0.20161551420901097
0.45832878242127506,0.33814012522463793,0.20353109235408706
0.25038034435480677,0.5527785283743532,0.1968411272708402
0.1507590855696636,0.6817156509388246,0.16752526349151167
0.08826112957309672,0.7796477945671064,0.13209107585979676
0.034240086426054445,0.8857318198126678,0.0800280937612777
0.010881246789671917,0.948002554064195,0.041116199146133126
0.004355160695824012,0.9719533826590636,0.023691456645112303
0.0019730545105965014,0.9834144649267658,0.01461248056263781
0.0008792459376353099,0.9902290474163346,0.0088917066460302
0.0003878791145883012,0.9942459965945997,0.005366124290812116
0.00017007510440008827,0.9966075523384215,0.003222372557178536
0.0,0.9980705661675948,0.0019294338324051506
0.0,0.998846912549902,0.0011530874500979343
0.0,0.9993115926057656,0.0006884073942343701
0.0,0.9995892667135082,0.0004107332864918614
0.0,0.9997550295742637,0.0002449704257363593
0.0,0.999837530156508,0.00016246984349202565
0.0,0.9998925511907986,0.00010744880920142947
0.0,1.0,0.0
