0.4,0.35,0.25
0.3938395679529977,0.3559820779927532,0.25017835405424915
0.3631328916952684,0.386540815256401,0.25032629304833065
0.3571126152650155,0.3926809355529212,0.25020644918206336
0.3102041654260016,0.44230425692187014,0.24749157765212815
0.15245696246251866,0.6389955771550916,0.20854746038238972
0.06383456637438606,0.7864570809560827,0.1497083526695313
0.024252705380519962,0.8782370778726327,0.09751021674684734
0.008747075150628721,0.9309638597216678,0.060289065127703476
0.003793577978073841,0.9559733278407844,0.040233094181141626
0.001628779214100106,0.9717918626166265,0.026579358169273433
0.0006950600793973215,0.9818526986965576,0.01745224122404517
0.0002954932799536975,0.98828829028559,0.011416216434456432
0.00012532855294282818,0.9924244412512373,0.007450230195819932
0.0,0.9951449657423879,0.004855034257612029
0.0,0.9968394339312844,0.0031605660687156105
0.0,0.9979437333215875,0.0020562666784124848
0.0,0.9986627089518583,0.0013372910481417386
0.0,0.999130513086574,0.0008694869134260842
0.0,0.999434765054829,0.0005652349451710393
0.0,0.9996325919705632,0.0003674080294368812
0.0,0.9997418160391547,0.00025818396084529606
0.0,0.9998188510961639,0.0001811489038361828
0.0,0.9998729039166518,0.00012709608334819655
0.0,1.0,0.0
