0.55,0.05,0.4
0.5456672254810698,0.05119164244542561,0.4031411320735046
0.5228079936628703,0.057819089963219356,0.41937291637391033
0.5183863205415662,0.05916949371691262,0.42244418574152115
0.4827191157123266,0.07093508818557698,0.4463457961020964
0.32337257655125834,0.14833682587224056,0.5282905975765011
0.17995816800613448,0.27927770220568227,0.5407641297881833
0.08490672929724877,0.4457961315975369,0.46929713910521437
0.03408226648710122,0.6163191190717203,0.3495986144411784
0.012148779432908173,0.756601070148858,0.23125015041823377
0.003987529015970527,0.8551742806385829,0.14083819034544656
0.001693707732031605,0.9039393119758327,0.09436698029213574
0.0007056998666065085,0.9372701266524632,0.06202417348093024
0.000290300442534261,0.9594621042447379,0.04024759531272788
0.0001184205468272921,0.9739828303038314,0.025898749149341354
0.0,0.9820856958725295,0.017914304127470578
0.0,0.987641297450876,0.01235870254912399
0.0,0.9914889216141967,0.008511078385803358
0.0,0.994145768637886,0.005854231362114035
0.0,0.9959766108092432,0.004023389190756869
0.0,0.9972364699850428,0.0027635300149571897
0.0,0.998102576218219,0.0018974237817810762
0.0,0.998604736466924,0.0013952635330759695
0.0,0.9988038923965579,0.0011961076034421553
0.0,0.9991652038025756,0.0008347961974244082
0.0,0.9994456343015848,0.0005543656984152067
0.0,0.9996318953577381,0.0003681046422619351
0.0,0.9997555899578474,0.0002444100421525764
0.0,0.9998377260753561,0.00016227392464383597
0.0,0.999892262611686,0.0001077373883139917
0.0,1.0,0.0
