0.3,0.45,0.25
0.2944393448014115,0.45619064038717805,0.24937001481141047
0.2670992921622501,0.4874002209613728,0.24550048687637718
0.26709929216225003,0.4874002209613727,0.24550048687637713
0.2618704092407709,0.49352214882081213,0.24460744193841705
0.22211969825442313,0.5418328227840308,0.23604747896154604
0.10445286150315922,0.7102225429945083,0.1853245955023326
0.043641464960290706,0.8270891337403651,0.12926940129934428
0.01637961602338973,0.90096755478307,0.08265282919354025
0.007932930259879987,0.9335171976096346,0.058549872130485445
0.003654957549752407,0.9561250627714285,0.040219979678819115
0.0016319922105495098,0.9712803422156793,0.02708766557377129
0.0007246172584587176,0.9811346297301586,0.018140753011382665
0.00032059517540740303,0.9875735409353582,0.012105863889234379
0.00014152046766641938,0.9917982161567251,0.008060263375608449
0.0,0.9946409014036334,0.00535909859636661
0.0,0.9964406037369584,0.0035593962630415207
0.0,0.9976373624682822,0.002362637531717881
0.0,0.9984323738402958,0.0015676261597040936
0.0,0.9989601481816441,0.0010398518183558048
0.0,0.9993103589252242,0.0006896410747757946
0.0,0.9995426761951848,0.0004573238048152307
0.0,0.9996967572081249,0.00030324279187503794
0.0,0.9997989358649944,0.00020106413500566793
0.0,0.999866689678248,0.00013331032175196986
0.0,1.0,0.0
