0.65,0.05,0.3
0.6459418943574402,0.05125780484120319,0.30280030080135656
0.6239709400097823,0.05839057193277185,0.31763848805744593
0.6197248370900892,0.059833048250946375,0.32044211465896444
0.5848539999629633,0.07249375087525199,0.3426522491617847
0.4281780135956421,0.1500362404010705,0.42178574600328755
0.2645254325455303,0.2814253628794295,0.4540492045750402
0.13848299186403912,0.4473249602542042,0.4141920478817567
0.062425322895545476,0.6122378888974138,0.3253367882070407
0.022010442464331162,0.7624209816261205,0.2155685759095483
0.008756859512767473,0.8478601903832069,0.14338295010402552
0.004196223322988235,0.8938908580217284,0.10191291865528344
0.001853616236519487,0.9290915668403651,0.0690548169231154
0.0008063638047437008,0.9530641894908818,0.04612944670437453
0.00034772012583018805,0.9691067089952489,0.030545570878920958
0.0001490804740596605,0.9797410860816649,0.020109833444275305
0.0,0.9868098087936706,0.013190191206329312
0.0,0.9913707273727099,0.00862927262729002
0.0,0.9943635746193646,0.005636425380635392
0.0,0.9963222784308252,0.00367772156917479
0.0,0.9976019582219134,0.0023980417780865805
0.0,0.9984370654038497,0.0015629345961503049
0.0,0.9989816471601893,0.001018352839810596
0.0,0.9993366034243624,0.0006633965756376842
0.0,0.9995358330809273,0.00046416691907268744
0.0,0.9996752500191449,0.00032474998085513425
0.0,0.9997283690076308,0.00027163099236918745
0.0,0.9998110993665982,0.0001889006334018355
0.0,0.9998746136529167,0.00012538634708325136
0.0,1.0,0.0
