0.2,0.65,0.15
0.1954500621855665,0.655625672930598,0.1489242648838355
0.17298240782648802,0.6839227204506405,0.14309487172287144
0.16891175174421422,0.6891479385391356,0.1419403097166502
0.13890955324719653,0.7287269948714762,0.13236345188132728
0.06080700961913739,0.84487888331892,0.09431410706194265
0.02186799315806239,0.9191423590931047,0.05898964774883283
0.01011946275487107,0.9491039609555927,0.04077657628953626
0.004623126874783163,0.9675493764547018,0.027827496670515046
0.00209647052331398,0.9790535227348337,0.018850006741852287
0.0009465188018122339,0.9863408280333379,0.012712653164849964
0.0004261926626997489,0.9910231962688886,0.00855061106841167
0.00019158320554336637,0.9940668148788088,0.005741601915647828
0.0,0.9961483597734182,0.0038516402265818773
0.0,0.9974183151366958,0.002581684863304176
0.0,0.998270270325131,0.0017297296748689265
0.0,0.9988414069811654,0.0011585930188345408
0.0,0.9991684060835782,0.0008315939164218005
0.0,0.9994052923935012,0.0005947076064988358
0.0,0.9995747284263491,0.00042527157365098025
0.0,0.999695905721177,0.0003040942788231118
0.0,0.9997428578734644,0.00025714212653554384
0.0,0.9998208823496036,0.00017911765039634324
0.0,0.9998810753693238,0.00011892463067615659
0.0,1.0,0.0
