0.20000000000000004,0.7000000000000001,0.10000000000000002
0.19532027464247395,0.7054711369406051,0.09920858841692087
0.17213701665224174,0.7329326195662472,0.09493036378151114
0.16797789119896311,0.7379266541462457,0.09409545465479117
0.13744892250588947,0.7753055620142525,0.08724551547985794
0.05994831418661335,0.8787041547740599,0.06134753103932665
0.02122700163397808,0.9409983744663063,0.03777462389971559
0.00958124182871534,0.9647226364100728,0.025696121761211766
0.004278288166018481,0.9784295767141665,0.017292135119814953
0.0018992121808742313,0.9865320958987838,0.011568691920342137
0.0008403363842375509,0.9914453754306812,0.0077142881850813284
0.00037111540246644584,0.9944945574053106,0.005134327192222881
0.00016370894603220753,0.9964229558422144,0.003413335211753255
0.0,0.9977322075225585,0.002267792477441453
0.0,0.9984941249237029,0.00150587507629706
0.0,0.9990003149970161,0.0009996850029838204
0.0,0.9993364656474112,0.0006635343525888195
0.0,0.999559633223244,0.00044036677675593185
0.0,0.9996840315219985,0.0003159684780014823
0.0,0.999773881083245,0.00022611891675500037
0.0,0.9998381849413615,0.0001618150586385843
0.0,0.9998842041406191,0.00011579585938095412
0.0,1.0,0.0
