0.45,0.1,0.45
0.44532905593775785,0.10217357203466101,0.45249737202758117
0.4213538604351217,0.11390851242201529,0.4647376271428631
0.41667947081374734,0.1163138739305756,0.46700665525567714
0.37953078575747695,0.13691092844063224,0.48355828580189086
0.21524499869529817,0.27161434171704574,0.5131406595876561
0.1012512668398615,0.447167357544302,0.4515813756158365
0.04032247984875812,0.6232431497476366,0.33643437040360535
0.01158650139083359,0.7859249919203792,0.20248850668878723
0.004830470785008417,0.858524157225409,0.1366453719895826
0.0023682640112297967,0.899687202335228,0.09794453365354215
0.0010731984146542285,0.9318269753570535,0.06709982622829222
0.00048076585132305586,0.9540762707642864,0.04544296338439057
0.00021369631257329178,0.9692499621673527,0.030536341520073996
0.0,0.979586304919761,0.020413695080238946
0.0,0.986403372259622,0.013596627740377917
0.0,0.9902538136386049,0.009746186361395123
0.0,0.9930215592473288,0.006978440752671199
0.0,0.9950072765845727,0.004992723415427377
0.0,0.9957778908768573,0.0042221091231427026
0.0,0.9970603725538499,0.0029396274461500325
0.0,0.9980494070389275,0.001950592961072491
0.0,0.998706113754669,0.0012938862453309597
0.0,0.999141916909002,0.0008580830909979701
0.0,0.9994310176868673,0.0005689823131328176
0.0,0.9996227529485938,0.00037724705140609443
0.0,0.9997498935645759,0.0002501064354240411
0.0,0.9998341920829147,0.00016580791708536747
0.0,0.9998900808608792,0.00010991913912078036
0.0,1.0,0.0
