0.5,0.1,0.4
0.4952267158320119,0.10224448186185713,0.40252880230613103
0.47043866762850167,0.11446025863977544,0.41510107373172295
0.4656007694290683,0.11695749641338903,0.4174417341575427
0.42681326482507653,0.13840556441318919,0.4347811707617342
0.2546769195865001,0.2732665792139123,0.47205650119958764
0.1261632434201623,0.4482820864058885,0.42555467017394916
0.0528981884375529,0.6224097373308418,0.32469207423160534
0.017494742206241323,0.7742578814513155,0.20824737634244317
0.007129963392178626,0.8533077471337152,0.1395622894741062
0.0035816076050273955,0.8951097860995567,0.10130860629541596
0.0015600486104715785,0.9302780416952191,0.06816190969430938
0.0006705661200617339,0.9540740943781728,0.04525533950176543
0.0002857167124621681,0.9699300167979374,0.02978426648960047
0.00012104050356573175,0.9803893159820186,0.019489643514415587
0.0,0.9872939476988667,0.01270605230113336
0.0,0.9917373437766199,0.008262656223380044
0.0,0.9946353018674905,0.005364698132509436
0.0,0.996520426522775,0.0034795734772249767
0.0,0.9977446311321507,0.002255368867849246
0.0,0.9985387602512728,0.0014612397487271881
0.0,0.9990535358041093,0.0009464641958907411
0.0,0.9993364969998594,0.0006635030001405493
0.0,0.9995509560462847,0.0004490439537152281
0.0,0.9997064690556168,0.00029353094438318826
0.0,0.9998081350556045,0.00019186494439553124
0.0,0.9998745929142757,0.0001254070857242052
0.0,1.0,0.0
