0.75,0.1,0.15
0.7459138034916737,0.10257881582617509,0.15150738068215125
0.7231723970351512,0.1173011558434881,0.15952644712136066
0.718714464276229,0.12025896366468965,0.16102657205908136
0.6810680658865805,0.14613575732498232,0.1727961767884372
0.5002532876047256,0.2908272092165958,0.20891950317867863
0.30650041584792725,0.4827968426297697,0.21070274152230303
0.1562563270623425,0.6669226136783578,0.17682105925929975
0.08287316161750581,0.7780402530794871,0.13908658530300713
0.03372282008416758,0.8723325737558596,0.09394460615997288
0.014468236936029347,0.9222625708892078,0.06326919217476286
0.007197289762375874,0.9475708171699763,0.04523189306764788
0.003121936350986592,0.9667875798727144,0.030090483776299026
0.0013437861127078357,0.9787928071491243,0.019863406738167843
0.0005757415833042212,0.9863725070246269,0.013051751392068928
0.0002459782762920374,0.9912022717790869,0.008551749944621035
0.00010490613169145341,0.9943016954390189,0.005593398429289583
0.0,0.9963454627335089,0.003654537266491177
0.0,0.9976141128245299,0.0023858871754700505
0.0,0.9984430470590567,0.0015569529409432072
0.0,0.9989842775863255,0.0010157224136744904
0.0,0.9993374895324715,0.0006625104675285596
0.0,0.9995679270769324,0.0004320729230675962
0.0,0.9997182353399,0.0002817646601000539
0.0,0.999816264119601,0.00018373588039890398
0.0,0.9998711306949681,0.00012886930503185005
0.0,1.0,0.0
