0.4,0.15,0.45
0.3951754569754075,0.15303874760559902,0.4517857954189935
0.37077812731935444,0.16914808707852455,0.46007378560212103
0.36600594664986014,0.1724502726275176,0.46154378072262225
0.3284158510086339,0.2003465688078982,0.47123758018346784
0.1770464298794499,0.35931020378998924,0.46364336633056086
0.07980796053804588,0.5389457056428424,0.38124633381911177
0.031071999827869214,0.6981770054266991,0.2707509947454317
0.008835089393172147,0.8334493274615715,0.15771558314525633
0.003242662449896124,0.8976067374533945,0.09915060009670947
0.0015914087665020798,0.9277910780094832,0.07061751322401465
0.0007275185356965616,0.9509349486682572,0.04833753279604625
0.00032991693288413873,0.9668482431167505,0.032821839950365375
0.00014879835211349793,0.9776858369647926,0.02216536468309399
0.0,0.9850851029994331,0.014914897000566871
0.0,0.9899896728116047,0.010010327188395266
0.0,0.9932924202816193,0.006707579718380684
0.0,0.9951724629920462,0.004827537007953786
0.0,0.9965323223477707,0.0034676776522293454
0.0,0.9975100840084047,0.0024899159915952773
0.0,0.997890350922675,0.002109649077324965
0.0,0.9985303588650787,0.0014696411349212684
0.0,0.9990244600985457,0.0009755399014542683
0.0,0.9993525495575891,0.000647450442410833
0.0,0.9995703448100689,0.000429655189931106
0.0,0.9997148970210219,0.00028510297897812764
0.0,0.9998108256201235,0.00018917437987660995
0.0,0.9998744811760456,0.00012551882395442587
0.0,1.0,0.0
