0.6,0.15,0.25
0.594762792869624,0.15346896993329504,0.251768237197081
0.5669899971655448,0.17243964359684125,0.260570359237614
0.561515405602296,0.17629356699085516,0.26219102740684885
0.5167389326241225,0.20924275875592957,0.27401830861994797
0.3338900302583524,0.3722969018079096,0.293813067933738
0.18080771695167205,0.5551650723681469,0.2640272106801811
0.08418600399224448,0.7118123390028329,0.2040016570049227
0.035331390045634875,0.822599639676298,0.14206897027806714
0.011508950600777064,0.903520489784704,0.08497055961451888
0.004802564817434905,0.9392354215132042,0.05596201366936097
0.002589521337487544,0.9559536337308875,0.04145684493162491
0.0011603542666560921,0.9708731532181696,0.027966492515174392
0.0005116565346140237,0.9808228777320463,0.018665465733339628
0.00022481415352248524,0.9873616023227134,0.012413583523764125
0.0,0.9917623896573463,0.008237610342653736
0.0,0.9945425515246051,0.005457448475394863
0.0,0.996387836884801,0.003612163115198904
0.0,0.9976106889572218,0.002389311042778094
0.0,0.9984202163201298,0.0015797836798702107
0.0,0.9989557523389889,0.0010442476610111001
0.0,0.9993098707415757,0.0006901292584243166
0.0,0.9995439576599654,0.00045604234003458587
0.0,0.9996986679085876,0.0003013320914123714
0.0,0.999800903877043,0.00019909612295698883
0.0,0.9998684577845814,0.00013154221541850753
0.0,1.0,0.0
