0.8,0.15,0.05
0.7956317836515627,0.15386636589883576,0.050501850449601524
0.7709898346226651,0.175861847635527,0.05314831774180785
0.7660918657890028,0.18026915353062842,0.053638980680368806
0.7240382898549008,0.21854590178683467,0.05741580835826446
0.5400459855277802,0.39342232072484584,0.06653169374737403
0.33902215323474416,0.5960908278482945,0.06488701891696144
0.1804732792672306,0.765864313879026,0.05366240685374342
0.08543949095657812,0.875092699960057,0.03946780908336496
0.03509698429287583,0.9387044614879182,0.02619855421920606
0.01252671669260192,0.9715511175347453,0.015922165772652788
0.008488352184108594,0.9783590534949972,0.01315259432089426
0.00431322603815379,0.9862733440140787,0.009413429947767525
0.001942063404574014,0.9917240710049546,0.006333865590471366
0.0008679036312646668,0.9948911900830327,0.004240906285702617
0.00038736204116764154,0.9967767691955535,0.002835868763278867
0.00017276005245685916,0.9979323042670593,0.0018949356804839298
0.0,0.9987342482352121,0.0012657517647880255
0.0,0.9991548444795834,0.0008451555204165861
0.0,0.9994357598648691,0.0005642401351309064
0.0,0.9996233389187094,0.0003766610812906781
0.0,0.9997485738552975,0.00025142614470256646
0.0,0.9998321767835701,0.00016782321642988215
0.0,0.9998879836097191,0.00011201639028089756
0.0,1.0,0.0
