0.3,0.05,0.65
0.2963893015538077,0.05101424270592298,0.6525964557402693
0.278357132645946,0.05643815694868953,0.6652047104053644
0.27487636611779853,0.057559061695667595,0.6675645721865339
0.24789149714520892,0.0671869045202294,0.6849215983345617
0.11321857163758667,0.1636579673448691,0.7231234610175443
0.042678240786924115,0.32840021673735953,0.6289215424757164
0.017499023657554402,0.49038870669785184,0.49211226964459376
0.0046269525558273825,0.694329671353441,0.30104337609073156
0.0027017779964522122,0.7570857064612632,0.24021251554228462
0.0013502719590053958,0.8217317538124911,0.1769179742285035
0.0005439445649864761,0.8830556252841358,0.11640043015087767
0.00021362381226738326,0.9251256692648734,0.07466070692285925
0.0,0.9529162210443858,0.04708377895561423
0.0,0.9680301054956375,0.031969894504362543
0.0,0.9784023919559325,0.02159760804406744
0.0,0.9854600453440192,0.014539954655980805
0.0,0.9902344270101687,0.009765572989831222
0.0,0.993451496510633,0.006548503489366983
0.0,0.9956134625000616,0.004386537499938491
0.0,0.997063772394861,0.0029362276051390196
0.0,0.998035516099414,0.0019644839005859933
0.0,0.9986860852890637,0.0013139147109363766
0.0,0.9988830476425808,0.0011169523574191182
0.0,0.9992214234901503,0.0007785765098496235
0.0,0.9994830677706107,0.0005169322293893079
0.0,0.999656815464098,0.00034318453590190826
0.0,0.9997721775931706,0.0002278224068293582
0.0,0.9998487663915975,0.0001512336084025605
0.0,0.9998996103340612,0.0001003896659388786
0.0,1.0,0.0
