0.75,0.2,0.05
0.7446794442076944,0.20489251407249012,0.05042804171981555
0.7153393003670742,0.23206119210028042,0.05259950753264543
0.7094744999566348,0.23752857161865618,0.05299692842470906
0.6598272487323311,0.28426157859453416,0.055911172673134765
0.4619309903562572,0.4774405017516907,0.06062850789205207
0.27151392071926084,0.6732874282197127,0.05519865106102642
0.13765851080881336,0.8189927994703492,0.04334868972083728
0.07362695490951796,0.8932643761422637,0.0331086689482184
0.02715840209353112,0.9520827847869404,0.020758813119528527
0.012217176216195804,0.9737026946726459,0.01408012911115836
0.00647345433633287,0.9832273953656117,0.010299150298055611
0.002907118834267525,0.9901668358683439,0.006926045297388552
0.0012921595164193727,0.994081242385056,0.004626598098524548
0.0005733794030610028,0.9963412242886591,0.003085396308279768
0.00025419632903213145,0.9976900952516616,0.0020557084193063035
0.00011263391773331122,0.9985184243161769,0.0013689417660898752
0.0,0.999088627382087,0.0009113726179129582
0.0,0.9993934151796494,0.0006065848203506706
0.0,0.9995963148146921,0.000403685185307872
0.0,0.9997313637567405,0.0002686362432594562
0.0,0.9998212414682616,0.00017875853173841342
0.0,0.9998810523420985,0.00011894765790156986
0.0,1.0,0.0
