0.4,0.3,0.3
0.3941688472451647,0.305371560042925,0.3004595927119103
0.36501449031368977,0.3330374591371818,0.3019480505491284
0.3592888684789357,0.33863402511593377,0.30207710640513047
0.3145126814205281,0.3843755944517931,0.3011117241276789
0.15644836618245705,0.5821829244366347,0.2613687093809084
0.10328689178247186,0.6690509156637116,0.22766219255381664
0.10078657503850286,0.6735661043987133,0.22564732056278383
0.08253036349356171,0.7081087353884147,0.20936090111802366
0.03036510684623618,0.831996204992196,0.1376386881615678
0.018898139323556547,0.8700619315745659,0.11103992910187746
0.01889813932355655,0.870061931574566,0.11103992910187747
0.01837725442017268,0.8720017929307273,0.10962095264909993
0.01467641100606251,0.8865467101213563,0.09877687887258117
0.006282530025356432,0.9276212007615181,0.06609626921312554
0.0029122039505970277,0.9515115489683077,0.04557624708109528
0.002828792234370825,0.9522353222175046,0.044935885548124534
0.0022410703395449485,0.9576490316724966,0.04010989798795853
0.0010389993050917814,0.9714554076227208,0.02750559307218742
0.0004443304151383802,0.9814762073460276,0.018079462238834013
0.00042338051273937624,0.9819244912525478,0.017652128234712895
0.0004111020828417207,0.9821922455815012,0.017396652335657153
0.0003248164010231863,0.9841958475739325,0.01547933602504417
0.0001533386215259616,0.9891844290976423,0.010662232280831645
0.0,0.9929497227885812,0.007050277211418783
0.0,0.9953445630234619,0.0046554369765382094
0.0,0.9969284396037532,0.0030715603962468262
0.0,0.9979745449488026,0.002025455051197479
0.0,0.9986648471674374,0.0013351528325626103
0.0,0.9991200925711695,0.0008799074288304876
0.0,0.9994202036332586,0.0005797963667414128
0.0,0.9996179945983125,0.00038200540168748664
0.0,0.9997483284064701,0.0002516715935299051
0.0,0.9998342018902072,0.00016579810979270494
0.0,0.9998907774723741,0.00010922252762596042
0.0,1.0,0.0
