0.35,0.55,0.1
0.3539887572051164,0.5457425465979905,0.10026869619689312
0.3712996290064833,0.5272345670256322,0.10146580396788452
0.37530864958747495,0.5229408090329984,0.10175054137952658
0.40723044371953204,0.4886411525733851,0.1041284037070829
0.5554096166977175,0.325491321030515,0.1190990622717676
0.6541886601162621,0.20765412950348994,0.138157210380248
0.7002714407086598,0.13816216995568584,0.1615663893356544
0.7046799175530227,0.10876609507034646,0.1865539873766308
0.678451061039391,0.10045606976540415,0.2210928691952049
0.6232685709605977,0.11113309540075898,0.2655983336386433
0.5431855359986815,0.13575376590658253,0.3210606980947361
0.3886075550760918,0.18634557516415728,0.4250468697597509
0.27386219842865084,0.22110140892379032,0.5050363926475588
0.18630718465597487,0.2453895836459341,0.568303231698091
0.10684270064206514,0.26582050928147766,0.6273367900764573
0.0655531288773289,0.2758647431260435,0.6585821279966276
0.0295578146888614,0.2842974465032372,0.6861447388079014
0.011341850904103386,0.28841086413197325,0.7002472849639233
0.0057276749927988235,0.2896259711104011,0.7046463538968001
0.002792873222883146,0.29022175833016006,0.7069853684469568
0.001247992871343232,0.29049095923128077,0.708261047897376
0.0005564790518860015,0.29056558461848986,0.7088779363296241
0.0002478792197669668,0.2905530487400925,0.7091990720401405
0.00011035717688578591,0.2905016133795658,0.7093880294435484
0.0,0.2904471173822625,0.7095528826177375
0.0,0.2903627301312212,0.7096372698687787
0.0,0.2902793186328454,0.7097206813671547
0.0,0.290196350652419,0.709803649347581
0.0,0.2901135893332825,0.7098864106667174
0.0,0.29003092929654334,0.7099690707034567
0.0,0.28994832366775763,0.7100516763322424
0.0,0.28986575159995764,0.7101342484000424
0.0,0.28978320382331824,0.7102167961766818
0.0,0.28970067621680917,0.7102993237831908
0.0,0.28961816694894166,0.7103818330510583
0.0,0.2895356752061886,0.7104643247938114
0.0,0.2894532006275605,0.7105467993724395
0.0,0.2893707430532168,0.7106292569467832
0.0,0.2892883024127127,0.7107116975872872
0.0,0.28920587867532666,0.7107941213246733
0.0,0.2891234718279848,0.7108765281720152
0.0,0.28904108186545163,0.7109589181345483
0.0,0.2889587087859713,0.7110412912140287
0.0,0.28887635258933136,0.7111236474106686
0.0,0.28879401327600296,0.711205986723997
0.0,0.2887116908467586,0.7112883091532414
0.0,0.2886293853025027,0.7113706146974973
0.0,0.2885444525950071,0.711455547404993
0.0,0.2884511882206185,0.7115488117793816
0.0,0.2883431027781952,0.7116568972218048
0.0,0.2882094054701488,0.7117905945298512
0.0,0.2880312163342176,0.7119687836657824
0.0,0.28775127814991275,0.7122487218500873
0.0,0.2872198972855418,0.7127801027144582
0.0,0.285859467050004,0.714140532949996
0.0,0.27938007291458367,0.7206199270854163
0.0,0.2314557300461414,0.7685442699538587
0.0,0.12230730804299911,0.877692691957001
0.0,0.053504551257678966,0.946495448742321
0.0,0.023197472298713395,0.9768025277012866
0.0,0.01178739383452963,0.9882126061654704
0.0,0.005303254838539645,0.9946967451614603
0.0,0.002381893275191444,0.9976181067248087
0.0,0.0010689699971973615,0.9989310300028026
0.0,0.0004795767239197321,0.9995204232760804
0.0,0.00021512118461851457,0.9997848788153815
0.0,0.0,1.0
