0.05,0.65,0.3
0.04834692512625226,0.6532976627307961,0.29835541214295164
0.03993069978381248,0.6712061085245143,0.28886319169167324
0.038606650996359515,0.6742208955154767,0.28717245348816384
0.029469524305561687,0.6969640828071257,0.2735663928873126
0.013375586714898512,0.7517585624973812,0.2348658507877204
0.005843087859013643,0.7956205956269498,0.19853631651403653
0.004261611253241297,0.8096700986128311,0.18606829013392756
0.004122861023168735,0.8110721389021759,0.18480500007465533
0.003165980069771556,0.8218114519792566,0.17502256795097185
0.0015392292809307383,0.8475748350881174,0.15088593563095185
0.0006992783462729586,0.8709030113982738,0.12839771025545327
0.0004914236591589376,0.8799910125732816,0.11951756376755951
0.00047587056555783107,0.8807830362909316,0.11874109314351043
0.00036811492317654997,0.8869000529727996,0.11273183210402389
0.00017852043544296184,0.9023434134780852,0.09747806608647186
0.0,0.91678663789249,0.08321336210750994
0.0,0.9213374890279576,0.07866251097204244
0.0,0.922012406012369,0.07798759398763111
0.0,0.9271846162291832,0.07281538377081685
0.0,0.9472044988671021,0.05279550113289798
0.0,0.9476428736973971,0.052357126302602974
0.0,0.951010530143831,0.04898946985616912
0.0,0.970880274415673,0.029119725584327065
0.0,0.9850475372104331,0.014952462789566924
0.0,0.9922793155936391,0.007720684406360938
0.0,0.9961462147091369,0.0038537852908631302
0.0,0.9981284019269029,0.0018715980730971207
0.0,0.9986030248641914,0.0013969751358086015
0.0,0.9986137515626274,0.0013862484373725439
0.0,0.9986966443344621,0.0013033556655378455
0.0,0.9992038696854065,0.0007961303145934564
0.0,0.9996341689331232,0.0003658310668767765
0.0,0.9998398358823347,0.00016016411766532631
0.0,1.0,0.0
