0.5,0.15,0.35
0.49040338892380314,0.15396711824239342,0.3556294928338034
0.43525032917562667,0.17807425498005797,0.3866754158443154
0.4257315804524997,0.18248068667997494,0.3917877328675254
0.351889150781173,0.21960261013930482,0.4285082390795221
0.1823135153927411,0.33561369078763426,0.48207279381962465
0.08471679752272762,0.4479394262936234,0.46734377618364903
0.05419218063755392,0.503484259082915,0.44232356027953107
0.05231287060566229,0.5075952307102582,0.4400918986840795
0.03941522441942928,0.5392096661120794,0.4213751094684913
0.017182185842032946,0.619523431317409,0.36329438284055815
0.007418889972260029,0.6851517853416405,0.30742932468609957
0.005037487690446414,0.7110878180596807,0.283874694249873
0.004866639115373176,0.7132823566983775,0.2818510041862493
0.0036968324001245877,0.7301260166206374,0.266177150979238
0.0018127600469462807,0.7689256498738569,0.22926159007919666
0.0008346480802814359,0.8043363431585241,0.19482900876119436
0.000527806863631137,0.8224363633807056,0.17703582975566315
0.0005278068636311371,0.8224363633807057,0.17703582975566318
0.0005106476253999377,0.8236690864424144,0.17582026593218553
0.00039232283065277173,0.833172602211132,0.16643507495821522
0.00019180563737760441,0.8562661435983966,0.14354205076422585
0.0,0.8777555532084823,0.12224444679151769
0.0,0.8862770060869697,0.11372299391303028
0.0,0.8872908021707401,0.1127091978292599
0.0,0.8950388050296901,0.10496119497030992
0.0,0.92498778066356,0.07501221933643996
0.0,0.925628564606532,0.07437143539346801
0.0,0.9305407768437794,0.06945922315622051
0.0,0.9591460960672284,0.04085390393277161
0.0,0.9785287805135501,0.021471219486449915
0.0,0.9886406849096937,0.01135931509030635
0.0,0.9942205421696657,0.005779457830334265
0.0,0.997157780836545,0.0028422191634550026
0.0,0.998090070957533,0.0019099290424669547
0.0,0.9981047492388385,0.001895250761161475
0.0,0.9982181711581579,0.001781828841842069
0.0,0.9989119223263788,0.0010880776736211328
0.0,0.9994990838966734,0.0005009161033265764
0.0,0.9997804300753887,0.00021956992461123965
0.0,1.0,0.0
