0.05,0.25,0.7
0.048143946052397565,0.2539284404876688,0.6979276134599336
0.03837451602149589,0.2776832372092069,0.6839422467692972
0.036940904876864314,0.28170023041342523,0.6813588647097104
0.027229105592075607,0.31409328461768843,0.658677609790236
0.012157496190445772,0.39995313869379,0.5878893651157643
0.005318310535207127,0.48457180573146946,0.5101098837333234
0.002824707503693139,0.5446945969056085,0.45248069559069837
0.002722766248135974,0.5480358257485377,0.4492414080033263
0.0020325518128891567,0.5739757723781093,0.42399167580900154
0.0010059949722578045,0.6315555278384157,0.3674384771893264
0.0004702944680611758,0.6860621833548739,0.313467522177065
0.00025284012829033143,0.7248063498259889,0.27494081004572074
0.0002442676655517845,0.7268162300777574,0.27293950225669084
0.00018559841743074728,0.74230622845375,0.2575081731288192
0.0,0.7781658280519158,0.2218341719480842
0.0,0.8113951392966471,0.18860486070335286
0.0,0.8289108837276543,0.17108911627234566
0.0,0.8305125214869388,0.1694874785130612
0.0,0.8427153603460554,0.1572846396539445
0.0,0.8899047350238476,0.11009526497615238
0.0,0.8908826157403633,0.10911738425963667
0.0,0.8983580232293352,0.10164197677066474
0.0,0.9272559258192603,0.07274407418073972
0.0,0.9278756204169615,0.0721243795830386
0.0,0.9326271294206476,0.06737287057935247
0.0,0.9603318078151534,0.03966819218484671
0.0,0.9791936693477332,0.020806330652266856
0.0,0.9890167148976831,0.01098328510231684
0.0,0.9944220256804273,0.005577974319572686
0.0,0.9972602842855219,0.0027397157144780555
0.0,0.9981407415773875,0.0018592584226124432
0.0,0.9981550292068079,0.0018449707931921366
0.0,0.9982654332060467,0.0017345667939533997
0.0,0.9989407523498708,0.0010592476501292984
0.0,0.9995124454053007,0.0004875545946993916
0.0,0.9997863122352834,0.00021368776471673785
0.0,1.0,0.0
