0.65,0.25,0.1
0.6423007692046598,0.2558515151531245,0.10184771564221569
0.5981930628080558,0.2897059184928691,0.1121010186990751
0.5899563243611243,0.2960922014669994,0.11395147417187633
0.5224540375084784,0.3492366920636394,0.12830927042788232
0.2910308913066584,0.5450386972809977,0.16393041141234393
0.15653458995563535,0.6748162304944346,0.16864917954993003
0.0780146365325559,0.7639673500285074,0.15801801343893668
0.03065919174766283,0.8331008999262339,0.13623990832610322
0.011863095052788535,0.8739529286591697,0.11418397628804175
0.00553227369288809,0.895987588715231,0.09848013759188096
0.0029410481869557906,0.9100321116453755,0.08702684016766875
0.001379133795180241,0.9235745989140309,0.07504626729078882
0.0006364429714485963,0.9348014503488455,0.06456210667970588
0.0002930103376871324,0.9441317038894433,0.05557528577286957
0.00013468471776201214,0.9519876745325457,0.04787764074969228
0.0,0.9587223761212308,0.04127762387876912
0.0,0.9643947353740294,0.03560526462597061
0.0,0.9692714727862095,0.030728527213790564
0.0,0.9734688767995328,0.0265311232004672
0.0,0.9770854116474798,0.02291458835252021
0.0,0.9802049972118217,0.01979500278817826
0.0,0.9828855428784157,0.01711445712158438
0.0,0.9851923596693277,0.014807640330672233
0.0,0.987180191029318,0.012819808970681962
0.0,0.9888951227221209,0.011104877277879177
0.0,0.9903938664331985,0.009606133566801454
0.0,0.9910998678534627,0.008900132146537287
0.0,0.9920880163705174,0.007911983629482677
0.0,0.993166682306832,0.006833317693168004
0.0,0.9940964673195224,0.005903532680477604
0.0,0.994898378461947,0.005101621538053049
0.0,0.9955903442544926,0.00440965574550753
0.0,0.9961876940758637,0.0038123059241362283
0.0,0.9967035561009752,0.003296443899024834
0.0,0.9971491891991846,0.002850810800815408
0.0,0.9975342609451218,0.002465739054878252
0.0,0.9978670813944048,0.002132918605595193
0.0,0.9981570648237502,0.0018429351762497624
0.0,0.9984127976851255,0.0015872023148745334
0.0,0.9986424547606579,0.0013575452393420335
0.0,0.9988546970261118,0.0011453029738881493
0.0,0.999058290108908,0.0009417098910919536
0.0,0.9992533471545678,0.0007466528454321724
0.0,0.9994559810511489,0.0005440189488511501
0.0,0.9995965498502704,0.0004034501497296226
0.0,0.9997903737729468,0.0002096262270533076
0.0,1.0,0.0
