0.055,0.279,0.088,0.352,0.011,0.076,0.013,0.126
0.119,0.163,0.022,0.102,0.302,0.143,0.101,0.048
0.007,0.046,0.447,0.055,0.097,0.007,0.085,0.256
0.034,0.427,0.122,0.047,0.015,0.055,0.189,0.111
0.03,0.161,0.128,0.084,0.14,0.123,0.15,0.184
0.097,0.015,0.05,0.109,0.311,0.086,0.142,0.19
0.014,0.077,0.057,0.041,0.01,0.351,0.168,0.282
0.091,0.017,0.018,0.259,0.125,0.08,0.235,0.175
0.308,0.027,0.075,0.087,0.303,0.107,0.02,0.073
0.336,0.147,0.049,0.106,0.125,0.016,0.023,0.198
0.129,0.053,0.016,0.25,0.125,0.272,0.023,0.132
0.062,0.2,0.354,0.058,0.137,0.099,0.064,0.026
0.102,0.024,0.129,0.062,0.072,0.19,0.092,0.329
0.098,0.152,0.195,0.062,0.207,0.051,0.006,0.229
0.266,0.202,0.196,0.03,0.08,0.063,0.011,0.152
0.03,0.249,0.014,0.145,0.21,0.035,0.299,0.018
0.158,0.247,0.057,0.119,0.284,0.076,0.04,0.019
0.237,0.074,0.289,0.204,0.045,0.113,0.015,0.023
0.114,0.05,0.177,0.05,0.31,0.127,0.106,0.066
0.003,0.079,0.246,0.057,0.356,0.064,0.13,0.065
0.024,0.175,0.054,0.019,0.254,0.079,0.217,0.178
0.137,0.018,0.063,0.156,0.093,0.4,0.122,0.011
0.051,0.416,0.002,0.263,0.14,0.045,0.068,0.015
0.121,0.08,0.013,0.003,0.226,0.025,0.229,0.303
0.047,0.175,0.122,0.183,0.041,0.054,0.054,0.324
0.054,0.152,0.086,0.411,0.09,0.014,0.131,0.062
0.042,0.014,0.168,0.11,0.136,0.07,0.209,0.251
0.005,0.219,0.005,0.006,0.181,0.02,0.493,0.071
0.077,0.003,0.132,0.392,0.013,0.161,0.083,0.139
0.095,0.162,0.129,0.167,0.034,0.251,0.152,0.01
0.085,0.211,0.034,0.023,0.083,0.028,0.263,0.273
0.112,0.336,0.07,0.301,0.026,0.073,0.038,0.044
0.056,0.015,0.063,0.159,0.158,0.329,0.016,0.204
0.575,0.09,0.032,0.087,0.032,0.105,0.031,0.048
0.054,0.252,0.051,0.048,0.016,0.271,0.142,0.166
0.211,0.048,0.115,0.061,0.135,0.19,0.049,0.191
0.062,0.023,0.039,0.024,0.102,0.396,0.141,0.213
0.105,0.035,0.009,0.101,0.194,0.081,0.144,0.331
0.005,0.111,0.255,0.029,0.027,0.054,0.291,0.228
0.051,0.128,0.238,0.087,0.113,0.001,0.05,0.332
0.051,0.088,0.028,0.207,0.05,0.001,0.383,0.192
0.061,0.117,0.08,0.115,0.084,0.179,0.318,0.046
0.05,0.094,0.052,0.005,0.018,0.219,0.123,0.439
0.118,0.318,0.177,0.156,0.039,0.115,0.045,0.032
0.084,0.056,0.012,0.165,0.05,0.002,0.276,0.355
0.029,0.291,0.027,0.014,0.031,0.001,0.111,0.496
0.059,0.054,0.352,0.054,0.02,0.366,0.014,0.081
0.271,0.062,0.017,0.082,0.067,0.11,0.314,0.077
0.137,0.045,0.227,0.005,0.157,0.022,0.071,0.336
0.11,0.001,0.115,0.325,0.395,0.013,0.032,0.009
0.035,0.042,0.372,0.089,0.065,0.03,0.026,0.341
0.406,0.017,0.063,0.009,0.081,0.28,0.134,0.01
0.078,0.4,0.064,0.092,0.065,0.064,0.11,0.127
0.123,0.215,0.022,0.222,0.016,0.101,0.02,0.281
0.149,0.097,0.08,0.192,0.074,0.318,0.039,0.051
0.066,0.114,0.18,0.131,0.125,0.142,0.17,0.072
0.084,0.218,0.236,0.13,0.085,0.044,0.077,0.126
0.248,0.082,0.044,0.062,0.081,0.133,0.229,0.121
0.078,0.243,0.002,0.099,0.11,0.049,0.219,0.2
0.082,0.149,0.101,0.107,0.024,0.305,0.106,0.126
0.216,0.074,0.035,0.001,0.133,0.176,0.002,0.363
0.023,0.259,0.213,0.186,0.03,0.228,0.013,0.048
0.213,0.028,0.069,0.161,0.074,0.048,0.236,0.171
0.165,0.161,0.202,0.085,0.011,0.009,0.226,0.141
0.1,0.043,0.003,0.007,0.225,0.042,0.205,0.375
0.058,0.03,0.294,0.02,0.103,0.022,0.252,0.221
0.147,0.114,0.382,0.016,0.063,0.137,0.095,0.046
0.1,0.236,0.121,0.009,0.051,0.344,0.096,0.043
0.228,0.17,0.138,0.051,0.072,0.005,0.219,0.117
0.5,0.109,0.136,0.068,0.107,0.021,0.04,0.019
0.052,0.64,0.014,0.001,0.13,0.075,0.078,0.01
0.19,0.206,0.168,0.335,0.002,0.059,0.029,0.011
0.017,0.045,0.206,0.071,0.117,0.107,0.037,0.4
0.093,0.05,0.117,0.24,0.041,0.018,0.095,0.346
0.173,0.076,0.172,0.036,0.11,0.357,0.01,0.066
0.273,0.033,0.206,0.013,0.013,0.03,0.354,0.078
0.214,0.338,0.053,0.062,0.117,0.084,0.058,0.074
0.007,0.172,0.092,0.022,0.487,0.057,0.073,0.09
0.135,0.124,0.068,0.103,0.099,0.081,0.158,0.232
0.246,0.18,0.048,0.035,0.008,0.108,0.087,0.288
0.054,0.061,0.057,0.077,0.614,0.032,0.089,0.016
0.272,0.05,0.066,0.005,0.334,0.18,0.004,0.089
0.028,0.416,0.057,0.108,0.27,0.042,0.001,0.078
0.004,0.389,0.072,0.035,0.062,0.363,0.042,0.033
0.286,0.113,0.035,0.098,0.001,0.214,0.052,0.201
0.09,0.019,0.005,0.04,0.034,0.24,0.012,0.56
0.088,0.182,0.03,0.059,0.029,0.18,0.03,0.402
0.206,0.126,0.094,0.011,0.082,0.021,0.291,0.169
0.007,0.106,0.219,0.212,0.013,0.148,0.159,0.136
0.077,0.064,0.407,0.022,0.072,0.061,0.059,0.238
0.138,0.293,0.03,0.107,0.091,0.132,0.195,0.014
0.073,0.011,0.058,0.051,0.296,0.34,0.169,0.002
0.117,0.327,0.032,0.017,0.014,0.297,0.138,0.058
0.167,0.205,0.389,0.011,0.01,0.139,0.028,0.051
0.161,0.059,0.355,0.002,0.001,0.018,0.301,0.103
0.178,0.04,0.149,0.016,0.276,0.165,0.14,0.036
0.268,0.007,0.089,0.407,0.037,0.015,0.04,0.137
0.014,0.161,0.162,0.395,0.117,0.025,0.084,0.042
0.023,0.188,0.031,0.031,0.663,0.021,0.003,0.04
0.063,0.052,0.067,0.24,0.228,0.098,0.237,0.015
