0.1,0.4,0.5
0.09925581581015289,0.40231920942422944,0.4984249747656177
0.0963225373463682,0.41174497999975473,0.4919324826538771
0.09556835473441395,0.41424193859588265,0.49018970666970346
0.08938179091551099,0.4358612634932402,0.47475694559124876
0.06699096828428637,0.5308741782222794,0.40213485349343414
0.037271769336853736,0.6968187131620633,0.265909517501083
0.019064440642149218,0.823443857777488,0.15749170158036285
0.008265143745898727,0.9120690459984356,0.07966581025566563
0.0032224684245638416,0.9603818343505837,0.03639569722485246
0.0013699288416534376,0.9808670975143539,0.01776297364399272
0.000744378329009572,0.9886223446708763,0.010633277000114167
0.00034726475247305735,0.9940593335025536,0.005593401744973392
0.0001570039571057915,0.9969792101166182,0.002863785926276057
0.0,0.9985374564923872,0.0014625435076127062
0.0,0.9992541453460314,0.0007458546539686302
0.0,0.9996198840048182,0.00038011599518180056
0.0,0.9998063428887283,0.0001936571112717584
0.0,1.0,0.0
