0.2,0.4,0.4
0.19828735287946556,0.4035371003035266,0.3981755468170079
0.1908922156651454,0.41910891295402536,0.3899988713808293
0.1891394658514429,0.42287002497603515,0.3879905091725219
0.1747159734469152,0.4548222826503687,0.37046174390271613
0.12043993159471972,0.5902942491754251,0.28926581922985517
0.08963899021921404,0.6776391660597634,0.2327218437210225
0.0880446905494781,0.6823747278808762,0.2295805815696458
0.07573275029773582,0.7197012798010516,0.20456596990121256
0.04008028597976693,0.836452028871944,0.12346768514828907
0.021855051764003826,0.9029560936146005,0.07518885462139566
0.021305196240983378,0.9050702906434303,0.07362451311558635
0.017323042020232174,0.920632983373112,0.062043974606655894
0.006068332860207757,0.9680848861598511,0.025846780979941086
0.0035559629767110607,0.9799407421492465,0.016503294874042417
0.003457637499229324,0.9804234593797974,0.016118903120973353
0.0027609140136861917,0.9838989204053308,0.013340165580983023
0.0012632560051150927,0.9918307213373403,0.006906022657544598
0.0005425134356996842,0.9960710398153245,0.0033864467489757894
0.0005157826659825945,0.9962390562844842,0.0032451610495332264
0.00050124578140168,0.9963309090957685,0.0031678451228298174
0.00039871619761909814,0.9969895505567846,0.0026117332455962566
0.00019221544470583122,0.9983966577973986,0.0014111267578955796
0.0,0.9992823081452634,0.0007176918547366226
0.0,0.9996352860377004,0.00036471396229955934
0.0,0.9998147205554931,0.00018527944450689535
0.0,1.0,0.0
