0.8,0.1,0.1
0.7978766533571685,0.10222525831418865,0.09989808832864294
0.7865949184023389,0.11407661451807864,0.0993284670795823
0.7865949184023391,0.11407661451807867,0.09932846707958233
0.7841850940964645,0.11661400209574992,0.09920090380778564
0.7629885329050873,0.13901460513054664,0.09799686196436608
0.6531813619706158,0.25689882329389063,0.08991981473549353
0.5063899618471809,0.41785235947411914,0.07575767867870004
0.3371266127585065,0.607061002784242,0.05581238445725152
0.2642039934351567,0.6897294778872871,0.0460665286775562
0.142100643309303,0.8300312782139929,0.027868078476704063
0.06912456183215945,0.9155316016987266,0.01534383646911399
0.03123589367528662,0.9608706824569537,0.007893423867759677
0.015377193138135764,0.9802723491623344,0.004350457699529806
0.007483120348795006,0.9901452762733923,0.0023716033778126856
0.0034422826512530303,0.995325585437507,0.0012321319112399624
0.001578308893604343,0.9977835405769209,0.0006381505294748085
0.000722532031868387,0.9989474472690902,0.0003300206990414148
0.0003305185875022265,0.9994989328068966,0.00017054860560116776
0.00015115279426021342,0.9998488472057399,0.0
0.0,1.0,0.0
