0.5,0.2,0.3
0.49793626249207557,0.20244938060001233,0.29961435690791216
0.4889084739023329,0.21328499669736845,0.2978065294002987
0.4867096297701443,0.21595324771276728,0.29733712251708844
0.4680078215980694,0.2390845240586763,0.29290765434325433
0.39315429734884766,0.33841708304371504,0.2684286196074373
0.3009323884030537,0.4726013164717084,0.226466295125238
0.19954356977110554,0.6325168754927121,0.16793955473618244
0.10185481092892933,0.7992262166317807,0.09891897243929001
0.043612497675689824,0.9070199772930265,0.04936752503128365
0.01682198777170336,0.9608719204645011,0.022306091763795593
0.0073084842722060984,0.9816149654227041,0.011076550305089885
0.0040695475508631266,0.9891642636115267,0.006766188837610269
0.0018899435227955948,0.9945653120890778,0.003544744388126595
0.0008576376365183038,0.9973220823893071,0.0018202799741746808
0.00038833490105800604,0.998678889246944,0.0009327758519980123
0.0001756443292986895,0.9993468698700411,0.0004774858006602649
0.0,0.9997556846858436,0.0002443153141564123
0.0,0.9998750391522456,0.00012496084775442633
0.0,1.0,0.0
