0.05,0.35,0.6
0.0525394264842629,0.3487182356660715,0.5987423378496656
0.07104707065444808,0.33808537752643136,0.5908675518191205
0.07439953629808031,0.3358302195468268,0.5897702441550928
0.08806342895384955,0.32454985878328496,0.5873867122628654
0.09379311648294428,0.3161317253160082,0.5900751582010475
0.09555188125906905,0.31070191747761594,0.593746201263315
0.09970869614048002,0.29408462912169275,0.6062066747378272
0.10666348168740852,0.2573994292337763,0.6359370890788152
0.11590326585213381,0.1948275279418864,0.6892692062059798
0.12650975170260872,0.10773506136171626,0.765755186935675
0.13255943807452628,0.052739402645029215,0.8147011592804445
0.13560304311855037,0.024050438286447567,0.8403465185950021
0.13648711413949313,0.015609536588133287,0.8479033492723737
0.13721850469298222,0.008581912114011407,0.8541995831930064
0.1377177558821045,0.003740197196155047,0.8585420469217405
0.13793224447820454,0.001620606000648828,0.8604471495211466
0.1380215227442207,0.0007004083914537498,0.8612780688643256
0.1380563382219376,0.00030237241910847386,0.8616412893589539
0.13806757660467786,0.0001304734233794902,0.8618019499719426
0.13807640153068626,0.0,0.8619235984693138
0.1380686389015884,0.0,0.8619313610984116
0.13806149292123804,0.0,0.861938507078762
0.1380546130983708,0.0,0.8619453869016293
0.1380478482348233,0.0,0.8619521517651767
0.13804113311169827,0.0,0.8619588668883017
0.13803443959832812,0.0,0.8619655604016718
0.13802775556150002,0.0,0.8619722444385
0.1380210757680423,0.0,0.8619789242319578
0.13801439796086165,0.0,0.8619856020391383
0.13800772116646975,0.0,0.8619922788335302
0.13800104496500112,0.0,0.8619989550349989
0.13799436917536714,0.0,0.8620056308246328
0.1379876937194627,0.0,0.8620123062805373
0.13798101856359843,0.0,0.8620189814364015
0.13797434369324102,0.0,0.862025656306759
0.13796766910211888,0.0,0.8620323308978811
0.1379609947875235,0.0,0.8620390052124766
0.13795432074828304,0.0,0.8620456792517169
0.1379476469838884,0.0,0.8620523530161116
0.13794097349411633,0.0,0.8620590265058837
0.13793430027886677,0.0,0.8620656997211332
0.1379276273380929,0.0,0.8620723726619071
0.1379205936721921,0.0,0.8620794063278079
0.13791224728735557,0.0,0.8620877527126444
0.13790254477639494,0.0,0.8620974552236051
0.1378899170352338,0.0,0.8621100829647661
0.13787184873012154,0.0,0.8621281512698784
0.13784199254852594,0.0,0.8621580074514741
0.13780995803663657,0.0,0.8621900419633635
0.13763760062304436,0.0,0.8623623993769556
0.13626533307476407,0.0,0.8637346669252359
0.12835291293021606,0.0,0.871647087069784
0.0873456428067879,0.0,0.9126543571932121
0.034588186913287924,0.0,0.9654118130867121
0.013091316649197032,0.0,0.986908683350803
0.006168782519992643,0.0,0.9938312174800074
0.0028732699629917305,0.0,0.9971267300370084
0.0013361105684976371,0.0,0.9986638894315024
0.0006208364496488378,0.0,0.9993791635503512
0.0002883752788284062,0.0,0.9997116247211716
0.00013392674033468505,0.0,0.9998660732596654
0.0,0.0,1.0
