0.15,0.4,0.45
0.15438646511380444,0.3985344225122903,0.44707911237390524
0.17913995189960707,0.3902310339958841,0.4306290141045088
0.1839001221305813,0.3886287348867676,0.42747114298265115
0.2227966343687491,0.37549551454223173,0.4017078510890192
0.32497964628491993,0.34149485134041274,0.33352550237466727
0.40893880732934434,0.3178294437723954,0.27323174889826024
0.46177570737513474,0.3156472281577995,0.22257706446706577
0.45317192234403025,0.3796653863382166,0.1671626913177532
0.3514184476512008,0.5126344252053902,0.135947127143409
0.2146137092505899,0.6671095093531602,0.11827678139624995
0.12696965185345505,0.7622079754690418,0.11082237267750314
0.06860319660377406,0.8246783057204846,0.10671849767574143
0.029427907640055692,0.8663479148539595,0.10422417750598487
0.013663967425504239,0.883088413285661,0.10324761928883475
0.007291932913584952,0.8898682543389882,0.10283981274742685
0.0037739813798745685,0.8936305188158253,0.10259549980430013
0.001699321040590022,0.8958764953606042,0.10242418359880584
0.0007585719139109639,0.8969251217505252,0.10231630633556398
0.0003381983418583339,0.8974242204438632,0.10223758121427859
0.00015066358999901865,0.8976774690419691,0.10217186736803174
0.0,0.8978811876896368,0.10211881231036334
0.0,0.8979422973281775,0.10205770267182246
0.0,0.8980001252354578,0.10199987476454225
0.0,0.8980564787688717,0.10194352123112835
0.0,0.8981121622285048,0.10188783777149518
0.0,0.8981675333949743,0.1018324666050257
0.0,0.8982227513604646,0.10177724863953541
0.0,0.8982778868421708,0.10172211315782916
0.0,0.8983329712643998,0.10166702873560021
0.0,0.8983880185880992,0.10161198141190084
0.0,0.8984430350158282,0.10155696498417179
0.0,0.8984980233046996,0.10150197669530032
0.0,0.8985529846823251,0.10144701531767487
0.0,0.8986079196976059,0.10139208030239408
0.0,0.8986628285983862,0.10133717140161373
0.0,0.8987177114990222,0.10128228850097767
0.0,0.8987725684547055,0.10122743154529446
0.0,0.8988273994944151,0.10117260050558485
0.0,0.8988822046355225,0.10111779536447757
0.0,0.8989369838902607,0.10106301610973933
0.0,0.8989917372685904,0.10100826273140957
0.0,0.8990464647794679,0.10095353522053212
0.0,0.8991019289874659,0.10089807101253409
0.0,0.8991598913774066,0.10084010862259339
0.0,0.8992229210452193,0.10077707895478073
0.0,0.8992953621997372,0.10070463780026284
0.0,0.8993844879371127,0.10061551206288732
0.0,0.8995035267557703,0.10049647324422979
0.0,0.8996817680548987,0.10031823194510134
0.0,0.8998529575874379,0.10014704241256212
0.0,0.9004575027903604,0.09954249720963958
0.0,0.9027544638592091,0.09724553614079086
0.0,0.9174894940505302,0.08251050594946979
0.0,0.941562678929961,0.05843732107003892
0.0,0.9755169639996443,0.024483036000355687
0.0,0.9908580027737185,0.00914199722628156
0.0,0.9959697356412738,0.0040302643587262444
0.0,0.9982291805511907,0.001770819448809276
0.0,0.9992230756556217,0.0007769243443782096
0.0,0.9996593538443631,0.00034064615563685215
0.0,0.9998506842834111,0.00014931571658896535
0.0,1.0,0.0
