0.2,0.5,0.3
0.20253264583755665,0.4993421976845159,0.2981251564779275
0.21325147808584383,0.49670489859291056,0.29004362332124556
0.21568005824274905,0.49614471342166,0.2881752283355909
0.23385744118559587,0.49253052466603214,0.27361203414837204
0.2799949682189916,0.49687243932936764,0.22313259245164077
0.2846004807522705,0.5052793295854231,0.21012018966230656
0.28460048075227046,0.505279329585423,0.2101201896623065
0.28481347012860403,0.5064066403956193,0.20877988947577655
0.28453082364295146,0.5167768239404823,0.19869235241656635
0.24862001103699366,0.5861516904308911,0.16522829853211518
0.24707855946969468,0.5883777138439142,0.16454372668639106
0.23404135517151492,0.6065685711191579,0.15939007370932723
0.1640937377227366,0.6944216843102098,0.14148457796705374
0.16409373772273658,0.6944216843102097,0.14148457796705372
0.1623676194866233,0.6964760423120043,0.1411563382013725
0.1487696926849346,0.7125421058463506,0.1386882014687149
0.08809116237459007,0.7823106635321323,0.1295981740932776
0.08809116237459008,0.7823106635321324,0.12959817409327762
0.08692938123015631,0.7836231694996557,0.12944744927018798
0.07804472936779955,0.7936375250110971,0.12831774562110343
0.041522855407366464,0.8344326404726549,0.12404450411997879
0.0409161401435759,0.8351060472059608,0.12397781265046313
0.03634244510749938,0.8401787205213695,0.12347883437113095
0.01827770747862943,0.860161296592008,0.12156099592936241
0.018277707478629432,0.8601612965920081,0.12156099592936243
0.017998296927899796,0.8604699227531033,0.12153178031899689
0.01590578005509437,0.8627811697482136,0.121313050196692
0.00683878724774503,0.8728080910537624,0.12035312169849263
0.002736773315585497,0.8773844964289617,0.11987873025545283
0.0010883244187188524,0.8792728944074346,0.11963878117384655
0.0004314906445306977,0.8800762890273675,0.11949222032810186
0.0001707861841645526,0.8804464901509379,0.11938272366489759
0.0,0.8807040209269137,0.11929597907308635
0.0,0.8807978573468012,0.11920214265319884
0.0,0.8808864071199789,0.11911359288002109
0.0,0.8809728386507979,0.11902716134920202
0.0,0.8810068702997619,0.11899312970023809
0.0,0.8810130009587335,0.11898699904126651
0.0,0.8810620366071191,0.1189379633928809
0.0,0.8814537062754393,0.11854629372456077
0.0,0.8818115254647808,0.11818847453521922
0.0,0.8818176198949407,0.11818238010505941
0.0,0.8818663657483163,0.11813363425168376
0.0,0.8822557193297909,0.11774428067020905
0.0,0.8853314963074339,0.11466850369256602
0.0,0.9075433870751242,0.09245661292487577
0.0,0.9417796985857378,0.05822030141426207
0.0,0.941779698585738,0.05822030141426208
0.0,0.9417828910647802,0.05821710893521978
0.0,0.9418084250416611,0.05819157495833895
0.0,0.9420123224963466,0.057987677503653426
0.0,0.9436197415640156,0.05638025843598437
0.0,0.9550572521829382,0.044942747817061736
0.0,0.9724176632285304,0.027582336771469554
0.0,0.9724192212405652,0.027580778759434755
0.0,0.9724316822722194,0.027568317727780553
0.0,0.9725311746320471,0.027468825367952907
0.0,0.9733146997442385,0.026685300255761497
0.0,0.9788485152083508,0.021151484791649147
0.0,0.9906782344879236,0.009321765512076467
0.0,0.9961397359951725,0.003860264004827542
0.0,0.9984073550034017,0.0015926449965982736
0.0,0.9993439284140386,0.0006560715859614094
0.0,0.9997299027872351,0.000270097212764928
0.0,0.9998888331254806,0.00011116687451939783
0.0,1.0,0.0
