0.05,0.55,0.4
0.051304237490464276,0.549542594940215,0.3991531675693208
0.05854626765967952,0.5470053858580727,0.39444834648224786
0.06002820798594947,0.5464868305654181,0.3934849614486325
0.0728781658348288,0.5420021186669626,0.3851197154982087
0.1303999364318142,0.5224072104690297,0.3471928530991561
0.19557282031808282,0.5025633127175171,0.30186386696440004
0.24516903136726453,0.49274213882866597,0.26208882980406956
0.2747767051687192,0.49644295190500615,0.22878034292627464
0.2788329215744462,0.5315438557087717,0.18962322271678203
0.22792032242715507,0.6140284889724689,0.15805118860037604
0.1250513498661769,0.7397606644529299,0.13518798568089324
0.06831036240796094,0.8042677268255989,0.12742191076644016
0.03402730575299179,0.8424780110467748,0.12349468320023343
0.020520325819920145,0.8574282845990593,0.12205138958102053
0.007700203927551676,0.8716066378348922,0.12069315823755615
0.003423936765430504,0.8763684901689681,0.12020757306560141
0.001513378816273528,0.8785359193556297,0.11995070182809674
0.000666897238959635,0.8795380126341843,0.11979509012685605
0.00029338329095971263,0.8800224783767561,0.11968413833228422
0.00012892346584815386,0.8802782232314251,0.1195928533027267
0.0,0.8804830044380245,0.11951699556197548
0.0,0.8805656024725892,0.11943439752741085
0.0,0.8806443680622241,0.1193556319377759
0.0,0.8807214299288837,0.11927857007111622
0.0,0.8807977222022194,0.11920227779778061
0.0,0.8808736545271628,0.11912634547283725
0.0,0.880949406431955,0.11905059356804507
0.0,0.8810250565484178,0.11897494345158223
0.0,0.8811006392983969,0.11889936070160315
0.0,0.8811761697447007,0.11882383025529929
0.0,0.8812516544785055,0.11874834552149446
0.0,0.8813270963861374,0.11867290361386267
0.0,0.8814024967347448,0.11859750326525521
0.0,0.881477856084284,0.11852214391571593
0.0,0.8815531746860382,0.11844682531396182
0.0,0.8816284526566505,0.11837154734334956
0.0,0.8817036900540758,0.11829630994592422
0.0,0.8817788869107064,0.11822111308929369
0.0,0.8818540432478091,0.11814595675219078
0.0,0.8819291590818157,0.11807084091818429
0.0,0.8820042344270586,0.11799576557294143
0.0,0.882079269296963,0.11792073070303696
0.0,0.8821542637045645,0.11784573629543547
0.0,0.8822315386364727,0.11776846136352723
0.0,0.882317698810237,0.11768230118976299
0.0,0.882419739785051,0.11758026021494902
0.0,0.8825495231096561,0.11745047689034392
0.0,0.882742464372004,0.11725753562799604
0.0,0.8829702608602809,0.11702973913971906
0.0,0.8835202904105305,0.11647970958946947
0.0,0.8851346294240957,0.11486537057590426
0.0,0.8937254146363868,0.10627458536361319
0.0,0.9249630343023658,0.0750369656976341
0.0,0.9716097558685866,0.028390244131413396
0.0,0.9896335557165387,0.010366444283461325
0.0,0.9951695437008655,0.004830456299134441
0.0,0.9977568675934432,0.0022431324065568217
0.0,0.9989901316207469,0.0010098683792531236
0.0,0.999545709013722,0.00045429098627803785
0.0,0.9997957085196508,0.0002042914803491534
0.0,1.0,0.0
