0.2,0.1,0.7
0.20972396773989252,0.0988731842436033,0.6914028480165042
0.273908905267658,0.09108904083943015,0.6350020538929119
0.28448305137689706,0.08974571655781688,0.6257712320652861
0.3656080682734838,0.0788188785430038,0.5555730531835125
0.4769697097357884,0.06200983464861662,0.46102045561559507
0.5546643092177761,0.049395891556356465,0.39593979922586736
0.632171902530678,0.03708002561587749,0.33074807185344457
0.6833569647917439,0.03001728366476092,0.2866257515434952
0.7203906324982755,0.02617982226262272,0.2534295452391018
0.7505833558971943,0.024725170308954582,0.22469147379385118
0.7739469121664484,0.02627931059700892,0.1997737772365426
0.789399027656379,0.033084186661685486,0.17751678568193552
0.792499698777047,0.04007198675795652,0.16742831446499656
0.7833591943923524,0.06722457402298468,0.149416231584663
0.7410620376625354,0.1256231871551989,0.1333147751822658
0.6364765094153533,0.2463280345135401,0.11719545607110671
0.509375532994162,0.38442764409182617,0.10619682291401181
0.3512705861260048,0.5518120823091627,0.09691733156483251
0.1706215147090784,0.7402104222585928,0.08916806303232885
0.08616090575214912,0.8276655248264568,0.08617356942139415
0.04057936995073151,0.8747532721633451,0.08466735788592333
0.025976584718554126,0.8898314335997125,0.08419198168173339
0.015003651638031395,0.9011667251145931,0.08382962324737549
0.006660488736440429,0.9098016401047163,0.08353787115884323
0.0028886215253410576,0.9137273929716336,0.08338398550302524
0.0012488372286773687,0.9154571195814952,0.08329404318982735
0.0005390923775824556,0.9162290670450639,0.08323184057735371
0.00023252638209456415,0.9165858404586865,0.08318163315921887
0.00010024598813127536,0.9167631445220672,0.08313660948980155
0.0,0.9169025801613979,0.08309741983860205
0.0,0.9169464271319296,0.08305357286807027
0.0,0.9169886794789426,0.08301132052105738
0.0,0.9170302347145656,0.08296976528543444
0.0,0.9170714794478653,0.08292852055213465
0.0,0.9171125801706427,0.08288741982935734
0.0,0.9171536085651341,0.0828463914348659
0.0,0.9171945954876993,0.08280540451230066
0.0,0.9172355542192868,0.08276444578071318
0.0,0.9172764904766509,0.0827235095233491
0.0,0.9173174067218736,0.08268259327812644
0.0,0.9173583040169998,0.0826416959830002
0.0,0.9173991828219873,0.0826008171780127
0.0,0.9174400433379325,0.08255995666206747
0.0,0.9174808856546658,0.0825191143453342
0.0,0.9175217098142046,0.08247829018579546
0.0,0.9175625158380253,0.0824374841619747
0.0,0.9176033037387824,0.08239669626121758
0.0,0.9176440735253422,0.08235592647465785
0.0,0.9176848252049445,0.0823151747950554
0.0,0.917725558784132,0.08227444121586805
0.0,0.9177662742691469,0.08223372573085304
0.0,0.917806971666104,0.08219302833389605
0.0,0.9178514115990731,0.08214858840092684
0.0,0.9179030006796428,0.0820969993203572
0.0,0.9179668823385,0.08203311766149998
0.0,0.9180524092123827,0.08194759078761721
0.0,0.9181799182910325,0.0818200817089675
0.0,0.9184060403666255,0.0815939596333744
0.0,0.9186289692162823,0.08137103078371762
0.0,0.9199389355862275,0.08006106441377242
0.0,0.9297515108737209,0.0702484891262791
0.0,0.9474043952800119,0.05259560471998809
0.0,0.9789156251135426,0.02108437488645747
0.0,0.99195730186568,0.00804269813432003
0.0,0.9965126438168139,0.003487356183186023
0.0,0.9982642298603804,0.0017357701396195204
0.0,0.999178880829382,0.0008211191706179905
0.0,0.999612868568933,0.00038713143106691977
0.0,0.9998175281465642,0.00018247185343581791
0.0,1.0,0.0
