0.35,0.1,0.55
0.359799331386243,0.09836468582571052,0.5418359827880466
0.41237961503362497,0.08928211080645454,0.49833827415992055
0.4211099314233199,0.08772525806978658,0.49116481050689353
0.4828180301740428,0.07637267179145203,0.44080929803450525
0.5753705264950009,0.05871590385539418,0.365913569649605
0.6532725322304427,0.04470751153887619,0.3020199562306811
0.7014892951998727,0.03784406430878995,0.26066664049133736
0.7350544183790494,0.035248853847802394,0.22969672777314826
0.7601946812905555,0.03668090637811377,0.20312441233133058
0.7763767691576476,0.04576732764177688,0.17785590320057557
0.7733795785839169,0.0701081482762184,0.15651227313986477
0.7380769022421644,0.12363091050090456,0.13829218725693104
0.6405804381383235,0.23891795428265533,0.1205016075790211
0.5203798916819453,0.37074997725404046,0.10887013106401425
0.4017357489828215,0.49728069357263915,0.10098355744453946
0.22652287215560443,0.6810640901976758,0.09241303764671979
0.10150062420469623,0.8108954368182646,0.08760393897703923
0.05052529475522754,0.863627795127551,0.08584691011722155
0.033159259593278916,0.8815764259677448,0.08526431443897635
0.017043258496230968,0.8982358766667691,0.08472086483699996
0.007405789327648128,0.9082149811500289,0.084379229522323
0.0031930472125215634,0.9125995131521139,0.08420743963536459
0.0013718326667523254,0.914518610431532,0.08410955690171563
0.000588392465417957,0.9153680601550178,0.0840435473795642
0.00025214648391350575,0.9157566202953392,0.08399123322074731
0.00010799634960457363,0.9159472050829403,0.08394479856745522
0.0,0.9160952286919165,0.08390477130808356
0.0,0.9161402632261425,0.08385973677385748
0.0,0.9161835496905004,0.08381645030949955
0.0,0.9162260774811609,0.08377392251883918
0.0,0.9162682699954842,0.08373173000451581
0.0,0.9163103083718672,0.08368969162813278
0.0,0.9163522700861292,0.08364772991387073
0.0,0.9163941882690408,0.08360581173095923
0.0,0.9164360770864683,0.08356392291353172
0.0,0.9164779425958036,0.08352205740419634
0.0,0.9165197873885792,0.08348021261142087
0.0,0.9165616125752889,0.08343838742471117
0.0,0.9166034186337164,0.08339658136628358
0.0,0.9166452057714194,0.08335479422858064
0.0,0.9166869740805743,0.08331302591942562
0.0,0.9167287236041063,0.08327127639589378
0.0,0.9167704543639215,0.0832295456360785
0.0,0.9168121663729597,0.08318783362704035
0.0,0.9168538596403355,0.08314614035966451
0.0,0.916895534173533,0.08310446582646701
0.0,0.9169371899793409,0.08306281002065909
0.0,0.9169788270642518,0.0830211729357482
0.0,0.917020445434632,0.08297955456536807
0.0,0.9170659732052195,0.08293402679478049
0.0,0.9171190924768017,0.08288090752319836
0.0,0.9171852512455009,0.0828147487544991
0.0,0.9172744609847531,0.08272553901524694
0.0,0.9174090257093819,0.08259097429061807
0.0,0.9176542722947333,0.08234572770526681
0.0,0.9179609388067127,0.0820390611932874
0.0,0.919353108479255,0.08064689152074508
0.0,0.929608719444484,0.07039128055551591
0.0,0.9718511355062491,0.028148864493750966
0.0,0.9890868264197409,0.010913173580259046
0.0,0.9949556149474029,0.005044385052596973
0.0,0.9976768565243577,0.002323143475642433
0.0,0.9989576632868514,0.0010423367131484843
0.0,0.999532710301486,0.00046728969851391735
0.0,0.9997905860553224,0.00020941394467752634
0.0,1.0,0.0
