0.05,0.2,0.75
0.05309417411015314,0.1994901597973007,0.7474156660925462
0.07828603072995598,0.1952834527383719,0.7264305165316721
0.08284426857463788,0.19451160870599188,0.7226441227193702
0.1268564951261736,0.18688545242853777,0.6862580524452887
0.2234858829079816,0.16895824156279615,0.6075558755292222
0.3318861685518167,0.14669376146368593,0.5214200699844974
0.44732148972647384,0.12042341785415138,0.4322550924193748
0.5361580146466417,0.09899947819702085,0.3648425071563375
0.6188027067424884,0.07976465839052325,0.30143263486698835
0.6778716606747388,0.0689391308631212,0.2531892084621401
0.7138979880593407,0.06684098020605289,0.21926103173460648
0.7352955475408692,0.0739092779969168,0.19079517446221406
0.7370132912974527,0.09687907790834924,0.16610763079419802
0.6977521785322152,0.1603471075719711,0.14190071389581377
0.5794275996776423,0.3003655549707205,0.12020684535163725
0.5132430027565438,0.3733966632434254,0.11336033400003083
0.37009950884625836,0.5271055162579641,0.10279497489577752
0.19809392694572675,0.7079912548802668,0.0939148181740065
0.0872484352878656,0.8233487624128025,0.08940280229933181
0.03441478275937873,0.8781228631837287,0.08746235405689264
0.023003328911257896,0.889946414845774,0.08705025624296818
0.013484639461266405,0.8998144984252509,0.08670086211348275
0.005924861818755208,0.9076693012393051,0.08640583694193968
0.002573611982043048,0.9111746226915849,0.08625176532637206
0.0011146606996967877,0.9127248537481891,0.0861604855521141
0.0004820858112334272,0.9134214340777164,0.08609648011105019
0.0002083387250317043,0.9137473722898265,0.08604428898514187
0.0,0.9139950467009206,0.08600495329907946
0.0,0.9140443022871916,0.08595569771280842
0.0,0.9140900885076357,0.08590991149236428
0.0,0.9141343663051281,0.08586563369487189
0.0,0.9141779822387693,0.08582201776123062
0.0,0.9142213016708248,0.0857786983291752
0.0,0.9142644822432744,0.08573551775672557
0.0,0.9143075919564927,0.08569240804350728
0.0,0.9143506601369776,0.08564933986302228
0.0,0.9143936994309073,0.08560630056909263
0.0,0.9144367152921196,0.08556328470788045
0.0,0.9144797100740681,0.0855202899259318
0.0,0.914522684794103,0.08547731520589685
0.0,0.9145656398939425,0.08543436010605757
0.0,0.9146085755673743,0.08539142443262575
0.0,0.9146514919014307,0.08534850809856934
0.0,0.9146943889371885,0.08530561106281151
0.0,0.9147372666959477,0.08526273330405233
0.0,0.9147801251904996,0.0852198748095004
0.0,0.9148229644299761,0.08517703557002392
0.0,0.9148657844219354,0.08513421557806455
0.0,0.9149085851732598,0.08509141482674028
0.0,0.9149513666905403,0.08504863330945964
0.0,0.9149943430201519,0.08500565697984815
0.0,0.9150438213703419,0.08495617862965808
0.0,0.9150994445906091,0.08490055540939082
0.0,0.915172230116142,0.08482776988385796
0.0,0.9152675181144374,0.08473248188556262
0.0,0.915413843044447,0.08458615695555308
0.0,0.9156966262168328,0.08430337378316718
0.0,0.9159082020662395,0.08409179793376059
0.0,0.9175837593613821,0.08241624063861787
0.0,0.9299414412091488,0.07005855879085124
0.0,0.9609405087371053,0.03905949126289464
0.0,0.9849057599786735,0.01509424002132656
0.0,0.9942679645609427,0.005732035439057281
0.0,0.9974029816691853,0.0025970183308146612
0.0,0.998645349673619,0.001354650326381009
0.0,0.9993771932686516,0.0006228067313484356
0.0,0.99971379248729,0.00028620751271007597
0.0,0.9998685024303977,0.00013149756960226865
0.0,1.0,0.0
