0.15,0.25,0.6
0.1564832702381266,0.24845242731539569,0.5950643024464778
0.198790140746496,0.23814935175443439,0.5630605074990697
0.2062952587397088,0.23628422557957765,0.5574205156807136
0.26832637375615115,0.22043302808413026,0.5112405981597187
0.38769019272130134,0.18785939273598773,0.424450414542711
0.4814673261475705,0.161029769698651,0.3575029041537785
0.5640616512528202,0.13831851936107692,0.297619829386103
0.6366248574022797,0.12423367325990803,0.23914146933781233
0.6680817739175915,0.12831767891946064,0.20360054716294795
0.6719528400160742,0.15684558042341076,0.171201579560515
0.6224576610869145,0.2344468057570511,0.14309553315603454
0.5208609101653375,0.3552855951646872,0.12385349466997525
0.37219794899224234,0.5185648728106232,0.10923717819713442
0.21228194717449395,0.6885366731177669,0.09918137970773916
0.09361060879495765,0.812866686227143,0.09352270497789945
0.044911069143148435,0.8636118180318697,0.09147711282498193
0.0172307862095104,0.8924205039667396,0.09034870982375012
0.009262096111836385,0.900724803529968,0.09001310035819575
0.004565192075113334,0.9056364992649506,0.08979830865993621
0.002042411563466987,0.9082973215774918,0.08966026685904119
0.0009116652782076102,0.9095142173669127,0.08957411735487958
0.00040645835660303275,0.910082363258833,0.0895111783845639
0.00018109260510572398,0.9103603060197043,0.08945860137519007
0.0,0.9105821383287017,0.08941786167129824
0.0,0.9106320222776569,0.08936797772234309
0.0,0.910678753200697,0.08932124679930302
0.0,0.9107240702320415,0.08927592976795849
0.0,0.9107687474787429,0.08923125252125706
0.0,0.9108131294030547,0.08918687059694527
0.0,0.910857369241441,0.089142630758559
0.0,0.9109015351447214,0.08909846485527863
0.0,0.9109456574158172,0.08905434258418281
0.0,0.9109897495268745,0.08901025047312557
0.0,0.9110338174675872,0.08896618253241291
0.0,0.9110778639021144,0.08892213609788553
0.0,0.9111218900170157,0.08887810998298429
0.0,0.9111658963425079,0.08883410365749213
0.0,0.9112098831173462,0.08879011688265373
0.0,0.9112538504508934,0.08874614954910669
0.0,0.9112977983950843,0.08870220160491574
0.0,0.9113417269763744,0.08865827302362557
0.0,0.9113856362099171,0.08861436379008293
0.0,0.9114295261058538,0.08857047389414623
0.0,0.9114733966721046,0.08852660332789541
0.0,0.9115172479156052,0.08848275208439486
0.0,0.9115610798428551,0.0884389201571449
0.0,0.9116048924601612,0.0883951075398388
0.0,0.9116514579919474,0.08834854200805269
0.0,0.9117036685569531,0.08829633144304692
0.0,0.9117657333484778,0.08823426665152222
0.0,0.9118447513521746,0.0881552486478254
0.0,0.9119549424957545,0.08804505750424549
0.0,0.9121307925954442,0.08786920740455584
0.0,0.9123841258927858,0.08761587410721418
0.0,0.9135377774482875,0.08646222255171258
0.0,0.9219716408422053,0.07802835915779475
0.0,0.9471038650503462,0.05289613494965388
0.0,0.9802226918436138,0.01977730815638629
0.0,0.9916559266330103,0.008344073366989693
0.0,0.9959584446371534,0.00404155536284653
0.0,0.9981850202067898,0.0018149797932102282
0.0,0.9991860856198697,0.000813914380130332
0.0,0.999635238610543,0.0003647613894569234
0.0,0.9998365763711242,0.0001634236288757667
0.0,1.0,0.0
