0.1,0.3,0.6
0.10453832868053574,0.29883218615036566,0.5966294851690985
0.13549760452629728,0.2907597043738111,0.5737426910998917
0.141117865400825,0.2892743479337473,0.5696077866654278
0.1902827933439415,0.27601845277540743,0.533698753880651
0.30830888988088756,0.2423270138814893,0.44936409623762313
0.4447502765737598,0.2010921763228184,0.3541575471034218
0.5134647621437153,0.1809762634750084,0.30555897438127627
0.594024246289315,0.16366719602218163,0.2423085576885033
0.6298446964773511,0.17194229337679542,0.19821301014585355
0.6232146235538452,0.2099724257227185,0.16681295072343627
0.5520999508038172,0.30968274156034153,0.13821730763584117
0.394285901530113,0.48972535181440835,0.11598874665547865
0.25507506806602964,0.6397919735530562,0.10513295838091434
0.14118582906026933,0.7602208330484242,0.0985933378913064
0.08273078966221697,0.8215322578714094,0.09573695246637366
0.03587244562438706,0.8705103216360092,0.09361723273960383
0.01398008698092653,0.8933721922814064,0.09264772073766704
0.00815336979000409,0.8994680689134243,0.09237856129657158
0.004038316649020742,0.9037902051368,0.09217147821417926
0.001811965237797526,0.9061521448542569,0.0920358899079456
0.0008113073999986625,0.9072389239597931,0.09194976864020826
0.0003628605893930346,0.9077513045433547,0.09188583486725224
0.00016218382980805055,0.9080059789770113,0.09183183719318065
0.0,0.9082110590648803,0.09178894093511973
0.0,0.9082622897130813,0.09173771028691863
0.0,0.9083105788725453,0.0916894211274546
0.0,0.9083575436184698,0.09164245638153022
0.0,0.9084039060337359,0.09159609396626413
0.0,0.9084499884556202,0.09155001154437982
0.0,0.9084959347334851,0.09150406526651489
0.0,0.908541809045667,0.09145819095433297
0.0,0.908587640018744,0.09141235998125595
0.0,0.9086334404197018,0.09136655958029809
0.0,0.9086792159426872,0.09132078405731285
0.0,0.9087249691285365,0.09127503087146348
0.0,0.908770701112652,0.091229298887348
0.0,0.9088164124042168,0.09118358759578316
0.0,0.9088621032334732,0.09113789676652685
0.0,0.9089077737064492,0.09109222629355075
0.0,0.9089534238738769,0.09104657612612307
0.0,0.908999053761879,0.09100094623812101
0.0,0.9090446633856297,0.09095533661437026
0.0,0.9090902527554341,0.0909097472445659
0.0,0.9091358218794321,0.09086417812056787
0.0,0.9091813707648019,0.09081862923519811
0.0,0.9092268994182943,0.09077310058170578
0.0,0.909272511559983,0.09072748844001693
0.0,0.9093213006895349,0.09067869931046513
0.0,0.9093761673587709,0.09062383264122907
0.0,0.9094416075825179,0.09055839241748218
0.0,0.9095252856021422,0.09047471439785786
0.0,0.9096427441614293,0.09035725583857078
0.0,0.9098427511070781,0.09015724889292188
0.0,0.910025876709689,0.08997412329031099
0.0,0.9109315213788871,0.08906847862111286
0.0,0.9163251647896162,0.08367483521038381
0.0,0.9277931419390314,0.07220685806096863
0.0,0.9648003904278524,0.035199609572147635
0.0,0.9850766451893659,0.014923354810634136
0.0,0.9937601838251429,0.006239816174857147
0.0,0.9974062495523291,0.0025937504476708593
0.0,0.998924491212009,0.0010755087879909643
0.0,0.9995544930286061,0.00044550697139386544
0.0,0.9998155365218443,0.00018446347815567347
0.0,1.0,0.0
