0.3,0.3,0.4
0.3061236282843793,0.29800652296118996,0.39586984875443076
0.33632500223302625,0.2881753240668355,0.37549967370013826
0.3421785042380271,0.28627391160349,0.3715475841584829
0.38579335480150695,0.2722497651631917,0.3419568800353013
0.4773936598678359,0.24584285387427718,0.27676348625788694
0.53625400515932,0.2400507941690089,0.22369520067167115
0.5474565327861302,0.27444432626614607,0.17809914094772386
0.4891569967693704,0.3645940789651691,0.1462489242654605
0.35090184908761335,0.5268124761207315,0.12228567479165514
0.19655256150325573,0.6949748430429892,0.10847259545375505
0.08512366410394734,0.8134068322440934,0.10146950365195923
0.05892222442443046,0.8410438142485082,0.1000339613270614
0.019087426243883987,0.8829676016973351,0.09794497205878086
0.008466045393808842,0.8941534727522003,0.09738048185399092
0.004320233868448991,0.8985389863768937,0.09714077975465732
0.0020211142399625876,0.9009943897314053,0.09698449602863213
0.0009434403991243922,0.902170376270734,0.09688618333014154
0.0004398643021066382,0.9027451613814906,0.09681497431640271
0.00020493228828986288,0.9030386523851085,0.09675641532660166
0.0,0.9032870113814999,0.09671298861849999
0.0,0.9033418447161841,0.09665815528381598
0.0,0.903392744992707,0.09660725500729295
0.0,0.9034418041761447,0.09655819582385534
0.0,0.903489995976604,0.096510004023396
0.0,0.9035377734634055,0.09646222653659452
0.0,0.9035853473861974,0.09641465261380257
0.0,0.9036328157488098,0.09636718425119024
0.0,0.9036802241133048,0.0963197758866952
0.0,0.9037275936568376,0.09627240634316238
0.0,0.9037749342212722,0.09622506577872778
0.0,0.9038222503808768,0.09617774961912313
0.0,0.9038695442627696,0.09613045573723036
0.0,0.9039168168575481,0.09608318314245186
0.0,0.9039640686281398,0.09603593137186017
0.0,0.9040112997925569,0.09598870020744306
0.0,0.90405851045517,0.09594148954482994
0.0,0.9041057006676358,0.09589429933236411
0.0,0.9041528704571666,0.09584712954283327
0.0,0.9042000198396433,0.09579998016035669
0.0,0.9042471488256952,0.09575285117430478
0.0,0.9042942574235197,0.09570574257648035
0.0,0.9043413456401876,0.0956586543598124
0.0,0.9043884134822491,0.09561158651775088
0.0,0.9044363702169581,0.09556362978304193
0.0,0.9044868216107049,0.09551317838929516
0.0,0.9045420137717685,0.0954579862282315
0.0,0.9046055957251405,0.09539440427485947
0.0,0.9046835271868954,0.0953164728131046
0.0,0.9047867054692353,0.09521329453076474
0.0,0.9049406300478231,0.09505936995217688
0.0,0.9051309328639014,0.09486906713609866
0.0,0.9056992602381734,0.09430073976182653
0.0,0.9079904816313155,0.09200951836868446
0.0,0.9236346648440464,0.07636533515595348
0.0,0.966564173127517,0.033435826872482956
0.0,0.9857887663652267,0.014211233634773383
0.0,0.9940384345649774,0.0059615654350224645
0.0,0.9975130110230679,0.0024869889769322047
0.0,0.9989649294296541,0.0010350705703459624
0.0,0.99956963055936,0.00043036944064002317
0.0,0.9998211305681052,0.0001788694318948695
0.0,1.0,0.0
