0.5,0.05,0.45
0.4925592794293518,0.05043466925946378,0.45700605131118444
0.45914529424446954,0.05245345305288068,0.4884012527026498
0.45304061487592134,0.05283272920912555,0.49412665591495314
0.41163363678139286,0.055472404406423245,0.5328939588121839
0.3470517601342433,0.05974884963952795,0.5931993902262287
0.2993585547600154,0.06296584793803453,0.6376755973019501
0.25819645494173055,0.06574621656401694,0.6760573284942525
0.22196909149976216,0.06817501182077405,0.7098558966794638
0.19194569822396568,0.07016001592262819,0.7378942858534062
0.16590947341263695,0.07184806805376892,0.7622424585335941
0.14619694062868607,0.07309513829637397,0.78070792107494
0.13165105424166196,0.07398950550236744,0.7943594402559707
0.12116105146471008,0.07461175723283696,0.804227191302453
0.11457924438546054,0.07498043789021944,0.8104403177243199
0.11088102962075339,0.07515829439852073,0.8139606759807259
0.10950490188458957,0.07517937869625167,0.8153157194191588
0.10918444607618664,0.07510420864116482,0.8157113452826485
0.10916889667963446,0.0749385867788758,0.8158925165414899
0.1092034494880916,0.07455121250279108,0.8162453380091174
0.1093733653732105,0.07270122529774654,0.817925409329043
0.11010590627654605,0.06474394397057401,0.82515014975288
0.11123076043437635,0.05253153543358431,0.8362377041320395
0.11360477720848414,0.026821327210158428,0.8595738955813574
0.11509452628353192,0.010732108575645894,0.8741733651408222
0.11565773984321993,0.004658339812621543,0.8796839203441585
0.11593891526143267,0.0016279349071561871,0.8824331498314112
0.11601423510658786,0.0008163714431095104,0.8831693934503027
0.11605326645531945,0.0003958477761778942,0.8835508857685027
0.11607345903418895,0.00017830232140927544,0.8837482386444018
0.11609187581065414,0.0,0.8839081241893458
0.11609084847898782,0.0,0.8839091515210122
0.11609038655662268,0.0,0.8839096134433773
0.11609017893218454,0.0,0.8839098210678155
0.1160900856237223,0.0,0.8839099143762776
0.11609004369288387,0.0,0.8839099563071161
0.11609002485064464,0.0,0.8839099751493553
0.11609001638372633,0.0,0.8839099836162737
0.1160900125790682,0.0,0.8839099874209319
0.11609001086942888,0.0,0.8839099891305711
0.11609001010119542,0.0,0.8839099898988045
0.11609000975598785,0.0,0.8839099902440122
0.11609000960086785,0.0,0.8839099903991322
0.11609000953116305,0.0,0.8839099904688369
0.1160900094998421,0.0,0.8839099905001578
0.11609000948576716,0.0,0.8839099905142329
0.11609000947944217,0.0,0.8839099905205579
0.11609000947660039,0.0,0.8839099905233997
0.11609000947532437,0.0,0.8839099905246757
0.1160900094747499,0.0,0.8839099905252501
0.11609000947449201,0.0,0.883909990525508
0.11609000947442194,0.0,0.8839099905255781
0.116090009474349,0.0,0.883909990525651
0.11609000947431068,0.0,0.8839099905256893
0.1160900094742933,0.0,0.8839099905257067
0.11609000947428573,0.0,0.8839099905257143
0.11609000947428322,0.0,0.8839099905257168
0.11609000947428288,0.0,0.8839099905257172
0.11609000947428252,0.0,0.8839099905257174
