0.55,0.05,0.4
0.5409061675901661,0.050504364500418925,0.408589467909415
0.4976458151199192,0.053061456712767706,0.4492927281673132
0.49027083085674694,0.05352050793539179,0.45620866120786135
0.4408886780535601,0.0567315667456392,0.5023797552008007
0.368317816984874,0.061750043534118094,0.569932139481008
0.3177402801670084,0.06535459825868063,0.616905121574311
0.27436182562605954,0.06846571566212291,0.6571724587118175
0.23589800882438827,0.07121302910129153,0.6928889620743202
0.20366546110883021,0.07348957916787291,0.7228449597232969
0.1752505603986615,0.0754624159623785,0.74928702363896
0.15339294059166111,0.07694680106821067,0.7696602583401282
0.13692464262464113,0.07803706065603037,0.7850382967193286
0.12467279425226356,0.07882412980101813,0.7965030759467183
0.11658671398744018,0.07932290262577314,0.8040903833867866
0.11162989348478479,0.07960486166511513,0.8087652448501
0.10948315880998817,0.0796939021061082,0.8108229390839036
0.10883487549414092,0.0796643560212293,0.8115007684846297
0.10874824852557824,0.07955859616477462,0.8116931553096471
0.1087636939667454,0.07933304202829979,0.8119032640049548
0.10883298579914236,0.07858728256223231,0.8125797316386253
0.10910751309175519,0.07560003017838489,0.81529245672986
0.11006653037407327,0.06517011529552959,0.8247633543303972
0.11176776713683845,0.046708194035195764,0.8415240388279658
0.11359876312035405,0.02688635112262904,0.859514885757017
0.11492524259472192,0.012558639994904607,0.8725161174103735
0.1156008269034694,0.005271876286918864,0.8791272968096118
0.1158933066426213,0.002119405045015558,0.8819872883123632
0.11595147277817211,0.001492622871362448,0.8825559043504655
0.11602048014254655,0.000749086407033813,0.8832304334504196
0.11605907740853619,0.0003332427710135655,0.8836076798204502
0.11607628379787266,0.00014787003384553345,0.8837758461682819
0.11609153448653432,0.0,0.8839084655134657
0.11609068502763654,0.0,0.8839093149723635
0.11609030867317643,0.0,0.8839096913268235
0.11609014197621643,0.0,0.8839098580237835
0.11609006815123735,0.0,0.8839099318487627
0.11609003545824975,0.0,0.8839099645417502
0.11609002098069672,0.0,0.8839099790193032
0.1160900145696212,0.0,0.8839099854303788
0.11609001173062697,0.0,0.8839099882693731
0.11609001047344801,0.0,0.883909989526552
0.11609000991673779,0.0,0.8839099900832622
0.11609000967021117,0.0,0.8839099903297888
0.11609000956104423,0.0,0.8839099904389558
0.11609000951270287,0.0,0.8839099904872971
0.11609000949129511,0.0,0.8839099905087049
0.11609000948181582,0.0,0.8839099905181842
0.11609000947761837,0.0,0.8839099905223816
0.11609000947575977,0.0,0.8839099905242402
0.11609000947493699,0.0,0.883909990525063
0.11609000947471741,0.0,0.8839099905252825
0.11609000947449283,0.0,0.8839099905255072
0.11609000947437303,0.0,0.883909990525627
0.11609000947432122,0.0,0.8839099905256788
0.11609000947429836,0.0,0.8839099905257016
0.1160900094742876,0.0,0.8839099905257123
0.11609000947428398,0.0,0.8839099905257161
0.11609000947428198,0.0,0.883909990525718
0.11609000947428157,0.0,0.8839099905257185
