0.25,0.4,0.35
0.24832874562915364,0.40078952509792193,0.35088172927292444
0.2426251949274545,0.40348392244625475,0.3538908826262907
0.24106873605027118,0.40421918031053977,0.354712083639189
0.22954760084375292,0.4096610115885428,0.3607913875677042
0.19037873478843603,0.4281435640730197,0.38147770113854423
0.15828356278946834,0.44326049862572453,0.3984559385848072
0.13557519382078434,0.45395968877047316,0.4104651174087425
0.11671133987749219,0.46290070318742177,0.420387956935086
0.10216459330465248,0.46992009518345995,0.4279153115118875
0.0904005912823574,0.4758502328561856,0.43374917586145706
0.08231502290092348,0.48034432370648966,0.4373406533925869
0.07707266632817965,0.4839059275140074,0.439021406157813
0.07394595951773812,0.4870922179559939,0.438961822526268
0.07242054866404991,0.4903377491318916,0.4372417022040585
0.07164704969604146,0.49482568296776486,0.4335272673361937
0.07095974025288944,0.5021360912901727,0.42690416845693796
0.06964682129129848,0.5171946338849631,0.4131585448237384
0.06493394301845327,0.5715308171998276,0.3635352397817192
0.05178427917349103,0.7247613499999783,0.22345437082653066
0.042385950961305485,0.835430215996631,0.12218383304206354
0.038185158478130206,0.8850468801933462,0.07676796132852362
0.03426643935899614,0.9313065910984994,0.03442696954250427
0.03248023931338666,0.952353725056157,0.015166035630456352
0.0319082771482042,0.9590834459210313,0.009008276930764501
0.031481051861418426,0.9641062536458923,0.004412694492689378
0.03126225482773432,0.966677304569922,0.0020604406023437077
0.031158513900728286,0.9678960174334322,0.0009454686658395542
0.031110033472635964,0.968465475655193,0.0004244908721710678
0.031088256427031672,0.9687212558834458,0.00019048768952242102
0.031081138191051808,0.9689188618089482,0.0
0.03107528767498902,0.968924712325011,0.0
0.031072663234966443,0.9689273367650336,0.0
0.031071485994392082,0.9689285140056079,0.0
0.031070957929186727,0.9689290420708133,0.0
0.031070721060810137,0.9689292789391898,0.0
0.0310706466190301,0.9689293533809699,0.0
