0.45,0.4,0.15
0.4424210040911701,0.4047146013657581,0.15286439454307185
0.4076195270950733,0.4266901581577468,0.16569031474718
0.4016978603136376,0.4304719691902444,0.16783017049611815
0.36249176213673445,0.4557232193223533,0.18178501854091228
0.3128114636393567,0.48806214527998565,0.19912639108065766
0.2711312908907131,0.5153386347720113,0.2135300743372757
0.2327063402028241,0.5405297463764764,0.2267639134206995
0.19724152369252806,0.56378483961822,0.23897363668925203
0.16526607677737135,0.5847450431280375,0.24998888009459103
0.13908171672790598,0.6019169687629471,0.259001314509147
0.11789733954466215,0.6158529836109725,0.26624967684436524
0.1004441250895852,0.6274368181402988,0.27211905677011605
0.08690966603094431,0.6366033230105524,0.2764870109585032
0.075940814083956,0.6443609655263897,0.27969822038965425
0.06820305332472894,0.6503412239314456,0.28145572274382563
0.06295688650299197,0.6551493346742722,0.2818937788227358
0.059573238520301476,0.6594444358109259,0.2809823256687726
0.057709773634680994,0.6636554758942733,0.27863475047104574
0.05666732017094065,0.6690613607257413,0.2742713191033181
0.0558995331676819,0.6766917749828746,0.26740869184944355
0.054722941751199315,0.690336299143345,0.25494075910545577
0.051836642312929365,0.7241504659310876,0.224012891755983
0.04103809452563705,0.8513386308414124,0.10762327463295064
0.03590102220017043,0.9120214280528041,0.052077549747025526
0.03314057455849469,0.944579692170597,0.022279733270908354
0.031878952126831846,0.9594283392035996,0.008692708669568618
0.03143933468295351,0.964596539614104,0.003964125702942557
0.03123796803752256,0.9669626370982289,0.001799394864248489
0.031145311097360507,0.9680511041129798,0.0008035847896596818
0.031103893740277805,0.9685375897064155,0.0003585165533067156
0.031085407939851713,0.9687547114709397,0.0001598805892084713
0.03107937816678616,0.9689206218332138,0.0
0.03107447368405273,0.9689255263159472,0.0
0.031072287196557042,0.968927712803443,0.0
0.031071312455809536,0.9689286875441905,0.0
0.031070877919527645,0.9689291220804723,0.0
0.031070684205686986,0.968929315794313,0.0
0.031070597849349277,0.9689294021506507,0.0
0.031070567741694005,0.968929432258306,0.0
