0.3,0.5,0.2
0.2972145180952083,0.5018379454332779,0.20094753647151387
0.2866584602959429,0.5088065941431749,0.20453494556088234
0.28415690516644543,0.510458722537749,0.20538437229580553
0.26612401291151333,0.5223746541011338,0.21150133298735285
0.22224247938988678,0.5513934415232178,0.2263640790868954
0.18368109568781887,0.576895141118452,0.2394237631937292
0.15552081815265817,0.5955144788399103,0.24896470300743156
0.13110940935142473,0.6116732074103989,0.2572173832381765
0.11143383256807138,0.6247564425168958,0.2638097249150329
0.09465769737252482,0.6360472826653765,0.2692950199620988
0.08207600992840433,0.6447486925179324,0.27317529755366315
0.07275504359144008,0.6515547943999082,0.27569016200865176
0.06586725902929472,0.6571519889174701,0.2769807520532352
0.06128098756572215,0.6617392970102935,0.27697971542398436
0.05832911356521174,0.6661535145338338,0.27551737190095443
0.05681638495740739,0.6706767342116713,0.27250688083092134
0.05595662484957315,0.6766007750343593,0.26744260011606763
0.05513864992452492,0.6855079344250333,0.2593534156504418
0.05365695184311496,0.7028131431732454,0.24352990498363963
0.04949299760198988,0.7516749804870779,0.1988320219109322
0.04009037911738187,0.8625399223038586,0.0973696985787596
0.03496624092757711,0.9230531030021554,0.041980656070267575
0.03251694911241285,0.951921267517679,0.015561783369908114
0.03170084561632593,0.9615225294528306,0.0067766249308434745
0.03139148738454822,0.9651588226203082,0.003449689995143649
0.03121490799154689,0.9672335460692703,0.0015515459391828646
0.031135350096710205,0.9681681095605073,0.0006965403427825286
0.03109960550732661,0.9685879576364758,0.00031243685619767453
0.031083566354543117,0.9687763414143697,0.00014009223108709962
0.031078325339588004,0.968921674660412,0.0
0.03107402345723833,0.9689259765427616,0.0
0.031072095065137077,0.9689279049348629,0.0
0.031071230650869294,0.9689287693491306,0.0
0.031070843175656407,0.9689291568243436,0.0
0.031070669490035664,0.9689293305099643,0.0
0.031070591635685797,0.9689294083643142,0.0
0.03107055673760994,0.96892944326239,0.0
0.031070541094612367,0.9689294589053876,0.0
0.031070534082673244,0.9689294659173268,0.0
0.031070530939584225,0.9689294690604158,0.0
0.031070529530702898,0.9689294704692971,0.0
0.031070528899174017,0.968929471100826,0.0
0.03107052861609102,0.968929471383909,0.0
0.03107052848920074,0.9689294715107992,0.0
0.031070528432320842,0.9689294715676792,0.0
0.03107052840682656,0.9689294715931734,0.0
0.03107052839539808,0.968929471604602,0.0
0.03107052839027573,0.9689294716097243,0.0
0.031070528387909416,0.9689294716120905,0.0
0.03107052838686945,0.9689294716131305,0.0
0.031070528386398583,0.9689294716136014,0.0
0.031070528386217797,0.9689294716137822,0.0
0.03107052838617224,0.9689294716138277,0.0
0.031070528386136935,0.9689294716138631,0.0
0.031070528386121565,0.9689294716138784,0.0
0.031070528386114748,0.9689294716138852,0.0
0.031070528386115126,0.9689294716138849,0.0
0.031070528386114966,0.968929471613885,0.0
0.03107052838611473,0.9689294716138853,0.0
0.031070528386113887,0.9689294716138861,0.0
0.031070528386114616,0.9689294716138854,0.0
0.031070528386114484,0.9689294716138855,0.0
