0.2,0.55,0.25
0.19892541303040912,0.5506868899010005,0.25038769706859054
0.19551504923088914,0.5528667648274986,0.2516181859416123
0.19449566417767097,0.5535183250330297,0.25198601078929944
0.18682855870537401,0.5584185926175917,0.25475284867703435
0.15349406815308306,0.5797218028499188,0.26678412899699816
0.12697927452632557,0.5966929011740915,0.2763278242995831
0.10843672350935477,0.6086346216047338,0.2829286548859114
0.09325730331702074,0.6185555656081041,0.2881871310748751
0.08168187343032732,0.6263635041671082,0.2919546224025645
0.0723874393581737,0.6330604601864781,0.29455210045534824
0.06606719849807505,0.6382715998255912,0.29566120167633364
0.062008387590206465,0.6426000220964184,0.2953915903133752
0.05958772721807411,0.6467533564649206,0.2936589163170053
0.05833906073880723,0.6513076767805616,0.2903532624806312
0.057527762118833536,0.65790849702735,0.2845637408538166
0.05656017382697272,0.6688719035268151,0.27456792264621216
0.05459260645463628,0.6918589097955549,0.2535484837498089
0.047716015882502044,0.77257567519903,0.17970830891846798
0.039315796827078434,0.8716897844334386,0.08899441873948294
0.034739215614772,0.9257321052787861,0.03952867910644184
0.03349004226569619,0.9404613180618644,0.02604863967243946
0.03217976893655323,0.9558900236077512,0.011930207455695434
0.03154107271235844,0.9634007994158571,0.005058127871784486
0.03126865182591711,0.9666021377143995,0.002129210459683417
0.031153683643069422,0.9679527521523061,0.000893564204624449
0.031105382984867973,0.9685200958631108,0.0003745211520212511
0.031085129477839903,0.9687579812216929,0.00015688930046724734
0.031078685637042334,0.9689213143629577,0.0
0.031073944295612853,0.9689260557043872,0.0
0.031071958796701993,0.968928041203298,0.0
0.031071127365189768,0.9689288726348103,0.0
0.031070779205533413,0.9689292207944666,0.0
0.031070633415314075,0.968929366584686,0.0
0.031070572366464443,0.9689294276335355,0.0
0.031070546802620294,0.9689294531973797,0.0
0.03107053609791361,0.9689294639020865,0.0
0.0310705316153814,0.9689294683846186,0.0
0.031070529738349114,0.9689294702616509,0.0
0.03107052895235096,0.968929471047649,0.0
0.031070528623224413,0.9689294713767757,0.0
0.031070528485402094,0.9689294715145979,0.0
0.03107052842769089,0.9689294715723091,0.0
0.03107052841301656,0.9689294715869835,0.0
0.03107052839929154,0.9689294716007084,0.0
0.03107052839192193,0.968929471608078,0.0
0.03107052838862868,0.9689294716113713,0.0
0.031070528387197482,0.9689294716128025,0.0
0.03107052838657792,0.9689294716134221,0.0
0.031070528386311854,0.9689294716136881,0.0
0.031070528386195905,0.9689294716138042,0.0
0.031070528386144287,0.9689294716138558,0.0
0.031070528386124067,0.9689294716138759,0.0
0.031070528386117492,0.9689294716138825,0.0
0.031070528386113152,0.9689294716138869,0.0
0.031070528386113332,0.9689294716138867,0.0
0.031070528386114772,0.9689294716138852,0.0
0.03107052838611399,0.968929471613886,0.0
0.031070528386115553,0.9689294716138844,0.0
0.031070528386113273,0.9689294716138868,0.0
