0.25,0.55,0.2
0.24816200726111728,0.5512617141936722,0.20057627854521062
0.24170213921008413,0.5556964622719578,0.202601398517958
0.24170213921008415,0.5556964622719579,0.20260139851795803
0.24000165069991466,0.5568639216464102,0.20313442765367512
0.22746987218438505,0.5654679991709901,0.20706212864462487
0.1878490351198099,0.592669138905409,0.2194818259747812
0.1546695644848218,0.6154448226798466,0.22988561283533157
0.13083993125503848,0.6318203788194853,0.23733968992547613
0.1106825079502461,0.6457308780224035,0.24358661402735055
0.09476355015318053,0.6568337495510816,0.24840270029573794
0.08140953889259359,0.6663721747921137,0.25221828631529275
0.07165414324505974,0.6736957353334557,0.25465012142148463
0.06467535104287334,0.6794620928322503,0.25586255612487635
0.05978362082334583,0.6843276482084312,0.2558887309682229
0.05677328698557081,0.6885777116693444,0.2546490013450848
0.055012894067378054,0.6931994563296855,0.2517876496029365
0.054095934484176274,0.6987431321626143,0.24716093335320952
0.05329701475437999,0.7070956583479966,0.23960732689762348
0.051978415312269224,0.7224885425968304,0.22553304209090036
0.04863343005695604,0.7617771428998489,0.18958942704319512
0.0400881908608131,0.8625647353623567,0.09734707377683022
0.035229707217891586,0.9199452191445976,0.04482507363751085
0.03258826476096346,0.9510815439827411,0.01633019125629545
0.03211762268774381,0.9566209371180006,0.011261440194255684
0.03161880817004492,0.9624870534891846,0.005894138340770419
0.03131401842301075,0.9660691168492199,0.0026168647277693816
0.031178291784466954,0.9676636819137912,0.0011580263017419332
0.031118149542177224,0.9683701415095437,0.0005117089482790734
0.031091558195995215,0.9686824735122538,0.00022596829175102333
0.031082913281560497,0.9689170867184396,0.0
0.031075994966772293,0.9689240050332277,0.0
0.03107294122145515,0.9689270587785449,0.0
0.031071593349174104,0.9689284066508258,0.0
0.031070998430816458,0.9689290015691836,0.0
0.031070735850135093,0.9689292641498649,0.0
0.031070619954590158,0.9689293800454098,0.0
0.031070568801709265,0.9689294311982908,0.0
0.031070546224349144,0.9689294537756509,0.0
0.03107053625937726,0.9689294637406227,0.0
0.031070531861136386,0.9689294681388636,0.0
0.031070529919885147,0.9689294700801149,0.0
0.03107052906307586,0.9689294709369242,0.0
0.031070528684905226,0.9689294713150948,0.0
0.031070528517992163,0.9689294714820079,0.0
0.031070528444320858,0.9689294715556792,0.0
0.031070528411804577,0.9689294715881954,0.0
0.03107052839745158,0.9689294716025485,0.0
0.03107052839364747,0.9689294716063525,0.0
0.031070528389808023,0.9689294716101919,0.0
0.031070528387738328,0.9689294716122616,0.0
0.031070528386813488,0.9689294716131865,0.0
0.031070528386412097,0.9689294716135879,0.0
0.031070528386236033,0.968929471613764,0.0
0.031070528386164708,0.9689294716138352,0.0
0.031070528386131856,0.9689294716138682,0.0
0.03107052838611953,0.9689294716138804,0.0
0.031070528386113943,0.9689294716138861,0.0
0.03107052838611395,0.9689294716138861,0.0
0.03107052838611477,0.9689294716138852,0.0
0.03107052838611361,0.9689294716138864,0.0
0.03107052838611439,0.9689294716138857,0.0
0.03107052838611273,0.9689294716138873,0.0
