0.3,0.55,0.15
0.2971244997383798,0.5521300129875416,0.15074548727407866
0.28612804791583824,0.5602790273629804,0.15359292472118136
0.2835562889277321,0.5621855547339886,0.1542581563382793
0.265065314179269,0.5758996877393991,0.1590349980813319
0.2214244288710351,0.6082894133971228,0.17028615773184208
0.18267463189222405,0.6370552918309643,0.18027007627681163
0.1542440419721931,0.6581611673185891,0.18759479070921786
0.1294599371856372,0.6765782155115108,0.193961847302852
0.10937089493116497,0.6915585182742069,0.19907058679462825
0.09212848364642688,0.7045314523715355,0.2033400639820377
0.07906004764356214,0.7145596557276422,0.2063802966287956
0.06922442283640302,0.7224048791942222,0.20837069796937466
0.06176620461210834,0.7288171080634668,0.20941668732442484
0.056585632306335565,0.7339605419437162,0.20945382574994817
0.053018694890897874,0.7386515727553423,0.20832973235375984
0.05104303373654341,0.7430114721839957,0.20594549407946097
0.04996662641084333,0.7481148558226792,0.20191851776647743
0.04922711624008359,0.7550071921344096,0.19576569162550683
0.048226770361014824,0.7665727953968213,0.18520043424216381
0.04616127339147751,0.790888342222928,0.1629503843855946
0.038405930430285506,0.882437950029367,0.07915611954034754
0.034303186334256386,0.9308756134358638,0.0348212002298797
0.03312518703865899,0.944759918213195,0.022114894748145993
0.03227062718772704,0.954820805218817,0.01290856759345604
0.03159002287260449,0.962825401778326,0.005584575349069545
0.03129364772275516,0.9663084631390283,0.002397889138216549
0.031166029800460744,0.9678077279863254,0.001026242213213841
0.031111345628796624,0.9684500617199926,0.0004385926512108145
0.03108796266176291,0.9687247053290068,0.00018733200923031878
0.031080459299986363,0.9689195407000136,0.0
0.03107476834998207,0.968925231650018,0.0
0.031072338581332883,0.968927661418667,0.0
0.031071301217119325,0.9689286987828807,0.0
0.031070858331376006,0.968929141668624,0.0
0.031070669249623217,0.9689293307503768,0.0
0.03107058852491773,0.9689294114750823,0.0
0.031070554061141672,0.9689294459388583,0.0
0.031070539347539297,0.9689294606524607,0.0
0.031070533065869058,0.968929466934131,0.0
0.031070530384037287,0.9689294696159627,0.0
0.03107052923908658,0.9689294707609134,0.0
0.031070528750275085,0.9689294712497248,0.0
0.031070528541584055,0.968929471458416,0.0
0.031070528452489227,0.9689294715475109,0.0
0.031070528414451,0.968929471585549,0.0
0.031070528404629327,0.9689294715953707,0.0
0.0310705283951678,0.9689294716048321,0.0
0.031070528390102894,0.9689294716098971,0.0
0.031070528387838105,0.9689294716121619,0.0
0.03107052838685563,0.9689294716131444,0.0
0.03107052838643037,0.9689294716135697,0.0
0.031070528386249956,0.96892947161375,0.0
0.031070528386166182,0.9689294716138339,0.0
0.03107052838613433,0.9689294716138657,0.0
0.031070528386120875,0.9689294716138791,0.0
0.031070528386116732,0.9689294716138833,0.0
0.03107052838611359,0.9689294716138864,0.0
0.031070528386112548,0.9689294716138874,0.0
0.0310705283861139,0.9689294716138861,0.0
0.03107052838611284,0.9689294716138872,0.0
0.031070528386112933,0.9689294716138871,0.0
