0.25,0.6,0.15
0.24810348836761895,0.6014448989701797,0.15045161266220125
0.24137438195207545,0.6065719576874613,0.1520536603604633
0.23962403308767585,0.6079056634026744,0.15247030350964982
0.22674589883461857,0.6177190265334015,0.15553507463197988
0.18705027641984864,0.6479692166129907,0.16498050696716077
0.1535609068432337,0.6734910956166628,0.17294799754010354
0.12939887556794577,0.6919220356072677,0.17867908882478645
0.10885372333228927,0.7076441135211924,0.18350216314651835
0.09252708581967066,0.7202359281587017,0.18723698602162767
0.07870827426154425,0.7310786064589596,0.1902131192794962
0.06846749839758252,0.739403758801935,0.19212874280048242
0.060975111936672384,0.7459190354118127,0.1931058526515149
0.05552599566088094,0.7513096958191184,0.1931643085200006
0.0519739492729091,0.7557991635522693,0.19222688717482156
0.04974077259287275,0.7602634744076888,0.18999575299943844
0.04858814372838848,0.7650451594746076,0.186366696797004
0.04783138282925733,0.7715405026544835,0.1806281145162592
0.04695122424014621,0.7815964985250523,0.17145227723480147
0.04522175193449602,0.8019663273933205,0.15281192067218352
0.04010836163575138,0.8623249265799904,0.0975667117842583
0.035343340555131476,0.918603269080099,0.04605339036476949
0.03257941513388711,0.9511854809228575,0.016235103943255478
0.031780049131603774,0.9605913668914732,0.007628583976923061
0.031401279103435306,0.9650439162950663,0.0035548046014985037
0.03122407175368001,0.967125902485993,0.0016500257603271299
0.03114167173891819,0.9680938308994999,0.000764497361581996
0.03110346426687188,0.9685426278402155,0.00035390789291272963
0.031085769866481764,0.9687504616932286,0.00016376844028969973
0.03107993494080431,0.9689200650591957,0.0
0.031074879854656626,0.9689251201453434,0.0
0.031072541355918994,0.968927458644081,0.0
0.03107145957457695,0.9689285404254231,0.0
0.031070959145005666,0.9689290408549943,0.0
0.031070727649729797,0.9689292723502703,0.0
0.03107062056299811,0.9689293794370019,0.0
0.031070571026122845,0.9689294289738771,0.0
0.03107054811091967,0.9689294518890803,0.0
0.031070537510567372,0.9689294624894327,0.0
0.0310705326069835,0.9689294673930164,0.0
0.03107053033863608,0.968929469661364,0.0
0.031070529289333224,0.9689294707106668,0.0
0.031070528803944186,0.9689294711960558,0.0
0.031070528670295045,0.968929471329705,0.0
0.031070528523500524,0.9689294714764994,0.0
0.031070528446599677,0.9689294715534004,0.0
0.031070528412340367,0.9689294715876597,0.0
0.031070528397456446,0.9689294716025436,0.0
0.03107052839101421,0.9689294716089858,0.0
0.03107052838823064,0.9689294716117693,0.0
0.031070528387025027,0.9689294716129749,0.0
0.031070528386503586,0.9689294716134964,0.0
0.031070528386277153,0.9689294716137229,0.0
0.03107052838618132,0.9689294716138186,0.0
0.03107052838613877,0.9689294716138612,0.0
0.03107052838612215,0.9689294716138779,0.0
0.031070528386116205,0.9689294716138838,0.0
0.031070528386113367,0.9689294716138867,0.0
0.031070528386115376,0.9689294716138847,0.0
0.03107052838611362,0.9689294716138864,0.0
0.03107052838611348,0.9689294716138865,0.0
0.031070528386114748,0.9689294716138853,0.0
0.031070528386113256,0.9689294716138868,0.0
