0.15,0.7,0.15
0.14939475270141547,0.7004806313433056,0.15012461595527898
0.14764869762428537,0.7018672470216684,0.15048405535404635
0.14706502074081346,0.7023307906217297,0.15060418863745703
0.14260652954053682,0.7058720319733296,0.15152143848613364
0.11656767614635417,0.726581445488703,0.15685087836494288
0.09616904215704414,0.7428918586914517,0.16093909915150417
0.08211852889293864,0.7542585071956232,0.16362296391143819
0.07081032850015535,0.7636152505352859,0.16557442096455888
0.06231963030122481,0.7709522586817604,0.16672811101701482
0.05560388037779715,0.7772736861382599,0.16712243348394296
0.05114675154565208,0.7822408551538474,0.16661239330050054
0.048369956120023073,0.7864695168420682,0.1651605270379088
0.04675555977114657,0.7907093647297064,0.16253507549914703
0.045878829949987654,0.7956034271651652,0.15851774288484716
0.045143689138293204,0.8029917285160985,0.15186458234560837
0.04405841522357447,0.8156908918532437,0.14025069292318187
0.04167518550511726,0.8438179509805894,0.11450686351429326
0.03623177414942587,0.9081152297671562,0.05565299608341796
0.033212811727202314,0.9437271492711644,0.023060039001633278
0.03206289430728252,0.9572648604790446,0.010672245213672946
0.03152441795613917,0.9635965680304975,0.004879014013363321
0.03127689553573512,0.9665052006192689,0.002217903844996001
0.031164102996333043,0.9678302992532675,0.001005597750399603
0.031112907657446134,0.9684316987337597,0.0004553936087941785
0.031089710679034533,0.9687041729697834,0.00020611635118211543
0.031082107362008334,0.9689178926379917,0.0
0.031075767167149788,0.9689242328328501,0.0
0.03107289850169639,0.9689271014983035,0.0
0.0310716006630187,0.9689283993369814,0.0
0.031071013506235156,0.9689289864937648,0.0
0.031070747863676192,0.9689292521363239,0.0
0.031070627680270885,0.9689293723197291,0.0
0.031070573307732212,0.9689294266922678,0.0
0.031070548709357142,0.9689294512906429,0.0
0.031070545227862366,0.9689294547721375,0.0
