0.8,0.05,0.15
0.7905821371982259,0.050032704406185874,0.15938515839558826
0.7206918463738562,0.051086691182288375,0.22822146244385547
0.7092677256520518,0.051388891854775014,0.23934338249317325
0.6205911876120134,0.05488684815313554,0.32452196423485113
0.5211568255809508,0.06093853026963195,0.41790464414941736
0.45445583517418353,0.06592205498922539,0.47962210983659104
0.38416126517208854,0.07164090217298304,0.5441978326549284
0.33473422474897835,0.07581087439899495,0.5894549008520267
0.2913243822929498,0.07951298303133533,0.629162634675715
0.25306814082579204,0.08277542463217118,0.6641564345420368
0.21982561422288277,0.08559019145391643,0.6945841943232007
0.19161520471773266,0.08795002027513112,0.7204347750071362
0.1689282393905318,0.08981784069132041,0.7412539199181478
0.14745999704556792,0.09155051124899055,0.7609894917054415
0.13191763595884845,0.09277561071301269,0.7753067533281388
0.12099631275808877,0.09361547850735485,0.7853882087345564
0.11371442123390307,0.09415966383335483,0.7921259149327421
0.10969942155446569,0.09444574446546898,0.7958548339800654
0.1078869555512003,0.0945551168054292,0.7975579276433705
0.10742776751087497,0.0945503453694855,0.7980218871196396
0.10737557702350474,0.09448780631958012,0.7981366166569153
0.10738665410800137,0.0943421596034441,0.7982711862885545
0.10743962487322421,0.09376241766056068,0.7987979574662152
0.10767460005551766,0.09120824517024269,0.8011171547742397
0.10814631422215666,0.08606629289932434,0.805787392878519
0.10974053680607113,0.06871508814166832,0.8215443750522606
0.11217530083534076,0.04229185585941059,0.8455328433052486
0.11425612381179212,0.01978260281190169,0.8659612733763062
0.11519783639221444,0.009617630703261255,0.8751845329045244
0.11569871499474019,0.00421664809859774,0.880084636906662
0.11595367581737616,0.0014688847014675522,0.8825774394811563
0.11602565962381016,0.0006932811717341111,0.8832810592044558
0.11605977495867435,0.00032572742352717583,0.8836144976177985
0.11607642057728108,0.0001463965144412706,0.8837771829082777
0.11609153881142524,0.0,0.8839084611885747
0.11609069571284111,0.0,0.8839093042871589
0.11609031734090794,0.0,0.8839096826590921
0.11609014758018434,0.0,0.8839098524198157
0.11609007142479136,0.0,0.8839099285752086
0.11609003726308907,0.0,0.8839099627369109
0.11609002193925948,0.0,0.8839099780607406
0.11609001506556643,0.0,0.8839099849344335
0.11609001198230152,0.0,0.8839099880176985
0.11609001059927473,0.0,0.8839099894007253
0.11609000997890723,0.0,0.8839099900210928
0.11609000970063628,0.0,0.8839099902993637
0.11609000957581535,0.0,0.8839099904241847
0.11609000951982568,0.0,0.8839099904801743
0.11609000949471063,0.0,0.8839099905052894
0.11609000948344515,0.0,0.8839099905165549
0.11609000947839271,0.0,0.8839099905216072
0.11609000947703411,0.0,0.8839099905229659
0.11609000947562864,0.0,0.8839099905243714
0.11609000947487529,0.0,0.8839099905251248
0.11609000947453861,0.0,0.8839099905254614
0.11609000947439217,0.0,0.8839099905256078
0.11609000947432874,0.0,0.8839099905256713
0.11609000947430177,0.0,0.8839099905256983
0.11609000947428945,0.0,0.8839099905257105
0.11609000947428472,0.0,0.8839099905257153
0.11609000947428415,0.0,0.8839099905257158
