0.25,0.7,0.05
0.24798128785305396,0.7018544900933589,0.05016422205358715
0.24068437340084647,0.7085580314267668,0.05075759517238673
0.2388311443264554,0.7102606102588294,0.05090824541471517
0.22524451151737707,0.7227432723094417,0.05201221617318132
0.18551712591411926,0.7592451524165739,0.055237721669306836
0.15148493034259117,0.7905170656605405,0.05799800399686846
0.12671872409911528,0.8132825850050902,0.05999869089579454
0.10545965922768324,0.8328445069302661,0.06169583384205073
0.08838797387261994,0.8485914682323622,0.06302055789501798
0.07373579529672586,0.8621773199657504,0.06408688473752372
0.06263907719977153,0.8725752579534164,0.06478566484681203
0.05424819834935364,0.8805934027668868,0.0651583988837596
0.04780822220506674,0.8869791928291583,0.065212584965775
0.04323176332801813,0.8918501980508882,0.06491803862109367
0.03995414440986225,0.8958785028018238,0.064167352788314
0.038052208061208626,0.8990258206342581,0.0629219713045333
0.03703359735408135,0.90198156071755,0.06098484192836877
0.036515418091857994,0.9052868046404358,0.058197777267706245
0.03606991788725183,0.9100567690684733,0.05387331304427492
0.03534415560145239,0.9185935077876997,0.046062336610847944
0.03370790712793282,0.937892745106608,0.0283993477654592
0.03203796461151041,0.9575580516506127,0.01040398373787696
0.03150017088236584,0.9638815497976394,0.004618279319994713
0.03126017910273001,0.9667016732309117,0.002038147666358237
0.03115401730920741,0.967948824870231,0.0008971578205616421
0.031107238472046356,0.9684982985702486,0.0003944629577050782
0.031086661312166138,0.9687399881255374,0.00017335056229629336
0.031079983818264427,0.9689200161817355,0.0
0.031074682179545572,0.9689253178204544,0.0
0.03107235312049837,0.9689276468795016,0.0
0.031071329972932434,0.9689286700270675,0.0
0.031070880513470452,0.9689291194865296,0.0
0.031070683071117808,0.9689293169288822,0.0
0.031070596337189414,0.9689294036628107,0.0
0.031070558236110633,0.9689294417638894,0.0
0.03107054149881693,0.9689294585011831,0.0
0.03107053414634658,0.9689294658536535,0.0
0.031070533898847005,0.9689294661011529,0.0
0.03107053366194929,0.9689294663380507,0.0
