0.1,0.05,0.85
0.10006486558328935,0.04999727083352239,0.8499378635831882
0.10016036834974522,0.049993249026691354,0.8498463826235634
0.10022461829593973,0.049990540896465666,0.8497848408075946
0.10072721155780362,0.0499692868514389,0.8493035015907575
0.10408025209694681,0.049823564750270145,0.846096183152783
0.11063630717098621,0.04946823380525618,0.8398954590237577
0.11142760586663009,0.04933258499808811,0.8392398091352817
0.11153488915267899,0.04918096022531752,0.8392841506220035
0.11156656265779731,0.04889309299539011,0.8395403443468126
0.11164616016560254,0.048023017598458215,0.8403308222359394
0.11198011505068636,0.04440661194212881,0.8436132730071849
0.1126636980816129,0.03699956094621795,0.8503367409721692
0.11400069108442862,0.02254211313216103,0.8634571957834104
0.1150625145118618,0.011077471749076992,0.8738600137390613
0.11562292734232774,0.0050336193627561875,0.879343453294916
0.11590591418244234,0.001983544295831138,0.8821105415217265
0.11598859005565541,0.001092684359639568,0.8829187255847051
0.11604047328987153,0.0005336787876660306,0.8834258479224625
0.1160678094299035,0.0002391679873123254,0.8836930225827841
0.11608007826660707,0.00010699105586964904,0.8838129306775233
0.11609112223373187,0.0,0.8839088777662681
0.11609050666814293,0.0,0.8839094933318571
0.1160902315946635,0.0,0.8839097684053365
0.11609010869981536,0.0,0.8839098913001847
0.11609005379901485,0.0,0.8839099462009852
0.11609002927419629,0.0,0.8839099707258038
0.11609001831887811,0.0,0.8839099816811219
0.11609001342514196,0.0,0.8839099865748581
0.11609001123911927,0.0,0.8839099887608808
0.11609001026262977,0.0,0.8839099897373702
0.11609000982643443,0.0,0.8839099901735655
0.11609000963158715,0.0,0.8839099903684128
0.11609000954454954,0.0,0.8839099904554505
0.11609000950567054,0.0,0.8839099904943294
0.1160900094883032,0.0,0.8839099905116968
0.11609000948054525,0.0,0.8839099905194547
0.1160900094784677,0.0,0.8839099905215323
0.1160900094763308,0.0,0.8839099905236693
0.11609000947518364,0.0,0.8839099905248163
0.11609000947467242,0.0,0.8839099905253276
0.11609000947444989,0.0,0.8839099905255501
0.1160900094743531,0.0,0.8839099905256469
0.11609000947431207,0.0,0.8839099905256879
0.11609000947429561,0.0,0.8839099905257043
0.116090009474286,0.0,0.8839099905257141
0.11609000947428305,0.0,0.8839099905257171
0.11609000947428123,0.0,0.8839099905257188
0.11609000947428239,0.0,0.8839099905257176
