0.25,0.1,0.65
0.2486311483120047,0.10014134604421972,0.6512275056437756
0.24425040484497643,0.10059342084842997,0.6551561743065937
0.2429618042637423,0.10072631466870352,0.6563118810675542
0.23335568181875138,0.10171564396915701,0.6649286742120916
0.20293635089291398,0.10482808641121542,0.6922355626958706
0.20215493615124752,0.1049075234566959,0.6929375403920566
0.1962448165354139,0.10550733835512448,0.6982478451094616
0.1783071988139086,0.10731573378068167,0.7143770674054097
0.17777311194931283,0.10736926579694231,0.7148576222537448
0.1737014430075872,0.10777671877556178,0.718521838216851
0.15034608356678308,0.11008904107799315,0.7395648753552237
0.13216650753025805,0.11185241582473122,0.7559810766450108
0.12082092205615422,0.11293389579154857,0.7662451821522972
0.1157252852521803,0.11341522225653407,0.7708594924912855
0.11572528525218032,0.11341522225653408,0.7708594924912856
0.11565642743838433,0.11342171450508924,0.7709218580565264
0.11512358643586343,0.11347194826419893,0.7714044652999377
0.11180985460659147,0.11378447639331953,0.7744056690000889
0.10762698943238204,0.11418496671679816,0.7781880438508197
0.10760914292216837,0.11418672326531346,0.7782041338125182
0.10747188883233892,0.11420026907702592,0.7783278420906352
0.10665996377154316,0.1142824091031711,0.7790576271252857
0.10567293052055783,0.11440325030968626,0.779923819169756
0.10555037497465303,0.11446319922643548,0.7799864257989115
0.10553562115686482,0.11455738529162157,0.7799069935515136
0.10553225244664123,0.11460043137312334,0.7798673161802355
0.10553222578710628,0.11460078281990049,0.7798669913929932
0.10553200818115661,0.11460359535212111,0.7798643964667223
0.10553009723837094,0.11462614721167598,0.7798437555499531
0.10551341820198787,0.11480903049732591,0.7796775513006863
0.10536446255211782,0.11643888699699406,0.7781966504508881
0.10528862246253919,0.11726816449919786,0.777443213038263
0.10528858145460951,0.11726861255515701,0.7774428059902335
0.10528825336769594,0.11727219770663572,0.7774395489256684
0.10528562617659566,0.11730092410878333,0.7774134497146211
0.10526435356487866,0.11753366421363537,0.7772019822214861
0.1050756544541474,0.1195985201872314,0.7753258253586213
0.10361277355018376,0.13562372592179223,0.7607635005280241
0.10183128280546416,0.15518821747746295,0.742980499717073
0.09826362572245675,0.19451535681653617,0.7072210174610072
0.09228632343448107,0.26085436248245414,0.6468593140830649
0.07946020543050424,0.405104442650991,0.5154353519185048
0.06662193786075982,0.5520361271975035,0.3813419349417366
0.06309054741026901,0.5928822447698147,0.34402720781991636
0.05543069254744326,0.6820610240931497,0.262508283359407
0.045146705619586364,0.8028572872936974,0.15199600708671632
0.03821225094238356,0.8847259031385901,0.07706184591902629
0.03440636727170476,0.9296567166950147,0.03593691603328059
0.033173565420087564,0.9441899023466133,0.022636532233299176
0.03230330815294988,0.9544362523320781,0.013260439514972036
0.03160541094863874,0.9626445152446155,0.0057500738067457514
0.031300747844274966,0.9662250407150286,0.002474211440696454
0.031169270599720654,0.9677696585995582,0.0010610708007210475
0.031112815365542425,0.9684327984874737,0.0004543861469839262
0.03108862629585187,0.9687169107367648,0.00019446296738334886
0.031080857732503853,0.9689191422674962,0.0
0.031074947151124896,0.9689250528488751,0.0
0.031072418634741195,0.9689275813652588,0.0
0.031071336984107745,0.9689286630158922,0.0
0.031070874281326072,0.968929125718674,0.0
0.03107067634997607,0.9689293236500239,0.0
0.03107059168068017,0.9689294083193198,0.0
0.031070555461651186,0.9689294445383488,0.0
0.031070539968223787,0.9689294600317762,0.0
0.031070533340596763,0.9689294666594032,0.0
0.031070530505494066,0.968929469494506,0.0
0.03107052929272196,0.968929470707278,0.0
0.031070528773932467,0.9689294712260674,0.0
0.031070528552010153,0.9689294714479899,0.0
0.03107052845708078,0.9689294715429192,0.0
0.031070528416474466,0.9689294715835255,0.0
0.031070528405970573,0.9689294715940294,0.0
0.031070528395821435,0.9689294716041786,0.0
0.031070528390389842,0.9689294716096102,0.0
0.03107052838796291,0.968929471612037,0.0
0.03107052838690968,0.9689294716130903,0.0
0.031070528386453175,0.9689294716135468,0.0
0.031070528386257543,0.9689294716137424,0.0
0.03107052838617286,0.9689294716138271,0.0
0.031070528386134545,0.9689294716138654,0.0
0.03107052838612084,0.9689294716138792,0.0
0.031070528386115612,0.9689294716138843,0.0
0.0310705283861151,0.9689294716138849,0.0
0.0310705283861142,0.9689294716138859,0.0
0.031070528386113152,0.9689294716138869,0.0
0.031070528386114266,0.9689294716138858,0.0
0.03107052838611376,0.9689294716138863,0.0
