0.6,0.1,0.3
0.5893982315442774,0.10111746624102513,0.30948430221469747
0.5338937220724249,0.10766892703432102,0.35843735089325407
0.525047456717522,0.10881079987590846,0.3661417434065696
0.4661929524786751,0.11695384090329679,0.4168532066180281
0.39061998989080204,0.1283789938906705,0.4810010162185274
0.3364616330962967,0.1369207821309368,0.5266175847727665
0.2895958623564492,0.14440893055552084,0.56599520708803
0.24927318212496533,0.1508606601804704,0.5998661576945644
0.214774362849412,0.1563522754107677,0.6288733617398202
0.18334056541580523,0.161308363850333,0.6553510707338618
0.15857305701059662,0.16516665043041065,0.6762602925589928
0.13932284201586442,0.1681320825357461,0.6925450754483895
0.12434192760661117,0.17042571138926074,0.7052323610041281
0.11371571778439307,0.1720650738637058,0.7142192083519011
0.10633539810863481,0.1732544381357437,0.7204101637556216
0.10235617379487595,0.17399514270279787,0.7236486835023263
0.1006028831629211,0.17450008203306136,0.7248970348040177
0.10010072343150053,0.17494933008243974,0.7249499464860597
0.09997884182843488,0.17560930615482775,0.7244118520167373
0.09984513980737961,0.17705806834241022,0.7230967918502101
0.09934357271052004,0.1825892749822764,0.7180671523072036
0.09735407387500306,0.20457342530955336,0.6980725008154437
0.08932333420099557,0.2939482383311631,0.6167284274678413
0.07623795492394075,0.44174764281341394,0.48201440226264536
0.06449397405891603,0.5766280444902467,0.3588779814508374
0.05486020477093696,0.6887315092522724,0.2564082859767905
0.04562938659527417,0.7971625255994109,0.157208087805315
0.0390331397509476,0.8750290479572618,0.08593781229179076
0.03487018349256548,0.9241843150171826,0.04094550149025201
0.03227135314354699,0.9548119545447257,0.012916692311727408
0.03157755380597125,0.9629719766256951,0.0054504695683336565
0.031317430016119384,0.966029036500346,0.002653533483534485
0.03118579356985619,0.9675755642585868,0.0012386421715570328
0.031124263507229057,0.9682983309679718,0.0005774055247991084
0.03109556244847215,0.9686354437866549,0.00026899376487288343
0.031082187632654187,0.9687925340727007,0.00012527829464493368
0.03107777073668518,0.9689222292633147,0.0
0.03107390058628592,0.9689260994137141,0.0
0.031072098535612422,0.9689279014643876,0.0
0.031071259467625515,0.9689287405323744,0.0
0.03107086878589153,0.9689291312141085,0.0
0.03107068687985161,0.9689293131201484,0.0
0.031070602182427038,0.9689293978175729,0.0
0.03107056274642607,0.9689294372535738,0.0
0.031070544384620265,0.9689294556153797,0.0
0.031070535835179117,0.9689294641648208,0.0
0.031070531854473792,0.9689294681455262,0.0
0.031070530001015683,0.9689294699989842,0.0
0.031070529138028102,0.9689294708619719,0.0
0.031070528736216296,0.9689294712637837,0.0
0.03107052854912487,0.9689294714508752,0.0
0.031070528462012727,0.9689294715379873,0.0
0.0310705284379032,0.9689294715620967,0.0
0.031070528411526875,0.9689294715884731,0.0
0.03107052839732532,0.9689294716026746,0.0
0.031070528390974187,0.9689294716090259,0.0
0.03107052838821084,0.9689294716117891,0.0
0.031070528387015912,0.9689294716129842,0.0
0.031070528386502594,0.9689294716134974,0.0
0.03107052838627749,0.9689294716137224,0.0
0.03107052838617949,0.9689294716138205,0.0
0.03107052838613983,0.9689294716138602,0.0
0.03107052838612164,0.9689294716138784,0.0
0.03107052838611609,0.9689294716138839,0.0
0.03107052838611365,0.9689294716138863,0.0
0.031070528386114186,0.9689294716138858,0.0
0.03107052838611388,0.9689294716138861,0.0
0.031070528386115032,0.968929471613885,0.0
0.031070528386113547,0.9689294716138864,0.0
0.031070528386114384,0.9689294716138857,0.0
