0.2,0.05,0.75
0.19928876301530243,0.05003322770305762,0.75067800928164
0.19731828078311753,0.05012519827016536,0.7525565209467172
0.1966348865709534,0.05015706478007967,0.753208048648967
0.19145242016371114,0.05039819170754733,0.7581493881287416
0.16334736784450143,0.05168638623627079,0.7849662459192277
0.1428795772641995,0.05259420166041599,0.8045262210753845
0.12987494704050678,0.053148484357607086,0.8169765686018862
0.1206742928388401,0.05351896145973542,0.8258067457014245
0.11515774373654962,0.05371594851171953,0.8311263077517309
0.11224939600243063,0.05377965591049557,0.8339709480870738
0.11131027240709776,0.053734391586874874,0.8349553360060273
0.11114292123415397,0.053606057176949204,0.8352510215888969
0.11115547178148341,0.053350023906440794,0.8354945043120757
0.11121746808149865,0.05265763076030954,0.8361249011581918
0.1116138899259294,0.04837490339667191,0.8400112066773986
0.11213621677420528,0.04271526488224694,0.8451485183435479
0.11334751296619668,0.02960324453251293,0.8570492425012903
0.11480747099883949,0.013829632455277689,0.8713628965458827
0.11555883789408854,0.005724555123403324,0.8787166069825082
0.1158823421710997,0.0022375598144354155,0.8818800980144648
0.11598387604840212,0.0011434761063929134,0.8828726478452049
0.11603862623045522,0.0005535786221146407,0.8834077951474302
0.1160670318014275,0.0002475457608165639,0.8836854224377559
0.11607975353387019,0.00011048949994564504,0.8838097569661841
0.11609115599838339,0.0,0.8839088440016166
0.11609052057796762,0.0,0.8839094794220325
0.11609023728330087,0.0,0.8839097627166991
0.11609011100660337,0.0,0.8839098889933966
0.11609005472495215,0.0,0.8839099452750478
0.11609002964122386,0.0,0.8839099703587762
0.11609001846206464,0.0,0.8839099815379354
0.11609001347984786,0.0,0.8839099865201522
0.11609001125943175,0.0,0.8839099887405683
0.11609001026986475,0.0,0.8839099897301352
0.11609000982884689,0.0,0.883909990171153
0.11609000963229985,0.0,0.8839099903677001
0.11609000954470462,0.0,0.8839099904552954
0.11609000950566713,0.0,0.8839099904943328
0.11609000948826957,0.0,0.8839099905117305
0.11609000948051615,0.0,0.8839099905194838
0.11609000947844339,0.0,0.8839099905215566
0.11609000947631917,0.0,0.8839099905236808
0.11609000947517854,0.0,0.8839099905248214
0.1160900094746701,0.0,0.8839099905253298
0.11609000947444927,0.0,0.8839099905255506
0.11609000947435312,0.0,0.8839099905256469
0.11609000947431244,0.0,0.8839099905256876
0.11609000947429325,0.0,0.8839099905257068
0.11609000947428678,0.0,0.8839099905257132
0.11609000947428327,0.0,0.8839099905257167
0.11609000947428254,0.0,0.8839099905257175
0.11609000947428136,0.0,0.8839099905257186
