0.55,0.15,0.3
0.5404512387170113,0.15175851761078765,0.30779024367220104
0.4931449436260364,0.1610854192263151,0.3457696371476486
0.48540847731417985,0.16269535104687086,0.3518961716389494
0.43409557838794394,0.1738320692383532,0.39207235237370286
0.36381900584881927,0.18995052063627013,0.44623047351491063
0.31472739578811304,0.20151018809640472,0.4837624161154822
0.2717773387394918,0.2116971103288782,0.51652555093163
0.2330390326176995,0.22088247036509576,0.5460784970172047
0.20005187851803652,0.2286675134162226,0.5712806080657409
0.1704704617847085,0.2355991258467965,0.5939304123684951
0.1472478071524042,0.24100269633024385,0.6117494965173519
0.1292707356553027,0.2451750934938703,0.6255541708508271
0.11532488080231684,0.24844147242840012,0.6362336467692831
0.10545846329994389,0.25083700447263807,0.6437045322274181
0.09861722275326269,0.25267589921615213,0.6487068780305851
0.09492642562890967,0.25397172525937356,0.6511018491117168
0.09327708432230816,0.25507721924048304,0.6516456964372088
0.09275154079491423,0.25630708293176646,0.6509413762733193
0.09252006255012847,0.25826852197732314,0.6492114154725483
0.09214890330932511,0.2623865843565293,0.6454645123341456
0.09058762859982418,0.27980812396229443,0.6296042474378815
0.08446548236947791,0.34850467359651865,0.5670298440340035
0.07356502260592537,0.4722647564164008,0.4541702209776739
0.06404748095143536,0.5817982330356635,0.35415428601290116
0.05201885689376619,0.7220268701934315,0.22595427291280232
0.04281853405361602,0.8303238084502353,0.12685765749614875
0.03885728212633323,0.8771056154811585,0.08403710239250832
0.03465756749516918,0.9266958488933812,0.038646583611449674
0.03246088331404682,0.9525817000817208,0.014957416604232325
0.03177381794486897,0.9606645706696157,0.007561611385515362
0.031413526703427334,0.9648998137970648,0.003686659499507941
0.031223847832383873,0.967128517666185,0.001647634501431118
0.03113891678940507,0.9681262118285813,0.0007348713820137223
0.031101004254026458,0.9685715272874156,0.0003274684585578176
0.031084103582728066,0.9687700309163038,0.00014586550096821834
0.03107859311368251,0.9689214068863174,0.0
0.031074119634540643,0.9689258803654593,0.0
0.03107213070685353,0.9689278692931464,0.0
