0.05,0.2,0.75
0.05010017811663343,0.19998872920296093,0.7499110926804057
0.050328709923237326,0.1999629658700855,0.7497083242066772
0.05042901541856505,0.19995163543090586,0.7496193491505291
0.05123128264655261,0.19986052432913975,0.7489081930243077
0.05759171090062582,0.19911059561110292,0.7432976934882712
0.07804884118943975,0.19648200674828167,0.7254691520622786
0.08993384772342389,0.19494008151160924,0.7151260707649669
0.09584398064189487,0.19434387231505929,0.7098121470430458
0.09795406834250653,0.19454293908768355,0.70750299256981
0.0981799062409187,0.19513549529770854,0.7066845984613728
0.09810823885581214,0.19622540867201277,0.705666352472175
0.09788497962051808,0.19870403320130015,0.7034109871781817
0.09685731732403959,0.210078128960723,0.6930645537152373
0.09058936040891746,0.27979098964094223,0.6296196499501403
0.07823173527018036,0.41905554913596277,0.502712715593857
0.06711626263415618,0.546334099952988,0.38654963741285586
0.05888261336584033,0.6417781354245172,0.29933925120964244
0.045533731494315936,0.7982929062024419,0.15617336230324225
0.037195600913412896,0.8967365806882003,0.06606781839838693
0.0333798531582591,0.9417579199243357,0.02486222691740521
0.0320452300824379,0.9574724556096692,0.010482314307892952
0.0316297476152439,0.9623584261021825,0.006011826282573631
0.031328190456851486,0.9659026021252101,0.0027692074179385
0.031185094823260606,0.9675837721794545,0.0012311329972849964
0.031121387450108593,0.9683321126058699,0.0005464999440214185
0.031093089971811826,0.9686644836837713,0.0002424263444168432
0.03108053375910106,0.9688119588501157,0.00010750739078332439
0.031079570345046176,0.9689204296549537,0.0
0.03107957034504618,0.9689204296549538,0.0
0.031079505263750345,0.9689204947362496,0.0
0.03107900120153401,0.9689209987984659,0.0
0.031075864937249512,0.9689241350627504,0.0
0.031070683699651554,0.9689293163003485,0.0
0.031068838967585808,0.9689311610324142,0.0
0.031070477625053144,0.9689295223749469,0.0
0.031070526812248384,0.9689294731877516,0.0
0.031070528788945163,0.9689294712110549,0.0
