0.1,0.2,0.7
0.09998206566265219,0.20000507617896454,0.7000128581583833
0.09996777871326971,0.2000091321731413,0.700023089113589
0.09995005071916911,0.2000141803010551,0.7000357689797758
0.09981320089281252,0.2000537464222908,0.7001330526848967
0.09898050119489145,0.2003272033468552,0.7006922954582533
0.09783251149023488,0.2010555397019884,0.7011119488077767
0.09759954733049477,0.20195059842126795,0.7004498542482372
0.09744631023944886,0.2035417646554281,0.6990119251051231
0.09699828714719437,0.208509937015425,0.6944917758373806
0.09514241625645237,0.2290865761409694,0.6757710076025782
0.08647254061279015,0.3259211554585149,0.587606303928695
0.07909905584519258,0.40920177778399885,0.5116991663708086
0.07409135546792633,0.46624687251881924,0.4596617720132545
0.062248462216596655,0.602647141361027,0.3351043964223764
0.04951989750002252,0.7513613370416525,0.199118765458325
0.04071193639168891,0.8551989240565393,0.10408913955177188
0.03681388330663315,0.9012425911659206,0.06194352552744618
0.03343806764097459,0.9410718733758251,0.025490058983200323
0.032074254380649925,0.9571310989265625,0.010794646692787563
0.03160289609443344,0.96267439438429,0.005722709521276439
0.03132883997106888,0.9658950777937485,0.002776082235182614
0.031195502861708052,0.967461457466081,0.0013430396722109218
0.031130912695525523,0.9682201963589012,0.0006488909455733944
0.03109968678093159,0.9685870101883738,0.0003133030306946859
0.031084603162872506,0.968764174189345,0.0001512226477825347
0.03107958884904193,0.9689204111509581,0.0
0.03107490060062581,0.9689250993993742,0.0
0.03107263823874508,0.9689273617612549,0.0
0.03107154650712092,0.9689284534928791,0.0
0.031071019669541143,0.9689289803304588,0.0
0.03107076544660996,0.96892923455339,0.0
0.031070642778887242,0.9689293572211128,0.0
0.031070583587234937,0.9689294164127651,0.0
0.031070555023198415,0.9689294449768017,0.0
0.031070541239261278,0.9689294587607388,0.0
0.031070534588214967,0.968929465411785,0.0
0.031070531379007296,0.9689294686209927,0.0
0.031070530465148734,0.9689294695348513,0.0
0.031070529390110336,0.9689294706098897,0.0
0.031070528828086197,0.9689294711719137,0.0
0.031070528577791627,0.9689294714222084,0.0
0.031070528469037663,0.9689294715309623,0.0
0.031070528421990023,0.9689294715780099,0.0
0.031070528401623675,0.9689294715983764,0.0
0.031070528392815877,0.9689294716071841,0.0
0.031070528389006744,0.9689294716109933,0.0
0.031070528387363155,0.9689294716126368,0.0
0.03107052838665018,0.9689294716133499,0.0
0.031070528386340487,0.9689294716136595,0.0
0.031070528386206754,0.9689294716137933,0.0
0.031070528386150965,0.9689294716138491,0.0
0.031070528386127984,0.968929471613872,0.0
0.031070528386116823,0.9689294716138831,0.0
0.031070528386114498,0.9689294716138854,0.0
0.03107052838611476,0.9689294716138852,0.0
0.031070528386113773,0.9689294716138862,0.0
0.031070528386114554,0.9689294716138854,0.0
0.031070528386114078,0.9689294716138859,0.0
0.031070528386114904,0.9689294716138851,0.0
