0.2,0.2,0.6
0.199183098728137,0.20016576955527382,0.6006511317165892
0.19681199296146767,0.20064670703921866,0.6025412999993137
0.19602979542489027,0.20080528974050993,0.6031649148345999
0.19011047811528653,0.20200416909176983,0.6078853527929436
0.16005247808539136,0.20805681762164763,0.6318907042929611
0.13742611387483353,0.2125733687014641,0.6500005174237025
0.12246507545145488,0.21555814601737,0.6619767785311752
0.11118208865205624,0.21784768905508586,0.670970222292858
0.1036426973900768,0.21946742197179012,0.6768898806381332
0.09882903298283395,0.22068358489846956,0.6804873821186965
0.0966325403676915,0.2215479546474352,0.6818195049848733
0.09586705254081727,0.2223895001568247,0.6817434473023581
0.09564955544939945,0.22353082854196066,0.6808196160086399
0.09544286312229422,0.22574181376270583,0.6788153231149999
0.09481882763536671,0.23267741733909084,0.6725037550255425
0.0919646630142183,0.2644403628694615,0.6435949741163203
0.08041169325522986,0.39430514576082804,0.5252831609839422
0.06840603557463218,0.5314694427933134,0.4001245216320545
0.06427595707049062,0.5791529259384807,0.35657111699102884
0.0568205906188234,0.6658229140148817,0.277356495366295
0.046006377624565255,0.7927227395535243,0.16127088282191032
0.03856121252218488,0.8806036302144612,0.08083515726335379
0.03450011006612817,0.9285530685189444,0.036946821414927486
0.03325988406937968,0.9431731697455374,0.023566946185082885
0.03224033101029235,0.9551773015574562,0.012582367432251388
0.031585448880449,0.9628791704699661,0.005535380649584809
0.03129550229177782,0.9662866729514243,0.00241782475679785
0.031168498048209328,0.9677787337660964,0.001052768185694335
0.03111312976514874,0.9684291056964184,0.0004577645384329654
0.031089041618384387,0.96871203270255,0.00019892567906564735
0.03108125757294894,0.968918742427051,0.0
0.031075188891873207,0.9689248111081268,0.0
0.03107255275240762,0.9689274472475924,0.0
0.031071407693494126,0.9689285923065059,0.0
0.03107091032195591,0.968929089678044,0.0
0.031070694283398714,0.9689293057166013,0.0
0.03107060044503873,0.9689293995549613,0.0
0.031070559685521578,0.9689294403144784,0.0
0.031070541981273937,0.968929458018726,0.0
0.031070534291284743,0.9689294657087153,0.0
0.031070530951073087,0.968929469048927,0.0
0.03107052950022822,0.9689294704997717,0.0
0.03107052887004136,0.9689294711299586,0.0
0.031070528596310074,0.9689294714036899,0.0
0.03107052847741476,0.9689294715225852,0.0
0.03107052842577095,0.968929471574229,0.0
0.031070528403338616,0.9689294715966614,0.0
0.03107052839359473,0.9689294716064053,0.0
0.031070528391043836,0.9689294716089561,0.0
0.03107052838849625,0.9689294716115038,0.0
0.03107052838715633,0.9689294716128436,0.0
0.031070528386560305,0.9689294716134397,0.0
0.03107052838630279,0.9689294716136972,0.0
0.03107052838619092,0.968929471613809,0.0
0.031070528386144557,0.9689294716138555,0.0
0.031070528386123616,0.9689294716138763,0.0
0.031070528386116805,0.9689294716138832,0.0
0.031070528386115938,0.9689294716138841,0.0
0.031070528386113235,0.9689294716138868,0.0
0.031070528386112923,0.9689294716138871,0.0
0.031070528386113336,0.9689294716138867,0.0
0.031070528386113416,0.9689294716138865,0.0
0.031070528386114186,0.9689294716138858,0.0
