0.4,0.2,0.4
0.39523773184613864,0.2012203346984599,0.4035419334554015
0.375584782151758,0.2062904130778486,0.41812480477039343
0.3715057963828219,0.20734877879957817,0.4211454248176
0.3430383817054701,0.2147807085262175,0.4421809097683125
0.29053710799141647,0.22861955008006715,0.48084334192851635
0.24967390169842354,0.23942871087407677,0.5108973874274997
0.21414760224093093,0.24880340099826154,0.5370489967608075
0.18318136325912507,0.25693087424998634,0.5598877624908886
0.15785284652655693,0.2635379312605402,0.5786092222129029
0.13616210312262444,0.26917435889503455,0.5946635379823411
0.11994191073802304,0.27340759384451285,0.6066504954174641
0.10811324252288683,0.276567609418383,0.6153191480587302
0.09968963452610903,0.27897119706529194,0.621339168408599
0.09448086196781466,0.2807224404013823,0.624796697630803
0.09159133174507574,0.28217924960612595,0.6262294186487983
0.09048832576280746,0.28354276823721136,0.6259689059999812
0.09010747868806546,0.2853784284973847,0.6245140928145498
0.08979654946931369,0.2886564796333498,0.6215469708973366
0.08905883672382979,0.2969047796540175,0.6140363836221526
0.08453347566469059,0.34773640878305906,0.5677301155522504
0.07270331804693875,0.48213030802756296,0.44516637392549824
0.06037224581784876,0.6244424741572608,0.3151852800248905
0.04821561151900012,0.7667046562944918,0.18507973218650814
0.03895192934142708,0.8759898036959441,0.08505826696262869
0.035059661784944754,0.9219513308024194,0.04298900741263578
0.03238525392567643,0.9534712255310964,0.01414352054322725
0.03163395673546826,0.9623088987338032,0.0060571445307285865
0.031356318707746515,0.9655720874854218,0.003071593806831767
0.0312021868779467,0.9673829858837304,0.0014148272383227936
0.031129720344173835,0.9682342331975545,0.0006360464582717378
0.031097118990531532,0.968617160546565,0.00028572046290353066
0.031082469286185705,0.9687892255417969,0.00012830517201733218
0.03107768006133528,0.9689223199386647,0.0
0.031073739090183027,0.9689262609098169,0.0
0.031071969792070563,0.9689280302079295,0.0
0.03107117548320739,0.9689288245167926,0.0
0.031070818889559065,0.9689291811104409,0.0
0.031070658802612137,0.9689293411973878,0.0
0.03107058693431122,0.9689294130656888,0.0
0.031070554670291604,0.9689294453297084,0.0
0.03107054018592949,0.9689294598140705,0.0
0.0310705336834314,0.9689294663165686,0.0
0.03107053076425119,0.9689294692357489,0.0
0.031070529453735812,0.9689294705462641,0.0
0.031070528865403894,0.9689294711345962,0.0
0.031070528601283,0.9689294713987171,0.0
0.031070528482710382,0.9689294715172896,0.0
0.031070528429480358,0.9689294715705197,0.0
0.03107052840558214,0.9689294715944179,0.0
0.03107052839485408,0.9689294716051459,0.0
0.03107052839196825,0.9689294716080318,0.0
0.0310705283889945,0.9689294716110054,0.0
0.031070528387379462,0.9689294716126206,0.0
0.031070528386657508,0.9689294716133425,0.0
0.03107052838634325,0.9689294716136567,0.0
0.031070528386208524,0.9689294716137915,0.0
0.031070528386153727,0.9689294716138463,0.0
0.03107052838612642,0.9689294716138735,0.0
0.03107052838611798,0.968929471613882,0.0
0.03107052838611525,0.9689294716138848,0.0
0.031070528386114894,0.9689294716138851,0.0
0.03107052838611302,0.968929471613887,0.0
0.03107052838611542,0.9689294716138845,0.0
0.031070528386114845,0.9689294716138852,0.0
0.031070528386113933,0.9689294716138861,0.0
