0.45,0.2,0.35
0.44360142405524916,0.20169579345686578,0.35470278248788506
0.41552439895869525,0.20926125831476944,0.3752143427265353
0.4102494809406912,0.21070220536465126,0.3790483136946576
0.3742948167075421,0.2206503438125226,0.40505483947993526
0.3181037339209304,0.23649152036870996,0.44540474571035954
0.27428161793923994,0.24895973545866878,0.4767586466020914
0.23564235280576995,0.259961942213839,0.5043957049803911
0.20130199643977364,0.2697073428644297,0.5289906606957966
0.17264934881312954,0.27779538803239884,0.5495552631544716
0.14767284991356505,0.2848108284706685,0.5675163216157664
0.1285199399892839,0.29018775958327986,0.5812923004274363
0.1140883885704154,0.2942845126313213,0.5916270987982634
0.10328664994091717,0.29746630023225334,0.5992470498268294
0.096044470596813,0.2998106402281785,0.6041448891750085
0.09144414770578826,0.301690575209695,0.6068652770845169
0.08928793488090009,0.3032177857338057,0.6074942793852942
0.08846724278081058,0.3049056849575369,0.6066270722616526
0.08813806691680418,0.30730378322500446,0.6045581498581913
0.08771739183490744,0.3119428009731422,0.6003398071919505
0.08650903548890074,0.32550824144451096,0.5879827230665883
0.07512919218999586,0.45439243254782585,0.47047837526217823
0.06270978523032172,0.5972960686209665,0.3399941461487118
0.04976988753514669,0.7484316561921599,0.2017984562726935
0.041453070895013475,0.8464458936181729,0.11210103548681367
0.03752647934484984,0.8928260466830731,0.06964747397207705
0.033863975137442326,0.9360540362535924,0.0300819886089652
0.032157752666509276,0.9561488402614913,0.011693407071999458
0.031734568823649355,0.9611260799937326,0.007139351182617996
0.031403476029485615,0.9650179321939722,0.0035785917765421772
0.03122010809506778,0.9671724540763768,0.0016074378285555278
0.031137591535122276,0.9681417798559406,0.0007206286089370635
0.03110056817774225,0.96857664991231,0.0003227819099478134
0.031083978663591538,0.9687714984444772,0.00014452289193133495
0.03107856032714513,0.9689214396728548,0.0
0.03107412358631346,0.9689258764136864,0.0
0.031072137617010095,0.9689278623829899,0.0
0.031071248681088116,0.9689287513189119,0.0
0.031070850790503545,0.9689291492094965,0.0
0.031070672694263397,0.9689293273057367,0.0
0.03107059297837269,0.9689294070216273,0.0
0.031070557297569745,0.9689294427024302,0.0
0.031070541326861868,0.9689294586731381,0.0
0.031070534178384155,0.9689294658216159,0.0
0.031070530978730207,0.9689294690212698,0.0
0.031070529546567378,0.9689294704534326,0.0
0.03107052890553189,0.968929471094468,0.0
0.031070528618605594,0.9689294713813944,0.0
0.031070528490176795,0.9689294715098232,0.0
0.03107052843269344,0.9689294715673066,0.0
0.03107052841727634,0.9689294715827236,0.0
0.03107052840137915,0.9689294715986208,0.0
0.031070528392843588,0.9689294716071564,0.0
0.031070528389029753,0.9689294716109702,0.0
0.03107052838736964,0.9689294716126304,0.0
0.031070528386651832,0.9689294716133482,0.0
0.03107052838634463,0.9689294716136553,0.0
0.031070528386209162,0.9689294716137908,0.0
0.031070528386151552,0.9689294716138485,0.0
0.031070528386126905,0.9689294716138731,0.0
0.03107052838611855,0.9689294716138814,0.0
0.03107052838611527,0.9689294716138847,0.0
0.03107052838611402,0.968929471613886,0.0
0.03107052838611424,0.9689294716138857,0.0
0.03107052838611397,0.9689294716138861,0.0
0.031070528386114193,0.9689294716138859,0.0
0.031070528386112992,0.968929471613887,0.0
