0.6,0.2,0.2
0.5894792151433201,0.20249901502224638,0.20802176983443355
0.529402288842514,0.21857779661030816,0.25201991454717787
0.5201076689295774,0.22131015007786492,0.25858218099255764
0.4584502436840927,0.24071608896349758,0.30083366735240974
0.39180099019262693,0.26336482785871684,0.34483418194865617
0.33687480140082066,0.2826995770169268,0.38042562158225257
0.291210667381154,0.2989806771613911,0.40980865545745504
0.250790768191553,0.31344425722198777,0.4357649745864593
0.21423759321097582,0.3265127100097094,0.4592496967793149
0.1832293924840191,0.33756452993354197,0.479206077582439
0.1555005555437629,0.34741393635322254,0.4970855081030146
0.13377890942657847,0.35512499750358517,0.5110960930698364
0.11696526763793633,0.36113811853443123,0.5218966138276324
0.10388023797889473,0.36593614107406036,0.530183620947045
0.0945446187146542,0.3695787696205739,0.535876611664772
0.08794908150455458,0.3725576612326246,0.5394932572628208
0.0842564739083591,0.3748850898979449,0.5408584361936961
0.0824686513516926,0.3771274416079743,0.5404039070403331
0.08176920394553698,0.37979420013927917,0.5384365959151839
0.08132368322704132,0.38402469647289805,0.5346516203000606
0.08052733068589217,0.39300423877506013,0.5264684305390478
0.07775643073034944,0.42445907267015703,0.4977844965994936
0.06298248900558015,0.594134176089406,0.3428833349050139
0.05007392880128718,0.7448512138487712,0.20507485734994163
0.041199709959544695,0.8494379140496326,0.10936237599082274
0.0375946194218362,0.8920220403754197,0.07038334020274419
0.03390035066226079,0.9356233923311489,0.03047625700659029
0.032322432435077236,0.9542110178934806,0.013466549671442118
0.031815395263164514,0.960175715595813,0.008008889141022485
0.03143323620760548,0.964668208287082,0.0038985555053124366
0.031245022505400545,0.9668797594668577,0.0018752180277418094
0.0311515313979115,0.9679780389875218,0.0008704296145667554
0.0311080933534256,0.9684882636381871,0.0004036430083873342
0.031087940885852917,0.9687249619884297,0.00018709712571742763
0.031081292770162035,0.968918707229838,0.0
0.031075516177379452,0.9689244838226205,0.0
0.031072839482888265,0.9689271605171118,0.0
0.031071599223973723,0.9689284007760263,0.0
0.031071024552482465,0.9689289754475174,0.0
0.031070758281369633,0.9689292417186304,0.0
0.03107063490638753,0.9689293650936125,0.0
0.031070577741476132,0.9689294222585239,0.0
0.03107055125454306,0.968929448745457,0.0
0.031070538982024134,0.9689294610179758,0.0
0.031070533295646362,0.9689294667043536,0.0
0.031070530660908015,0.9689294693390921,0.0
0.031070529440122566,0.9689294705598774,0.0
0.031070528874479673,0.9689294711255203,0.0
0.031070528612395194,0.9689294713876048,0.0
0.03107052849095875,0.9689294715090412,0.0
0.031070528434692907,0.9689294715653071,0.0
0.031070528408622657,0.9689294715913773,0.0
0.031070528396542393,0.9689294716034577,0.0
0.03107052839094687,0.9689294716090532,0.0
0.031070528389402708,0.9689294716105974,0.0
0.031070528387734147,0.968929471612266,0.0
0.03107052838682476,0.9689294716131752,0.0
0.031070528386417367,0.9689294716135827,0.0
0.03107052838623899,0.968929471613761,0.0
0.031070528386164063,0.9689294716138359,0.0
0.03107052838613391,0.9689294716138661,0.0
0.03107052838611919,0.9689294716138809,0.0
0.031070528386115626,0.9689294716138844,0.0
0.03107052838611376,0.9689294716138863,0.0
0.031070528386113933,0.9689294716138861,0.0
0.03107052838611339,0.9689294716138867,0.0
0.031070528386114904,0.9689294716138851,0.0
0.031070528386115383,0.9689294716138847,0.0
