0.1,0.25,0.65
0.09995644162014862,0.2500121980145772,0.6500313603652742
0.09990248529773893,0.2500273351433727,0.6500701795588884
0.09985946095639865,0.25003942732030343,0.6501011117232979
0.09952551021174624,0.25013397793062553,0.6503405118576283
0.09740421210647396,0.25077325856544075,0.6518225293280853
0.09418935328504434,0.25209663193801307,0.6537140147769427
0.0931320322978532,0.25329469242824526,0.6535732752739016
0.09284111747229669,0.25479402829811754,0.6523648542295858
0.09257722925465964,0.257607107565748,0.6498156631795924
0.09185212340124299,0.26567905876134384,0.6424688178374132
0.0880356339506674,0.3083716299751965,0.6035927360741362
0.0818878805364737,0.3776036091465819,0.5405085103169444
0.07140575771107717,0.4969972806534435,0.43159696163547945
0.06200247859383862,0.6055038563061343,0.3324936651000271
0.04911322412292476,0.7561425018239261,0.1947442740531492
0.04043332667046219,0.8584896298841347,0.10107704344540316
0.03674624577401582,0.9020415505484596,0.06121220367752456
0.03338863246611472,0.9416546489836417,0.024956718550243662
0.03206112980160105,0.9572856189212532,0.0106532512771458
0.03159246806806869,0.9627969528780149,0.005610579053916367
0.031323731083468476,0.9659550570785895,0.0027212118379420706
0.031193017177696312,0.9674906566644431,0.0013163261578606046
0.031129706443013647,0.9682343781918245,0.0006359153651619251
0.031099101304161766,0.9685938884363563,0.000307010259481991
0.031084319118340364,0.9687675066329877,0.00014817424867196328
0.031079405428432013,0.968920594571568,0.0
0.031074811705942666,0.9689251882940573,0.0
0.031072595228851987,0.968927404771148,0.0
0.031072168588557637,0.9689278314114423,0.0
