0.35,0.25,0.4
0.3464913135956841,0.2511004493986069,0.402408237005709
0.3328105698669614,0.25540101722076197,0.4117884129122767
0.3297078919511053,0.25637827786160405,0.4139138301872907
0.3076028865037115,0.2633568055588696,0.42904030793741893
0.2591245126804608,0.27871406564188983,0.4621614216776494
0.221857220904017,0.2905154768811007,0.4876273022148823
0.18990476006815993,0.30059763075401236,0.5094976091778277
0.1625183920518104,0.3092000208905101,0.5282815870576796
0.14048391293573287,0.3161020949700047,0.5434139920942624
0.12187091769378913,0.32195377630670385,0.556175305999507
0.10823693163541458,0.3263246044910214,0.5654384638735641
0.09855950384042513,0.32959490295073457,0.5718455932088403
0.0919449881247538,0.332129900154351,0.5759251117208952
0.08811017402086123,0.3340916902351301,0.5777981357440086
0.08617302634543866,0.33597184025039467,0.5778551334041666
0.08547217249507304,0.33810772489073476,0.5764201026141923
0.08509693718476712,0.3414312324660525,0.5734718303491805
0.08448840711056979,0.34823707279073024,0.5672745200987
0.08235398876596443,0.37232994766641075,0.5453160635676249
0.07815697567803029,0.4199060768357795,0.5019369474861901
0.06660482154699467,0.5522359879555163,0.38115919049748903
0.05321097406081645,0.7080391469386216,0.23874987900056194
0.041337793441827926,0.8478075090412555,0.11085469751691658
0.0365581331325353,0.9042626095641759,0.05917925730328877
0.03340365245805821,0.9414778723841228,0.025118475157818898
0.032038780746249725,0.9575483402654626,0.010412878988287607
0.03156642438319867,0.9631028216607238,0.005330753956077594
0.031303994342986696,0.9661868947722833,0.002509110884730113
0.031175095021333237,0.9677012257145385,0.0011236792641283121
0.031117297461713617,0.9683801534015939,0.0005025491366925049
0.031091432912057106,0.9686839471031998,0.00022461998474313633
0.031079869441277826,0.9688197616521694,0.00010036890655272832
0.031076095392278156,0.9689239046077218,0.0
0.031073015441337205,0.9689269845586628,0.0
0.031071639462941357,0.9689283605370587,0.0
0.031071024750356308,0.9689289752496436,0.0
0.031070988633817204,0.9689290113661828,0.0
