0.35000000000000003,0.30000000000000004,0.35000000000000003
0.34638040564680744,0.30139892120282324,0.35222067315036926
0.3321354094264334,0.30691686018968434,0.3609477303838822
0.3289496654527213,0.3081533047008256,0.36289702984645317
0.3063173409584878,0.31695720419687246,0.3767254548446397
0.25817203601256633,0.33575171250577723,0.4060762514816565
0.22083506201716752,0.3503326250279137,0.4288323129549188
0.18860616667455074,0.36288989968115964,0.44850393364428964
0.1608058417014186,0.37369106993145024,0.4655030883671312
0.13828345674541012,0.38243397861678313,0.4792825646378067
0.11909667422836588,0.3899229596486666,0.4909803661229677
0.10484763044986045,0.39559916059444394,0.4995532089556956
0.09451408943452835,0.39992772879074556,0.5055581817747261
0.08718912929812263,0.4033641059259158,0.5094467647759616
0.08266964527850777,0.40607733198906504,0.5112530227324272
0.08013589679854892,0.40865387990619856,0.5112102232952525
0.07908881430450838,0.41142605850069347,0.5094851271947982
0.07856443476131501,0.4154291747436887,0.5060063904949964
0.07790760399937423,0.4227424547062532,0.4993499412943726
0.07625226595171801,0.4415797860187809,0.48216794802950114
0.06633362331126194,0.5553569968297671,0.378309379858971
0.05259647346293499,0.7152455705709541,0.23215795596611105
0.0452096435263971,0.8021155869698718,0.15267476950373104
0.03932339174347944,0.8715991997845743,0.0890774084719462
0.0348451265475073,0.9244790543321327,0.04067581912036001
0.03231551420336182,0.9542915843860826,0.013392901410555639
0.03162093842561451,0.962462456632864,0.005916604941521444
0.031311906446377956,0.9660939665983305,0.002594126955291671
0.03117601824760836,0.967690397918685,0.0011335838337064974
0.031116560211774568,0.9683888138814535,0.0004946259067719549
0.031090601410611703,0.9686937132270318,0.00021568536235658546
0.031082201516578714,0.9689177984834213,0.0
0.031075616239118146,0.9689243837608819,0.0
0.031072745922334166,0.9689272540776658,0.0
0.031071494886592596,0.9689285051134074,0.0
0.03107094962778254,0.9689290503722174,0.0
0.031070748134734805,0.9689292518652652,0.0
