0.45,0.3,0.25
0.44309137510209745,0.30296838828118244,0.2539402366167201
0.4120893187189519,0.31650925421235926,0.27140142706868886
0.4065158872297201,0.31897575685142787,0.27450835591885203
0.3689864108730921,0.3357715275207421,0.29524206160616584
0.315475335565857,0.3600913908765569,0.32443327355758617
0.2725172464403619,0.3797682315349825,0.3477145220246556
0.23386887619229185,0.3975037685270627,0.3686273552806455
0.19892413638713563,0.41352584914486323,0.387550014468001
0.16931121714041936,0.4270781279613472,0.4036106548982334
0.14317570798861742,0.43902906189394,0.4177952301174426
0.1227333202286742,0.4484098390175054,0.42885684075382036
0.10691646465041443,0.4557655741185583,0.43731796123102723
0.09457586702625001,0.46170098806332743,0.4437231449104226
0.08571049984661802,0.46629530536335667,0.4479941947900253
0.07935091509678067,0.4701753125648295,0.4504737723383898
0.07568191554899815,0.47334277874346764,0.45097530570753425
0.07383900973544731,0.4763898164107851,0.44977117385376764
0.07297625481150569,0.48016578901081547,0.4468579561776789
0.07237256092533913,0.4859816114462165,0.44164582762844445
0.07135377688064323,0.497592310339012,0.43105391278034483
0.06828181068473077,0.5329005346989226,0.3988176546163466
0.05486562059135436,0.6886670496808727,0.2564673297277729
0.04253039817431468,0.8337333978923078,0.12373620393337759
0.03701405572246471,0.8988806679189851,0.06410527635855023
0.03355885352536335,0.9396498403115487,0.02679130616308785
0.032736945082411296,0.9493320412188989,0.017931013698689758
0.03201266630820149,0.9578556512905787,0.010131682401219864
0.031481276264581734,0.964103597698332,0.004415126037086294
0.03124852225400681,0.966838639116677,0.0019128386293160633
0.031147455150072757,0.9680259188305477,0.000826626019379506
0.03110373675412636,0.9685394334912248,0.0003568297546486906
0.031084856875654324,0.9687611837582343,0.00015395936611131732
0.031078773473089807,0.9689212265269103,0.0
0.031074084675557,0.9689259153244429,0.0
0.0310720622648817,0.9689279377351183,0.0
0.031071189964872913,0.9689288100351271,0.0
0.03107081373133093,0.9689291862686691,0.0
0.03107065833742074,0.9689293416625793,0.0
