0.15,0.35,0.5
0.14957714323596474,0.3501503303048105,0.5002725264592247
0.14849530504973324,0.3505349432733922,0.5009697516768745
0.14808458958685106,0.35068096367216095,0.5012344467409879
0.14493285743885592,0.3518015979473305,0.5032655446138137
0.12610971159123427,0.3585102245724385,0.5153800638363273
0.10930623272227823,0.3645879457615038,0.526105821516218
0.09857189091468656,0.3686384637337783,0.5327896453515352
0.09082877336368747,0.3718513271839485,0.5373198994523641
0.08584510118932538,0.37441825430090514,0.5397366445097695
0.08319847272975536,0.37659194025498627,0.5402095870152585
0.08199376717470118,0.37902831538565646,0.5389779174396423
0.08149482968350459,0.38227871525303303,0.5362264550634623
0.08096690209879719,0.38802954345224966,0.5310035544489531
0.07969535961773094,0.4024313674189259,0.5178732729633432
0.07258790733678391,0.4834430753367978,0.44396901732641825
0.05874670948856943,0.6433585511829254,0.2978947393285052
0.04572034742312603,0.7960918536864613,0.15818779889041268
0.03744270989633764,0.8938178914095648,0.06873939869409756
0.03354462767090866,0.9398165292696105,0.026638843059480905
0.03220688897385975,0.9555705213041407,0.01222258972199961
0.031722455998900286,0.9612688130621937,0.0070087309389060114
0.03138439229782464,0.9652423031420386,0.003373304560136714
0.0312210967336103,0.9671608109624651,0.0016180923039246183
0.031142639144086742,0.9680824695029587,0.0007748913529543897
0.031105036380529714,0.9685241689662529,0.0003707946532174123
0.03108703507474712,0.9687356025511157,0.00017736237413728065
0.031081058996879123,0.9689189410031208,0.0
0.031075563948214976,0.968924436051785,0.0
0.031072936284602025,0.968927063715398,0.0
0.031071679780256524,0.9689283202197435,0.0
0.031071078946735844,0.9689289210532641,0.0
0.03107082094191872,0.9689291790580812,0.0
