0.2,0.35,0.45
0.19907496832828273,0.3503505992259369,0.4505744324457804
0.19627769444137885,0.3514105987646207,0.45231170679400046
0.19539528343740775,0.3517449154148516,0.4528598011477407
0.18873364670444567,0.3542677780412779,0.45699857525427656
0.15706482275140166,0.36623910432173945,0.47669607292685884
0.13258737198621315,0.3754873701368424,0.49192525787694447
0.115927517052582,0.3818329934655222,0.5022394894818959
0.10279745223235384,0.3869603380916017,0.5102422096760445
0.09336090501424528,0.39087382331118614,0.5157652716745686
0.08651267219432365,0.3941385179811705,0.5193488098245058
0.0825957821245326,0.39669468121175366,0.5207095366637138
0.08063051833302436,0.39913674056355236,0.5202327411034232
0.07983498465764789,0.40198128098328195,0.5181837343590702
0.0793529960516887,0.40638136726359975,0.5142656366847115
0.07855996537224019,0.4153257231355297,0.5061143114922302
0.07605160981253953,0.4438710747189848,0.4800773154684757
0.06199944054553925,0.605535757288725,0.3324648021657357
0.0475973144230263,0.773983184641257,0.1784195009357168
0.042079331684356576,0.8390499880910097,0.1188706802246337
0.0374221872195381,0.8940582944316462,0.06851951834881576
0.033806911870054024,0.9367255891233373,0.029467499006608736
0.03231226578507915,0.9543307329941165,0.013357001220804306
0.03177882578855313,0.9606057219561253,0.007615452255321666
0.03140972614555526,0.9649444931062867,0.003645780748158082
0.031230342180681377,0.9670522269402112,0.0017174308791074579
0.031143745383185383,0.9680694966093092,0.0007867580075054119
0.03110404027186634,0.9685358692985985,0.00036009042953517075
0.031085860340000035,0.9687493983153627,0.00016474134463737245
0.03107988350582055,0.9689201164941794,0.0
0.031074807010258294,0.9689251929897417,0.0
0.031072485205439707,0.9689275147945603,0.0
0.03107142332539408,0.9689285766746059,0.0
0.031070937679472648,0.9689290623205273,0.0
0.031070768254042008,0.968929231745958,0.0
