0.1,0.45,0.45
0.10281611620711545,0.4470499396072348,0.4501339441856498
0.1190347370095392,0.4301905318866919,0.450774731103769
0.12227271957953961,0.4268483908143247,0.45087888960613576
0.15048302758381166,0.3980023174649949,0.4515146549511935
0.25687208035070774,0.29225031418563385,0.4508776054636585
0.37078266984710245,0.18325229101482873,0.44596503913806895
0.46704147699090337,0.09612029574510911,0.4368382272639874
0.5162037370371806,0.05542769059264141,0.42836857237017795
0.566360418476016,0.020717778688247045,0.41292180283573693
0.5887002713753465,0.009880526906660147,0.40141920171799333
0.6044940998101724,0.004867530904647166,0.39063836928518036
0.6168868544492382,0.0024844584490560442,0.38062868710170583
0.6273268650646409,0.0013133844605898938,0.37135975047476916
0.6371452393976313,0.0006874973375431718,0.3621672632648255
0.6463890624428212,0.0003613141318130931,0.35324962342536576
0.6552158599738706,0.0001905567326874567,0.34459358329344203
0.6633778919909289,0.00010341441322936008,0.33651869359584174
0.6713137585657671,0.0,0.32868624143423286
0.6790223456989285,0.0,0.32097765430107145
0.6866696376493593,0.0,0.3133303623506407
0.6905200148506405,0.0,0.3094799851493595
0.6970026765392643,0.0,0.30299732346073566
0.7039623267682821,0.0,0.29603767323171803
0.7104692369667739,0.0,0.2895307630332261
0.7167537977909666,0.0,0.2832462022090335
0.7228350390922289,0.0,0.27716496090777104
0.7287163767205505,0.0,0.2712836232794495
0.734168178416642,0.0,0.26583182158335805
0.7394202684630882,0.0,0.26057973153691194
0.7444947231184693,0.0,0.2555052768815306
0.7494059847368727,0.0,0.25059401526312725
0.7539965016591584,0.0,0.24600349834084162
0.7585871307509594,0.0,0.24141286924904057
0.762566426336198,0.0,0.237433573663802
0.7663243376519017,0.0,0.23367566234809836
0.7700870806810592,0.0,0.22991291931894076
0.7734122597750557,0.0,0.2265877402249443
0.7764361799141766,0.0,0.22356382008582346
0.7790369369334395,0.0,0.22096306306656055
0.7813180385977453,0.0,0.21868196140225474
0.7832595210028624,0.0,0.21674047899713766
0.7847887906138272,0.0,0.21521120938617289
0.7859661187540491,0.0,0.21403388124595088
0.7867198952290224,0.0,0.21328010477097759
0.78715584160921,0.0,0.21284415839079
0.7873465611743631,0.0,0.21265343882563692
0.7873900843347488,0.0,0.21260991566525117
0.7874132319242558,0.0,0.21258676807574414
0.7874149218954715,0.0,0.2125850781045286
0.7874149633383907,0.0,0.21258503666160927
0.7874149657202393,0.0,0.21258503427976075
0.7874149658209659,0.0,0.21258503417903404
0.787414965822169,0.0,0.21258503417783095
0.7874149658221753,0.0,0.21258503417782476
