0.1,0.55,0.35
0.1018681934990447,0.5480509367832245,0.35008086971773084
0.1111390990134806,0.5384134482623746,0.3504474527241448
0.11318493283944657,0.5362939455270674,0.350521121633486
0.13067479346898728,0.5182661864904032,0.35105902004060946
0.2435378543774067,0.4044434712768652,0.35201867434572814
0.3831228683638331,0.2673705512547853,0.34950658038138155
0.4794078838007091,0.17527824394573216,0.34531387225355875
0.5519538835502396,0.10823951422577163,0.3398066022239888
0.6128853505644236,0.055415959800958405,0.331698689634618
0.6489625359053766,0.027812931488005076,0.3232245326066184
0.6668345543937941,0.0163959220025314,0.3167695236036745
0.6820251945471434,0.008757818400974697,0.30921698705188194
0.692937748485858,0.004844296542943933,0.3022179549711982
0.7022834816322012,0.0026188789469086854,0.2950976394208902
0.7098573652058501,0.0014836496034651746,0.2886589851906847
0.7166556057853323,0.0008511542963805885,0.28249323991828723
0.7227930586576602,0.0004998496838142262,0.27670709165852553
0.7290264524029759,0.00028401108149986174,0.27068953651552413
0.734668540326831,0.00016716594200052792,0.26516429373116845
0.7401606391402322,0.0,0.2598393608597677
0.7453134607374852,0.0,0.2546865392625149
0.7502498755950096,0.0,0.24975012440499042
0.7547773620228483,0.0,0.24522263797715166
0.7590887310027712,0.0,0.2409112689972288
0.7631949192926005,0.0,0.23680508070739953
0.7669519591032331,0.0,0.23304804089676687
0.7706656481481345,0.0,0.22933435185186543
0.7739391712947576,0.0,0.22606082870524238
0.7769079385682311,0.0,0.22309206143176882
0.7794518908863076,0.0,0.22054810911369235
0.7816724490303734,0.0,0.2183275509696267
0.7835498183600175,0.0,0.21645018163998256
0.7850147587620984,0.0,0.2149852412379016
0.7861219057260962,0.0,0.2138780942739038
0.7868151089598218,0.0,0.2131848910401783
0.7872025932257968,0.0,0.21279740677420322
0.7873632075312869,0.0,0.21263679246871317
0.7873974298421006,0.0,0.21260257015789943
0.7874138641031186,0.0,0.2125861358968814
0.7874148181639492,0.0,0.21258518183605085
0.7874148422869987,0.0,0.21258515771300135
0.7874148438209094,0.0,0.21258515617909052
0.7874148438731089,0.0,0.21258515612689108
0.7874148438735696,0.0,0.2125851561264303
0.7874148438735705,0.0,0.21258515612642945
