0.45,0.25,0.3
0.4525931611212177,0.24749097177366997,0.2999158671051123
0.4630561992458473,0.23738098078088624,0.2995628199732665
0.4655786573910179,0.23494698859375668,0.2994743540152255
0.48523731246991325,0.2160254029582015,0.29873728457188525
0.5888741421742475,0.11822513812279675,0.29290071970295584
0.6543909755780343,0.05982382935187151,0.2857851950700943
0.6919912655360398,0.029664275638167762,0.27834445882579234
0.703351631214918,0.021636279267849765,0.27501208951723216
0.7186513468819936,0.012269047089690621,0.26907960602831577
0.7295025939278228,0.007078448700425746,0.26341895737175147
0.7376919132820068,0.004190221038838782,0.2581178656791545
0.7443711397519801,0.002528010341903792,0.2531008499061162
0.7501209320929975,0.001549718341791422,0.2483293495652112
0.755426005477991,0.0009480720743302337,0.2436259224476789
0.760117974999893,0.0005974089930382823,0.23928461600706885
0.7645016026445209,0.00038053129078334573,0.23511786606469573
0.7667497942332169,0.0003000018689188448,0.2329502038978643
0.7705197777801772,0.0001995841314443698,0.22928063808837848
0.7738433669084923,0.0001381686184967505,0.2260184644730109
0.776916446110847,0.0,0.22308355388915307
0.7795536592446078,0.0,0.22044634075539216
0.7817523400457259,0.0,0.21824765995427411
0.7836051394377141,0.0,0.21639486056228585
0.7850447100759712,0.0,0.2149552899240288
0.7861413223274349,0.0,0.2138586776725651
0.786824509187043,0.0,0.21317549081295697
0.7872040045852374,0.0,0.21279599541476257
0.7873597581238971,0.0,0.21264024187610286
0.7873925273535459,0.0,0.21260747264645408
0.787407982963181,0.0,0.21259201703681896
0.7874088436993298,0.0,0.21259115630067016
0.7874088658398916,0.0,0.2125911341601084
0.7874088672859788,0.0,0.2125911327140212
0.787408867344693,0.0,0.21259113265530696
0.7874088673451017,0.0,0.21259113265489818
0.7874088673451001,0.0,0.2125911326549
0.7874089763325451,0.0,0.21259102366745483
0.7874097809604237,0.0,0.2125902190395764
0.7874133303983412,0.0,0.21258666960165878
0.787415176498784,0.0,0.212584823501216
0.7874192610860561,0.0,0.21258073891394394
0.7874150233502778,0.0,0.21258497664972228
0.7874149666945848,0.0,0.2125850333054151
0.7874149660089798,0.0,0.21258503399102022
0.7874149659863837,0.0,0.21258503401361636
