0.5,0.25,0.25
0.5013585126233442,0.2486798064499793,0.24996168092667645
0.5058153349515244,0.24435078179435346,0.24983388325412212
0.5071534078420037,0.24305171040217505,0.2497948817558213
0.5176832960632742,0.23283928151803762,0.24947742241868825
0.5901998674138935,0.16313184453103638,0.2466682880550701
0.6677700531193272,0.09058844486814803,0.2416415020125246
0.7156908667340312,0.04823707397275386,0.23607205929321495
0.7369322179343095,0.03093529434037937,0.23213248772531114
0.7514331230329521,0.020194138015489714,0.22837273895155827
0.7610624101854716,0.013855829953638897,0.22508175986088952
0.7680996962286658,0.00980674388135791,0.2220935598899763
0.7731248329833769,0.007303792367205517,0.21957137464941756
0.776933022423007,0.005659240391892164,0.2174077371851008
0.7785939970548099,0.0050155833346916855,0.21639041961049849
0.7809634414017332,0.004177812020116788,0.21485874657814996
0.7824853053667677,0.003690244394666482,0.21382445023856583
0.7834518386024618,0.0034011468389583297,0.21314701455857984
0.7839574499687385,0.003256240807552539,0.21278630922370895
0.7841030869332314,0.0032153074566464027,0.21268160561012225
0.7842171753543468,0.0031834878697076315,0.21259933677594556
0.7842358296645199,0.0031783064117535138,0.21258586392372664
0.7842369497824594,0.0031779943188989814,0.21258505589864163
0.784236995657326,0.003177968881919839,0.21258503546075427
0.7842370051426529,0.0031779607872265947,0.2125850340701206
0.7842370052200928,0.0031779607657434197,0.2125850340141638
0.784237006872197,0.003177959114599638,0.21258503401320336
0.7842370068739558,0.0031779591124398363,0.21258503401360435
