0.3,0.3,0.4
0.3044593285398434,0.2956515576617632,0.3998891137983935
0.32619872372416925,0.2745224235605043,0.3992788527153264
0.33062945764442264,0.2702305590592836,0.39913998329629374
0.3655160493485252,0.2366193381776536,0.3978646124738212
0.49060023059432756,0.11973142648383267,0.38966834292183977
0.5553740621823522,0.06356634029519975,0.381059597522448
0.6019872659700851,0.028270863286679177,0.3697418707432358
0.6291837699582463,0.012452885128177195,0.3583633449135766
0.6432257529884503,0.00675235738375858,0.3500218896277912
0.6539775724793512,0.0037750867551298558,0.34224734076551894
0.6630997648066502,0.002133176779155119,0.33476705841419463
0.6712210759005233,0.0012169631471274165,0.32756196095234924
0.6787101562492276,0.0006990258990721029,0.32059081785170024
0.6857683237133225,0.0004036397784948789,0.31382803650818253
0.692511049673809,0.00023405265137365445,0.3072548976748173
0.6990118254970162,0.00013612518972252693,0.3008520493132612
0.7056352192368727,0.0,0.2943647807631273
0.7120958537940647,0.0,0.2879041462059353
0.7183611757423067,0.0,0.2816388242576932
0.721912200464351,0.0,0.27808779953564905
0.7271098146734578,0.0,0.2728901853265422
0.7329459835478187,0.0,0.26705401645218135
0.7383774434437199,0.0,0.2616225565562801
0.743588386083611,0.0,0.25641161391638895
0.7485877593950332,0.0,0.2514122406049668
0.7531808105288321,0.0,0.24681918947116782
0.7575598040027823,0.0,0.24244019599721756
0.7617333114965207,0.0,0.23826668850347926
0.7657038423404233,0.0,0.23429615765957668
0.7693349034373889,0.0,0.23066509656261114
0.7728461682823323,0.0,0.22715383171766768
0.7757947682666149,0.0,0.22420523173338516
0.7786321246203408,0.0,0.22136787537965913
0.7810030173747785,0.0,0.21899698262522152
0.7830122400426466,0.0,0.21698775995735348
0.7845800955960738,0.0,0.21541990440392617
0.7857839340600143,0.0,0.2142160659399856
0.7866009450755889,0.0,0.21339905492441122
0.7871003424053274,0.0,0.21289965759467264
0.7873253157285428,0.0,0.21267468427145722
0.7874005857425983,0.0,0.2125994142574017
0.7874140481751426,0.0,0.2125859518248574
0.7874148999647861,0.0,0.2125851000352139
0.7874149587278699,0.0,0.2125850412721301
0.7874149619676152,0.0,0.21258503803238482
0.7874149621161227,0.0,0.2125850378838773
0.787414962128069,0.0,0.21258503787193092
0.7874149621174321,0.0,0.21258503788256783
