0.5,0.4,0.1
0.4915479313622152,0.40720327761302944,0.10124879102475537
0.44671952308075963,0.4457123260261018,0.1075681508931387
0.4467195230807595,0.44571232602610167,0.10756815089313868
0.4383209841768216,0.4529864004408644,0.10869261538231408
0.3727459192908833,0.5104930303233284,0.1167610503857884
0.19431739840349624,0.6756811131221221,0.13000148847438175
0.0896102116469133,0.7845258278594391,0.12586396049364765
0.03867844301005707,0.847890437699603,0.11343111929033976
0.015452914222487613,0.886239568065603,0.09830751771190946
0.007658781465537962,0.904895213674145,0.08744600486031706
0.0034696141968537757,0.9200973951239968,0.07643299067914952
0.0015756585251377132,0.9316198244710149,0.06680451700384732
0.0007177650202289753,0.9408318309239305,0.058450404055840455
0.0003279834628884386,0.9484589271993418,0.051213089337769774
0.00015030665731575115,0.9549124157216148,0.044937277621069485
0.0,0.960512334903644,0.03948766509635608
0.0,0.9652610583980907,0.03473894160190931
0.0,0.9694035644809659,0.030596435519034085
0.0,0.9730247501586954,0.026975249841304602
0.0,0.9761960616768864,0.023803938323113595
0.0,0.9789779341289953,0.021022065871004744
0.0,0.9814217324034042,0.018578267596595734
0.0,0.9835713042341787,0.016428695765821302
0.0,0.9854642306444196,0.014535769355580439
0.0,0.9871328398369154,0.012867160163084656
0.0,0.9886050335138789,0.011394966486121236
0.0,0.9893032561591144,0.010696743840885517
0.0,0.9903041066032796,0.009695893396720435
0.0,0.9914593066286146,0.008540693371385404
0.0,0.9924745136072585,0.007525486392741515
0.0,0.9933672142753953,0.006632785724604705
0.0,0.9941525964668049,0.005847403533195135
0.0,0.9948438761329889,0.005156123867011104
0.0,0.9954525726358654,0.004547427364134603
0.0,0.9959887415406022,0.004011258459397779
0.0,0.9964611722911425,0.003538827708857435
0.0,0.9968775567114075,0.003122443288592435
0.0,0.997247064460053,0.0027529355399470374
0.0,0.997577621969718,0.00242237803028205
0.0,0.9978775467216122,0.0021224532783877693
0.0,0.9981564380098622,0.0018435619901377423
0.0,0.9984252643670622,0.0015747356329376767
0.0,0.9986956156311244,0.0013043843688756772
0.0,0.9989689436747585,0.0010310563252414555
0.0,0.9991391824747345,0.000860817525265504
0.0,0.9994533026498863,0.0005466973501137303
0.0,0.9997381537114677,0.000261846288532222
0.0,0.9998802223540749,0.00011977764592502462
0.0,1.0,0.0
