0.85,0.05,0.1
0.8457632732069843,0.051495841519958764,0.10274088527305689
0.8183429359829645,0.061314164365330354,0.12034289965170518
0.8133295654163275,0.06313575335632042,0.12353468122735217
0.7690203369187949,0.07961165478680586,0.15136800829439928
0.5991301975036706,0.15003376687050904,0.2508360356258205
0.3967203025431001,0.254309585806231,0.34897011165066893
0.22329928636138835,0.3743723085491541,0.40232840508945755
0.12805035375308932,0.46636904266499224,0.4055806035819185
0.058887958642089205,0.5649567456987916,0.37615529565911926
0.026098712294171024,0.6421387432270123,0.3317625444788167
0.013857764048097704,0.6894906571904225,0.29665157876147985
0.007389958756119049,0.7285775537242799,0.26403248751960107
0.003487627623122483,0.7674053563057845,0.229107016071093
0.001632834124713166,0.7999561398692235,0.19841102600606325
0.000765383783538247,0.8272079049272443,0.1720267112892174
0.0003583557049070431,0.850288697498044,0.14935294679704889
0.00016728357697726312,0.8699984140778287,0.12983430234519397
0.0,0.8869874495742814,0.11301255042571863
0.0,0.9015294871790712,0.09847051282092881
0.0,0.9139589165964882,0.08604108340351187
0.0,0.9246315567003756,0.07536844329962443
0.0,0.933834106245517,0.06616589375448308
0.0,0.9417990885981739,0.058200911401826205
0.0,0.9487952060054421,0.05120479399455787
0.0,0.9549948247805944,0.04500517521940561
0.0,0.9605575076144097,0.039442492385590264
0.0,0.9632237903199724,0.036776209680027504
0.0,0.9668694907058453,0.03313050929415475
0.0,0.9709360892013884,0.02906391079861164
0.0,0.9744771999276708,0.025522800072329228
0.0,0.9775665243274608,0.0224334756725391
0.0,0.9802661757328086,0.019733824267191332
0.0,0.9826287616700092,0.017371238329990674
0.0,0.984699040357938,0.015300959642062038
0.0,0.9865152483536097,0.013484751646390292
0.0,0.9881116982420123,0.011888301757987645
0.0,0.9895175582251903,0.010482441774809803
0.0,0.9907572803909553,0.009242719609044646
0.0,0.9918527899018919,0.0081472100981082
0.0,0.9928246745525362,0.007175325447463752
0.0,0.9936936329855389,0.006306367014461124
0.0,0.9944560145179626,0.005543985482037383
0.0,0.9951613840553594,0.0048386159446406245
0.0,0.9958522259122,0.0041477740877999825
0.0,0.9962407568039543,0.003759243196045755
0.0,0.9969408515850976,0.0030591484149023493
0.0,0.9976956424182396,0.0023043575817603737
0.0,0.9984603861008247,0.001539613899175304
0.0,0.9992033274377164,0.0007966725622835773
0.0,0.9996297003044374,0.0003702996955625187
0.0,0.999831297809047,0.0001687021909530469
0.0,1.0,0.0
