0.8,0.15,0.05
0.79493395571265,0.15390286483507723,0.05116317945227283
0.7641048009588431,0.1777648339899025,0.058130365051254324
0.758332259171956,0.18225418386756806,0.05941355696047606
0.708621789205054,0.2211971113010017,0.07018109949394426
0.5290105616566181,0.3663852449595045,0.10460419338387748
0.3403158695938312,0.5281202013799802,0.13156392902618866
0.18466485400761637,0.672998889360812,0.14233625663157162
0.0908826575257049,0.771465939581544,0.1376514028927511
0.0372859751283941,0.839659086843191,0.12305493802841491
0.025803664191191032,0.8578675085775186,0.11632882723129043
0.01377414529789674,0.8811769791906767,0.10504887551142654
0.0061877879248686835,0.9020679793930766,0.09174423268205475
0.002780661181997159,0.917245663927167,0.07997367489083582
0.0012535526943732616,0.9289943451454714,0.06975210216015543
0.0005671215903124948,0.9385116337251685,0.060921244684519024
0.0002574506871133964,0.9464483094895056,0.053294239823381016
0.00011723750902761635,0.9531863709736571,0.046696391517315264
0.0,0.9590219068661715,0.04097809313382845
0.0,0.9640053132742882,0.035994686725711864
0.0,0.9683631332392557,0.031636866760744294
0.0,0.9721819542361476,0.027818045763852446
0.0,0.9755353239381264,0.02446467606187372
0.0,0.978466071189978,0.021533928810022085
0.0,0.9810314676860225,0.018968532313977497
0.0,0.9832801649166354,0.016719835083364634
0.0,0.9853070757756346,0.014692924224365411
0.0,0.9863083415495876,0.013691658450412465
0.0,0.9875895109128322,0.012410489087167714
0.0,0.9890723632558426,0.010927636744157396
0.0,0.9903741987272149,0.009625801272785018
0.0,0.9915179630535168,0.0084820369464832
0.0,0.9925235074806108,0.007476492519389161
0.0,0.9934080460624646,0.0065919539375354835
0.0,0.9941865370700501,0.005813462929949921
0.0,0.994872002754466,0.005127997245533954
0.0,0.9954757987185388,0.0045242012814612235
0.0,0.996007841852506,0.00399215814749396
0.0,0.9964769943380166,0.003523005661983348
0.0,0.9968929089132815,0.003107091086718466
0.0,0.9972638829997672,0.0027361170002328174
0.0,0.9975985824111869,0.002401417588813012
0.0,0.9979069683932738,0.002093031606726231
0.0,0.9982008516950491,0.0017991483049507645
0.0,0.9984822829398747,0.0015177170601252188
0.0,0.9987803429599984,0.0012196570400015872
0.0,0.9989960376048249,0.00100396239517513
0.0,0.9993265308240519,0.0006734691759481113
0.0,0.9996558328253938,0.0003441671746061955
0.0,0.999840868243002,0.00015913175699798805
0.0,1.0,0.0
