0.7,0.25,0.05
0.6932685617044765,0.2557591748563736,0.05097226343914981
0.6545492041183401,0.2890150531702455,0.056435742711414334
0.6472205796019347,0.2953345925854411,0.057444827812624284
0.5862325109376666,0.34824310394782126,0.06552438511451217
0.3664875587045746,0.544258385805347,0.08925405549007835
0.22191523655050668,0.6797947882624898,0.09828997518700355
0.11683481690269698,0.7849705952870908,0.09819458781021226
0.050565654024133516,0.8591533114049175,0.09028103457094899
0.024051764938518138,0.8947438721156097,0.0812043629458721
0.011325809120237996,0.9166047503294616,0.07206944055030035
0.005142087369055,0.9315879209385047,0.06326999169244032
0.0023357632476938045,0.9422071221655631,0.055457114586743086
0.001063004405723352,0.9503186369611187,0.04861835863315792
0.00048487892182699164,0.9568546491764199,0.04266047190175305
0.0002216777787018362,0.962304655703434,0.03747366651786409
0.0001015622410938205,0.966944485577445,0.032953952181461306
0.0,0.9709891283584726,0.02901087164152738
0.0,0.9744380640675127,0.025561935932487283
0.0,0.9774575687174286,0.022542431282571364
0.0,0.9801052749897952,0.019894725010204867
0.0,0.982430205999373,0.01756979400062696
0.0,0.984474237517165,0.015525762482834998
0.0,0.986273278960438,0.013726721039562012
0.0,0.9878805682378444,0.012119431762155679
0.0,0.9892951458326176,0.010704854167382424
0.0,0.9899776672016871,0.010022332798312944
0.0,0.9909198071204122,0.009080192879587855
0.0,0.9920015611894045,0.007998438810595447
0.0,0.9929523684982364,0.007047631501763563
0.0,0.9937885391751043,0.006211460824895719
0.0,0.9945242508822381,0.005475749117761931
0.0,0.9951718495070199,0.004828150492980116
0.0,0.995742102842117,0.0042578971578830695
0.0,0.9962444155339802,0.0037555844660198015
0.0,0.9966870119434831,0.003312988056516909
0.0,0.9970770922825508,0.00292290771744918
0.0,0.9974209663830201,0.002579033616979821
0.0,0.9977252162042256,0.002274783795774434
0.0,0.9979966289504466,0.0020033710495534
0.0,0.9982416477089928,0.0017583522910071803
0.0,0.9984675821119455,0.0015324178880544667
0.0,0.9986830098927082,0.0013169901072917997
0.0,0.9988890760528549,0.0011109239471449686
0.0,0.9991054909366259,0.0008945090633741006
0.0,0.999245467148513,0.000754532851486945
0.0,0.9994894121944983,0.0005105878055016776
0.0,0.9997342309365436,0.00026576906345643136
0.0,0.9998768348734818,0.00012316512651821632
0.0,1.0,0.0
