0.30000000000000004,0.35000000000000003,0.35000000000000003
0.2922455185184749,0.3557456054877621,0.3520088759937631
0.2516447908020031,0.3872164130643514,0.3611387961336455
0.24472435463321796,0.392838055920087,0.362437589446695
0.19416227313470136,0.43670502242358594,0.3691327044417127
0.09416567590500068,0.5467423925326781,0.3590919315623213
0.038621536521122934,0.6420798421032997,0.31929862137557746
0.014957256657601864,0.7136588303666461,0.271383912975752
0.007320745726488279,0.754769157159373,0.23791009711413869
0.003608675650202076,0.7880563357647973,0.2083349885850006
0.0017928630865146158,0.815542406959069,0.18266472995441643
0.0008850820837021779,0.839015537771657,0.16009938014464073
0.0004359600525822797,0.8591130117021258,0.14045102824529182
0.00021397288371042823,0.876461240829796,0.12332478628649356
0.00010448362612372663,0.891533668695656,0.10836184767822035
0.0,0.9047475729001327,0.09525242709986721
0.0,0.9160766483296334,0.08392335167036656
0.0,0.9265472940239431,0.0734527059760569
0.0,0.9355698413538511,0.06443015864614887
0.0,0.943373920624322,0.05662607937567802
0.0,0.9501469571936125,0.04985304280638751
0.0,0.956068502009444,0.043931497990555964
0.0,0.9612636895983809,0.03873631040161905
0.0,0.965802973806881,0.034197026193119005
0.0,0.9697778629343011,0.03022213706569891
0.0,0.9732653223378056,0.026734677662194447
0.0,0.9763304330713724,0.023669566928627622
0.0,0.9790284997727543,0.020971500227245737
0.0,0.9814067336049056,0.018593266395094326
0.0,0.9835056051928845,0.016494394807115554
0.0,0.9853599395890711,0.014640060410928893
0.0,0.9870058131134035,0.012994186886596586
0.0,0.9884923149215108,0.011507685078489198
0.0,0.9898145273190035,0.010185472680996429
0.0,0.9904779715811668,0.009522028418833137
0.0,0.9913290783247095,0.008670921675290546
0.0,0.9923609471941697,0.007639052805830391
0.0,0.9932681295263484,0.006731870473651678
0.0,0.9940756497578271,0.005924350242172761
0.0,0.9948035933706988,0.005196406629301191
0.0,0.995473799622407,0.004526200377593001
0.0,0.9961110130948169,0.0038889869051831824
0.0,0.9967410704237176,0.003258929576282374
0.0,0.9973871468098088,0.002612853190191264
0.0,0.9980664617413489,0.001933538258651049
0.0,0.9987817213833773,0.0012182786166226828
0.0,0.9994053882646795,0.0005946117353205045
0.0,0.9997173832308223,0.00028261676917774983
0.0,0.9998710459845989,0.00012895401540108774
0.0,1.0,0.0
