0.4,0.4,0.2
0.404122663386002,0.39605385347025457,0.19982348314374346
0.4225065264156256,0.3786882485002258,0.1988052250841484
0.42250652641562564,0.37868824850022587,0.19880522508414844
0.4267940932157254,0.3746917326674667,0.19851417411680794
0.46235620184213766,0.3423000419063689,0.19534375625149344
0.6468101662472348,0.19338713253194711,0.1598027012208181
0.7872961497363107,0.09881191888155164,0.11389193138213775
0.8866578667258298,0.04269180159679842,0.0706503316773718
0.9435897109455014,0.016455286833989734,0.03995500222050896
0.9741894801219492,0.005454995923536841,0.020355523954514045
0.9853325024837355,0.002397972986898787,0.012269524529365767
0.9916266272426748,0.0010422521918293233,0.007331120565495881
0.9951916117221367,0.00045003262274177194,0.004358355655121577
0.9972228934284871,0.0001935816546475396,0.002583524916865298
0.9983125207775745,0.0,0.0016874792224254585
0.9989015306111511,0.0,0.0010984693888488875
0.9992852598217088,0.0,0.0007147401782911674
0.9995350727531169,0.0,0.00046492724688307487
0.9996976281336828,0.0,0.0003023718663172449
0.999803371947784,0.0,0.00019662805221591325
0.999872145654676,0.0,0.00012785434532400678
1.0,0.0,0.0
