0.6,0.1,0.3
0.6027961150441963,0.09863020514563177,0.2985736798101721
0.615484625708944,0.09261220459303643,0.29190316969801955
0.6183616399972608,0.09129069027072038,0.2903476697320188
0.6420442886100227,0.08096095958883315,0.27699475180114425
0.7758206497127598,0.036259051215477026,0.1879202990717633
0.8516653895132041,0.018627705984352264,0.12970690450244352
0.9145561846058206,0.007778256687376371,0.07766555870680301
0.9592161757820289,0.0024244939538949164,0.03835933026407625
0.9730923947284967,0.0012569480568709864,0.025650657214632378
0.9826829973761889,0.0006254167689987598,0.016691585854812396
0.9895876859510403,0.000278744125347944,0.010133569923611774
0.9937603996737131,0.0001232768879808053,0.00611632343830614
0.9963211887310784,0.0,0.0036788112689215453
0.9977921737091766,0.0,0.00220782629082339
0.9986766452316023,0.0,0.0013233547683977353
0.9992073899352361,0.0,0.0007926100647639101
0.999525490930071,0.0,0.0004745090699289864
0.9997160044743251,0.0,0.0002839955256748596
0.9998300552167259,0.0,0.00016994478327413208
0.9998983138300349,0.0,0.0001016861699650032
1.0,0.0,0.0
