0.55,0.15,0.3
0.5528223617463501,0.14814737985488982,0.2990302583987601
0.5652630896986881,0.14022309812533668,0.2945138121759752
0.5681828598643528,0.13841801322170205,0.2933991269139452
0.5923771848843405,0.12419020019217267,0.2834326149234868
0.7158072472500273,0.06680288854370124,0.21738986420627143
0.8341349276579724,0.028384022936785547,0.13748104940524208
0.9163692101949755,0.009801338127722749,0.0738294516773017
0.9612843254974163,0.0029607784688145027,0.035754896033769246
0.9750811812331333,0.0014862109474707735,0.023432607819396004
0.9840671001638182,0.0007358020810895468,0.015197097755092311
0.9905451412180554,0.00032266637400125373,0.00913219240794344
0.9944020572861955,0.0001404646519478482,0.005457478061856708
0.9967490928153636,0.0,0.0032509071846363556
0.9980674738218632,0.0,0.0019325261781367048
0.9988525058912142,0.0,0.0011474941087857495
0.9993191044651013,0.0,0.0006808955348987791
0.9995961359756222,0.0,0.00040386402437773993
0.9997605108988843,0.0,0.00023948910111564508
0.9998580045024225,0.0,0.00014199549757754567
1.0,0.0,0.0
