0.35,0.35,0.3
0.3526056349669157,0.3502803532673495,0.2971140117657347
0.3625164725550371,0.3519282094832219,0.28555531796174094
0.3647090587673062,0.35244861607604033,0.2828423251566536
0.379060447847257,0.35825770568460946,0.2626818464681335
0.3833028353898765,0.4157315516563776,0.20096561295374593
0.27905118915900734,0.5622790023142157,0.158669808526777
0.15151553813024204,0.706567317227883,0.14191714464187488
0.08261130502294842,0.7810320897149517,0.1363566052620999
0.038351495047663636,0.8281941617067217,0.13345434324561475
0.025184488394441346,0.8421465930978134,0.13266891850774537
0.013260281372423915,0.85475505646269,0.1319846621648861
0.005784532071447785,0.8626474180583735,0.13156804987017873
0.0025054939624515973,0.8661062984316812,0.13138820760586722
0.0010818618810608882,0.867607473015351,0.13131066510358808
0.00046651677497298763,0.8682562348497526,0.13127724837527444
0.00020105321429908128,0.8685360960404336,0.13126285074526736
0.0,0.8687319807213305,0.13126801927866946
0.0,0.8687411254376088,0.1312588745623911
0.0,0.8687450648462552,0.13125493515374476
0.0,0.8687467618739775,0.1312532381260225
0.0,0.8687474929248248,0.13125250707517527
0.0,0.8687478078527535,0.1312521921472464
0.0,0.8687479435239428,0.13125205647605723
0.0,0.8687480019752917,0.13125199802470833
0.0,0.8687480271620556,0.13125197283794449
0.0,0.8687480380191808,0.13125196198081926
0.0,0.8687480427034189,0.13125195729658104
0.0,0.8687480447285159,0.13125195527148412
0.0,0.8687480456081145,0.13125195439188553
0.0,0.8687480459942581,0.13125195400574194
0.0,0.8687480461678324,0.13125195383216767
0.0,0.8687480462498366,0.1312519537501635
0.0,0.8687480462923943,0.13125195370760562
0.0,0.8687480463179597,0.13125195368204043
0.0,0.8687480463362047,0.13125195366379522
0.0,0.8687480463512967,0.13125195364870332
0.0,0.8687480463650302,0.1312519536349698
0.0,0.8687480463781786,0.13125195362182143
0.0,0.8687480463910748,0.13125195360892514
0.0,0.8687480464039812,0.1312519535960188
0.0,0.8687480464181614,0.1312519535818386
0.0,0.8687480464347171,0.13125195356528277
0.0,0.868748046455377,0.1312519535446231
0.0,0.8687480464833246,0.13125195351667543
0.0,0.8687480465256648,0.13125195347433524
0.0,0.8687480466032577,0.13125195339674234
0.0,0.8687480468097887,0.13125195319021132
0.0,0.8687480476767883,0.1312519523232118
0.0,0.868748050517099,0.13125194948290106
0.0,0.8687480602557786,0.1312519397442215
