0.45,0.4,0.15
0.44701795936410416,0.40363672877370094,0.1493453118621949
0.4343294392989734,0.41890549399482685,0.14676506670619982
0.4311862975341378,0.4226419161510136,0.14617178631484865
0.4050586952548191,0.4531387654201272,0.14180253932505374
0.23060202589354972,0.6441915728586479,0.1252064012478023
0.1302369024322973,0.7497721445030963,0.11999095306460647
0.06732407244034212,0.8152259277139629,0.11744999984569506
0.02664300316656048,0.857338045829685,0.11601895100375452
0.018270565988157354,0.8659875284143527,0.11574190559749013
0.009690755452922747,0.8748455369157693,0.11546370763130794
0.004254696913845516,0.8804549551676519,0.11529034791850254
0.0018599961643084187,0.8829253253200349,0.11521467851565664
0.00081158850618125,0.8840067282734324,0.11518168322038629
0.0003538354965759306,0.8844788623312546,0.11516730217216936
0.00015420929410778957,0.8846847553174674,0.11516103538842469
0.0,0.8848339563971376,0.11516604360286238
0.0,0.8848395131804024,0.11516048681959759
0.0,0.8848419342996938,0.1151580657003061
0.0,0.8848429891924158,0.11515701080758423
0.0,0.8848434488162558,0.1151565511837442
0.0,0.8848436490804339,0.11515635091956619
0.0,0.8848437363413032,0.11515626365869683
0.0,0.8848437743665244,0.11515622563347559
0.0,0.8848437909397322,0.1151562090602678
0.0,0.8848437981662806,0.1151562018337194
0.0,0.8848438013204822,0.11515619867951779
0.0,0.8848438027003591,0.11515619729964083
0.0,0.8848438033071615,0.11515619669283848
0.0,0.8848438035771347,0.11515619642286534
0.0,0.884843803700351,0.11515619629964893
0.0,0.8848438037596255,0.11515619624037454
0.0,0.8848438037910403,0.11515619620895977
0.0,0.8848438038103166,0.11515619618968342
0.0,0.8848438038243043,0.11515619617569581
0.0,0.8848438038359875,0.11515619616401247
0.0,0.8848438038466668,0.11515619615333317
0.0,0.8848438038569088,0.11515619614309129
0.0,0.8848438038670878,0.1151561961329121
0.0,0.8848438038777922,0.11515619612220786
0.0,0.8848438038896576,0.11515619611034245
0.0,0.8848438039036699,0.11515619609633017
0.0,0.8848438039214865,0.11515619607851346
0.0,0.8848438039463075,0.11515619605369264
0.0,0.8848438039840384,0.11515619601596175
0.0,0.8848438040583387,0.11515619594166124
0.0,0.884843804286661,0.11515619571333893
0.0,0.8848438054813567,0.11515619451864327
0.0,0.8848438089755566,0.11515619102444341
0.0,0.88484381631452,0.11515618368547993
