0.2,0.45,0.35
0.20258475750555535,0.44967730651268734,0.3477379359817573
0.21360751441756504,0.4485044167662346,0.3378880688162003
0.21609159857156207,0.44829101163053314,0.3356173897979048
0.23471673937769205,0.4474636629118732,0.3178195977104348
0.2814468284468509,0.4628148235155367,0.25573834803761236
0.2784726223992098,0.5085119971905565,0.21301538041023382
0.22205790731453087,0.5979921108990159,0.1799499817864533
0.14011857438329917,0.6983244061673001,0.16155701944940076
0.08511636467192356,0.7609278050790446,0.15395583024903195
0.04325042797202294,0.8073258116527163,0.1494237603752608
0.017957825478821247,0.8349877168550652,0.14705445766611336
0.006774530698275225,0.8471457486730148,0.1460797206287098
0.0031817844645526754,0.8510430070042078,0.14577520853123968
0.0014796540419533453,0.8528879927971112,0.14563235316093526
0.0006653014594596741,0.8537703759999419,0.14556432254059856
0.00029886839739917605,0.8541673542233191,0.14553377737928178
0.0001342032869865665,0.8543457321085689,0.1455200646044446
0.0,0.8544773232605066,0.14552267673949332
0.0,0.8544849186366373,0.14551508136336264
0.0,0.8544883281758898,0.14551167182411015
0.0,0.854489858696569,0.14551014130343093
0.0,0.8544905457392087,0.1455094542607914
0.0,0.8544908541529442,0.1455091458470558
0.0,0.8544909926044085,0.14550900739559147
0.0,0.8544910547618106,0.14550894523818939
0.0,0.8544910826717259,0.1455089173282741
0.0,0.8544910952083603,0.14550890479163966
0.0,0.8544911008441164,0.14550889915588355
0.0,0.8544911033821526,0.14550889661784738
0.0,0.8544911045296602,0.14550889547033982
0.0,0.8544911050529764,0.14550889494702357
0.0,0.8544911052961008,0.14550889470389913
0.0,0.8544911054134506,0.14550889458654936
0.0,0.8544911054743417,0.14550889452565835
0.0,0.854491105509889,0.14550889449011092
0.0,0.85449110553406,0.14550889446593995
0.0,0.8544911055531242,0.14550889444687573
0.0,0.854491105569896,0.14550889443010384
0.0,0.854491105585639,0.145508894414361
0.0,0.85449110560092,0.14550889439908005
0.0,0.8544911056163694,0.14550889438363054
0.0,0.8544911056329336,0.14550889436706632
0.0,0.8544911056510762,0.14550889434892375
0.0,0.8544911056722237,0.14550889432777617
0.0,0.8544911057014726,0.14550889429852742
0.0,0.8544911057448272,0.14550889425517277
0.0,0.8544911058171502,0.14550889418284982
0.0,0.8544911059777145,0.1455088940222855
0.0,0.8544911066015057,0.1455088933984942
0.0,0.8544911107458099,0.14550888925419012
0.0,0.8544911206691138,0.14550887933088613
