0.35,0.45,0.2
0.34876415471144795,0.4524258954091133,0.19880994987943884
0.3437006005188091,0.4617524305875531,0.19454696889363784
0.3422411524866797,0.46429754445850624,0.1934613030548141
0.3290330860423753,0.48550772041729845,0.18545919354032614
0.20789184295210347,0.637990947001953,0.15411721004594353
0.12229063869224209,0.7335972243150761,0.1441121369926819
0.06487488727016741,0.7958520980269419,0.13927301470289064
0.03099070860420787,0.832143269016143,0.13686602237964896
0.016467584511757356,0.8476166293354638,0.13591578615277886
0.00864165591145329,0.855936445861819,0.13542189822672765
0.0039343472839837535,0.8609350015427419,0.13513065117327425
0.0017339003777260748,0.8632701333404252,0.13499596628184884
0.0007625052376935127,0.8643006936255258,0.13493680113678086
0.0003350044659935977,0.8647541760513838,0.1349108194826227
0.00014712202112274759,0.8649534663326972,0.13489941164617997
0.0,0.8650968823022184,0.13490311769778157
0.0,0.865103969882607,0.13489603011739304
0.0,0.865107081529845,0.13489291847015503
0.0,0.865108447624496,0.134891552375504
0.0,0.8651090473779958,0.1348909526220042
0.0,0.8651093106901864,0.13489068930981368
0.0,0.865109426297245,0.134890573702755
0.0,0.8651094770585621,0.13489052294143794
0.0,0.8651094993512101,0.13489050064879002
0.0,0.8651095091455048,0.13489049085449523
0.0,0.8651095134527562,0.13489048654724375
0.0,0.8651095153510788,0.1348904846489211
0.0,0.8651095161918305,0.13489048380816945
0.0,0.8651095165682859,0.13489048343171403
0.0,0.8651095167409055,0.13489048325909447
0.0,0.8651095168240368,0.13489048317596322
0.0,0.8651095168678807,0.1348904831321192
0.0,0.8651095168944768,0.13489048310552318
0.0,0.8651095169135007,0.13489048308649937
0.0,0.8651095169292,0.1348904830707999
0.0,0.8651095169434401,0.13489048305655993
0.0,0.8651095169570394,0.13489048304296064
0.0,0.8651095169703573,0.1348904830296427
0.0,0.8651095169838228,0.1348904830161773
0.0,0.8651095169991971,0.1348904830008029
0.0,0.8651095170163347,0.13489048298366543
0.0,0.8651095170375612,0.13489048296243883
0.0,0.8651095170660125,0.13489048293398753
0.0,0.8651095171085298,0.13489048289147026
0.0,0.8651095171845445,0.13489048281545546
0.0,0.8651095173769354,0.13489048262306458
0.0,0.8651095182232339,0.13489048177676613
0.0,0.8651095220280117,0.13489047797198828
0.0,0.865109531165851,0.134890468834149
