0.65,0.05,0.3
0.6546644252612257,0.05006136893552001,0.2952742058032543
0.6743220732670887,0.05056927051644687,0.27510865621646446
0.6782184960832768,0.05072839990012761,0.2710531040165956
0.7047864531018797,0.05259584744703461,0.24261769945108577
0.7505008542408018,0.06560699862363627,0.18389214713556185
0.7570187820476872,0.09312941091837668,0.1498518070339361
0.7220601645778763,0.15128600630672256,0.12665382911540107
0.6035943440140833,0.2869810989750514,0.10942455701086523
0.45149498067546295,0.44705279465563813,0.10145222466889894
0.31631077843479705,0.5861141545184704,0.09757506704673262
0.1799080520882647,0.7251436988507742,0.09494824906096111
0.09202018562393818,0.8143284033392364,0.09365141103682549
0.04247724978549805,0.8645063674774877,0.09301638273701432
0.01732475474984735,0.8899592622172052,0.09271598303294741
0.008741848218600377,0.8986415742410411,0.09261657754035854
0.004136140276249761,0.9032999990081271,0.09256386071562317
0.0018509146889993007,0.9056112220874323,0.09253786322356844
0.0008270384485345914,0.9066467122363565,0.09252624931510897
0.0003692948585847991,0.9071096412605565,0.09252106388085858
0.00016485057278800122,0.9073164001930113,0.09251874923420061
0.0,0.9074754760608236,0.09252452393917644
0.0,0.9074797067049877,0.09252029329501235
0.0,0.9074815947905283,0.09251840520947179
0.0,0.9074824374200455,0.09251756257995446
0.0,0.9074828134769175,0.09251718652308254
0.0,0.9074829813092188,0.09251701869078112
0.0,0.9074830562140063,0.0925169437859937
0.0,0.9074830896466481,0.09251691035335176
0.0,0.9074831045709013,0.09251689542909874
0.0,0.9074831112351419,0.09251688876485807
0.0,0.9074831142130649,0.09251688578693512
0.0,0.9074831155458404,0.09251688445415962
0.0,0.9074831161444117,0.09251688385558834
0.0,0.9074831164153188,0.09251688358468121
0.0,0.9074831165399944,0.09251688346000563
0.0,0.9074831165994091,0.09251688340059093
0.0,0.9074831166296989,0.09251688337030117
0.0,0.9074831166469907,0.09251688335300944
0.0,0.9074831166584815,0.0925168833415185
0.0,0.9074831166673836,0.0925168833326164
0.0,0.9074831166751304,0.09251688332486965
0.0,0.9074831166823615,0.0925168833176385
0.0,0.9074831166893625,0.09251688331063747
0.0,0.9074831166962892,0.0925168833037108
0.0,0.9074831167039704,0.0925168832960296
0.0,0.90748311671223,0.09251688328776994
0.0,0.9074831167221906,0.09251688327780941
0.0,0.9074831167343542,0.09251688326564575
0.0,0.9074831167526286,0.09251688324737131
0.0,0.9074831167834368,0.09251688321656325
0.0,0.9074831168488146,0.09251688315118534
0.0,0.9074831170845944,0.09251688291540552
0.0,0.907483117479613,0.09251688252038696
