0.25,0.5,0.25
0.2503758646339511,0.5011853427536802,0.24843879261236868
0.2512771305977915,0.5055364142469141,0.24318645515529444
0.2514238916748473,0.5068695258385699,0.2417065824865828
0.2508115606642248,0.5185900263387735,0.23059841299700173
0.20682686992949822,0.603505812451223,0.1896673176192788
0.13786905155915763,0.692299278400988,0.1698316700398543
0.07944291110475839,0.7605527512470044,0.16000433764823735
0.04183026893770854,0.8029569873729581,0.15521274368933333
0.01891856603563244,0.8283930457436531,0.1526883882207144
0.00959222501403988,0.8386767713367761,0.15173100364918407
0.004588040550798214,0.8441794769525891,0.15123248249661278
0.002055813207945366,0.84696009155995,0.15098409523210468
0.0009182755310588328,0.8482083809843043,0.150873343484637
0.0004095912375911121,0.8487664264379163,0.15082398232449262
0.0003736622385271146,0.8488058379622927,0.1508204997991803
0.000368190757520768,0.848811839738574,0.15081996950390514
0.0003272047147221352,0.8488567977711131,0.1508159975141647
0.00015835920899771825,0.8490419994034337,0.1507996413875685
0.0,0.8491984449917758,0.1508015550082242
0.0,0.8492082149288076,0.15079178507119234
0.0,0.8492124496182254,0.1507875503817746
0.0,0.849214285085115,0.150785714914885
0.0,0.8492150806431346,0.15078491935686544
0.0,0.8492154254713744,0.15078457452862556
0.0,0.8492155749396426,0.15078442506035747
0.0,0.8492156397331058,0.1507843602668942
0.0,0.8492156574513323,0.15078434254866765
