0.15,0.1,0.75
0.1571673256595766,0.09944229750235113,0.7433903768380723
0.20623620296733042,0.09566010260392203,0.6981036944287475
0.2148655958194542,0.09500210953123879,0.690132294649307
0.28763654330957966,0.08955860296964302,0.6228048537207773
0.429681344142278,0.07977500947518852,0.49054364638253356
0.5417299323687337,0.0737717501620953,0.38449831746917096
0.6260030050897063,0.07219609983778835,0.3018008950725054
0.7023278623048697,0.08098100644991398,0.2166911312452163
0.7245860632942378,0.10730343826970373,0.1681104984360584
0.70284770210702,0.15708595375696077,0.14006634413601926
0.6118757568825859,0.26906503686470606,0.11905920625270805
0.45478751981974297,0.43789921375836427,0.10731326642189279
0.279826472441902,0.6189587361444141,0.10121479141368393
0.1713242969885763,0.72989499908422,0.09878070392720378
0.09507236224904328,0.8075139914902388,0.09741364626071791
0.04059433779086446,0.862841844550218,0.09656381765891765
0.01879672405194636,0.8849547752762407,0.09624850067181306
0.010200428384787278,0.8936718892094841,0.09612768240572858
0.004794964408713282,0.8991523413065249,0.0960526942847618
0.002246123045687305,0.9017362826984936,0.09601759425581916
0.0010504311299378742,0.9029483837598563,0.09600118511020579
0.0004908706172615009,0.9035156110541736,0.09599351832856501
0.0002293031389892559,0.9037807596836456,0.09598993717736509
0.00010709762292091272,0.903904637744033,0.09598826463304608
0.0,0.9040077152468425,0.09599228475315742
0.0,0.9040106391299909,0.09598936087000909
0.0,0.9040120045569562,0.09598799544304384
0.0,0.9040126421996836,0.09598735780031648
0.0,0.9040129399750501,0.09598706002494999
0.0,0.9040130790362488,0.0959869209637511
0.0,0.904013143979794,0.09598685602020597
0.0,0.9040131743112746,0.09598682568872534
0.0,0.9040131884793342,0.09598681152066577
0.0,0.9040131950992696,0.0959868049007305
0.0,0.9040131981943211,0.09598680180567884
0.0,0.9040131996432944,0.0959868003567056
0.0,0.9040132003235687,0.09598679967643126
0.0,0.9040132006448699,0.09598679935513008
0.0,0.904013200798535,0.09598679920146506
0.0,0.9040132008739159,0.09598679912608411
0.0,0.9040132009127392,0.0959867990872609
0.0,0.9040132009344902,0.0959867990655097
0.0,0.9040132009482691,0.09598679905173094
0.0,0.9040132009583247,0.09598679904167519
0.0,0.904013200966642,0.09598679903335808
0.0,0.9040132009741472,0.09598679902585286
0.0,0.9040132009812732,0.0959867990187268
0.0,0.9040132009882221,0.09598679901177778
0.0,0.9040132009952673,0.09598679900473268
0.0,0.9040132010028331,0.09598679899716685
0.0,0.9040132010120651,0.09598679898793502
0.0,0.9040132010237347,0.09598679897626526
0.0,0.904013201039089,0.09598679896091093
0.0,0.9040132010616292,0.09598679893837088
0.0,0.9040132011008688,0.09598679889913123
0.0,0.9040132011952655,0.09598679880473447
0.0,0.904013201610176,0.0959867983898241
0.0,0.904013201791619,0.09598679820838095
