0.3,0.1,0.6
0.3095311164275411,0.09922774334782959,0.5912411402246293
0.3635865170271732,0.09496524991118312,0.5414482330616437
0.3730501724705792,0.09424289683076068,0.5327069306986602
0.444321295535828,0.08911554136171396,0.46656316310245805
0.5644015417083003,0.08280458467971237,0.35279387361198744
0.6476319754177373,0.08370894147350007,0.26865908310876263
0.7081679101604897,0.10729310410087471,0.18453898573863564
0.7022756310806365,0.14449356912357214,0.1532307997957914
0.646536326162988,0.22397332868172823,0.12949034515528393
0.513561245596498,0.3729919816186244,0.11344677278487761
0.3407805754509835,0.5542133315664612,0.10500609298255523
0.23042925779936052,0.6677569259034392,0.1018138162972004
0.13751225533150818,0.76271052615048,0.09977721851801195
0.06479679275356476,0.8367411172259076,0.09846209002052767
0.024046095902624284,0.8781465169975107,0.09780738709986513
0.009996872291555641,0.8924096534474691,0.09759347426097531
0.004830102150665054,0.8976536682151737,0.09751622963416132
0.0021585018213174456,0.9003649161213402,0.0974765820573424
0.0009628567294641701,0.9015782408242173,0.09745890244631855
0.0004291601818739273,0.902119816214432,0.09745102360369413
0.0003310604941684196,0.902219363289612,0.09744957621621961
0.0003243169190437356,0.9022262063514439,0.09744947672951242
0.00027508384318171897,0.9022761657158676,0.09744875044095058
0.0001322902778302677,0.9024210654096688,0.09744664431250098
0.0,0.9025487806606609,0.09745121933933912
0.0,0.9025524773602216,0.09744752263977843
0.0,0.9025540799704279,0.09744592002957207
0.0,0.9025547747420609,0.0974452252579391
0.0,0.9025550759450678,0.09744492405493221
0.0,0.9025552065274125,0.09744479347258755
0.0,0.9025552631419952,0.09744473685800481
0.0,0.9025552876899565,0.09744471231004345
0.0,0.9025552983363472,0.09744470166365284
0.0,0.902555302956108,0.09744469704389208
0.0,0.9025553049631951,0.0974446950368049
0.0,0.9025553058376321,0.0974446941623679
0.0,0.902555306221041,0.09744469377895905
0.0,0.9025553063022403,0.0974446936977596
