0.65,0.15,0.2
0.6505650720859789,0.1513514612550589,0.1980834666589622
0.6520832502879855,0.15749839943498667,0.19041835027702786
0.6522384896627667,0.1590376029095087,0.1887239074277247
0.6508768010036347,0.17266474559811432,0.17645845339825106
0.5998416294534124,0.2581873932394552,0.14197097730713237
0.44470173539213614,0.4354308520929365,0.11986741251492729
0.29301349761904827,0.5956010498223929,0.11138545255855882
0.184905953379187,0.7074755009980238,0.10761854562278932
0.1078693733889595,0.7865858602841697,0.10554476632687079
0.049368684074017545,0.8464255721661831,0.10420574375979946
0.022834979985268358,0.8735124496606691,0.10365257035406253
0.01235611418334778,0.8842015013736505,0.10344238444300173
0.005883995724409502,0.8908012179348522,0.10331478634073833
0.002712316835783441,0.8940348196790903,0.10325286348512633
0.0012475653945064524,0.8955280356207271,0.10322439898476649
0.0005732584877399723,0.8962154182820401,0.10321132323021998
0.00026329173872145155,0.8965313898077757,0.10320531845350295
0.00012090154962219029,0.8966765371826405,0.10320256126773737
0.0,0.8967929754637097,0.10320702453629034
0.0,0.8967966555399376,0.10320334446006232
0.0,0.8967983451105229,0.10320165488947709
0.0,0.8967991208145366,0.10320087918546342
0.0,0.8967994769522797,0.10320052304772033
0.0,0.8967996404628246,0.10320035953717549
0.0,0.8967997155363066,0.10320028446369349
0.0,0.8967997500074677,0.10320024999253226
0.0,0.8967997658377094,0.10320023416229067
0.0,0.8967997731097244,0.1032002268902756
0.0,0.896799776452575,0.10320022354742499
0.0,0.8967997779915083,0.1032002220084917
0.0,0.8967997787022457,0.10320022129775425
0.0,0.8967997790327505,0.1032002209672495
0.0,0.8967997791886868,0.10320022081131323
0.0,0.896799779264477,0.10320022073552307
0.0,0.8967997793034713,0.10320022069652875
0.0,0.8967997793255723,0.10320022067442775
0.0,0.8967997793399174,0.10320022066008262
0.0,0.8967997793507017,0.1032002206492983
0.0,0.8967997793598512,0.10320022064014879
0.0,0.8967997793682502,0.10320022063174984
0.0,0.8967997793763045,0.10320022062369547
0.0,0.8967997793842006,0.1032002206157993
0.0,0.896799779392253,0.103200220607747
0.0,0.896799779401047,0.10320022059895297
0.0,0.8967997794119772,0.10320022058802278
0.0,0.8967997794261363,0.1032002205738637
0.0,0.8967997794453721,0.10320022055462783
0.0,0.8967997794749788,0.10320022052502124
0.0,0.8967997795310335,0.10320022046896651
0.0,0.8967997796912501,0.10320022030874987
0.0,0.8967997805326687,0.10320021946733127
0.0,0.8967997872640173,0.10320021273598266
0.0,0.8967997906978148,0.10320020930218524
