0.05,0.2,0.75
0.05256781269417029,0.19962900531921285,0.7478031819866169
0.07164591439424779,0.19688074121375707,0.7314733443919952
0.0751608873062565,0.19637601537956845,0.7284630973141751
0.10842124322547887,0.1916271058122939,0.6999516509622272
0.20343470620111043,0.17839348652277345,0.6181718072761161
0.3195805586516908,0.16325344451745577,0.5171659968308534
0.4390841704410966,0.1501290608382792,0.41078676872062414
0.5012428866306048,0.1455629297296438,0.35319418363975147
0.5865056273708684,0.14765675337936374,0.2658376192497679
0.6278958488708236,0.18335587675656864,0.18874827437260777
0.591115569929543,0.25762072431978056,0.15126370575067663
0.4823296219741932,0.388894567197557,0.12877581082824976
0.3328250809455307,0.5502562070564001,0.11691871199806927
0.2608694476231369,0.6256641020593442,0.11346645031751885
0.15317425313984184,0.7372336506738459,0.10959209618631223
0.07521193671466722,0.8173729884941376,0.1074150747911952
0.031765116264319465,0.8618701289738537,0.10636475476182691
0.01535319573316233,0.8786535214509592,0.10599328281587851
0.007337152642236817,0.8868463671000928,0.10581648025767046
0.0032845046232807045,0.8909872851732091,0.10572821020351024
0.0014660555842136481,0.8928451014942292,0.10568884292155716
0.0006535311281283457,0.8936751684328588,0.10567130043901292
0.00029115888246465356,0.894045354864562,0.10566348625297332
0.0001296825190687551,0.8942103114261027,0.10566000605482857
0.0,0.8943354412444003,0.10566455875559963
0.0,0.8943395164640175,0.10566048353598244
0.0,0.8943413312086415,0.10565866879135861
0.0,0.8943421393366315,0.10565786066336849
0.0,0.8943424992080287,0.10565750079197132
0.0,0.8943426594665911,0.10565734053340892
0.0,0.8943427308357731,0.10565726916422692
0.0,0.8943427626217336,0.10565723737826636
0.0,0.8943427767809411,0.10565722321905893
0.0,0.8943427830908025,0.10565721690919755
0.0,0.8943427859052822,0.10565721409471791
0.0,0.894342787163238,0.10565721283676201
0.0,0.8943427877280604,0.10565721227193961
0.0,0.8943427879842245,0.10565721201577553
0.0,0.8943427881029403,0.10565721189705966
0.0,0.8943427881604493,0.1056572118395507
0.0,0.8943427881907023,0.10565721180929769
0.0,0.8943427882088181,0.105657211791182
0.0,0.8943427882215288,0.10565721177847114
0.0,0.8943427882318329,0.10565721176816713
0.0,0.8943427882410652,0.10565721175893489
0.0,0.8943427882498202,0.1056572117501799
0.0,0.8943427882583626,0.10565721174163747
0.0,0.8943427882671346,0.10565721173286532
0.0,0.8943427882762995,0.10565721172370046
0.0,0.8943427882868243,0.10565721171317566
0.0,0.8943427883002941,0.10565721169970592
0.0,0.8943427883180866,0.1056572116819135
0.0,0.8943427883430709,0.10565721165692914
0.0,0.8943427883857832,0.10565721161421682
0.0,0.8943427884839638,0.1056572115160363
0.0,0.894342788880831,0.10565721111916909
0.0,0.8943427908859317,0.10565720911406834
0.0,0.8943427997853636,0.10565720021463644
