0.3,0.05,0.65
0.31057856475679,0.04955594286077554,0.6398654923824344
0.37256915941125257,0.04701564695041,0.5804151936383374
0.38314799694294793,0.04659452236050723,0.5702574806965449
0.4626829871479923,0.04358832637471054,0.49372868647729723
0.5877440065981643,0.039910761763838454,0.3723452316379974
0.6781860592374112,0.039568137217231694,0.2822458035453572
0.7566194381249943,0.04825872113776803,0.19512184073723773
0.7756952270857269,0.06359393611262312,0.16071083680165008
0.7669181223733682,0.0986905434239615,0.1343913342026703
0.7098356359213447,0.17421140351511305,0.11595296056354237
0.6618638400081366,0.22828059906027204,0.1098555609315914
0.5342820183010711,0.36414366017481237,0.10157432152411656
0.36362777051741224,0.5402129756582836,0.09615925382430408
0.2526607527923493,0.653384073283528,0.09395517392412274
0.14496324037812147,0.7627060051073306,0.09233075451454796
0.06963654962487287,0.8389652828433298,0.09139816753179736
0.0264535502535483,0.8826251072626798,0.09092134248377186
0.009717104390806842,0.8995365791560183,0.09074631645317494
0.00435426012652106,0.9049544265737433,0.09069131329973576
0.0019443303296960736,0.9073889068381596,0.09066676283214431
0.0008668478309930422,0.9084773327387272,0.09065581943027981
0.0003861985916794343,0.9089628570932374,0.0906509443150832
0.00017200557057869763,0.9091792213233026,0.09064877310611871
0.0,0.9093452498488391,0.09065475015116092
0.0,0.9093495323827655,0.09065046761723446
0.0,0.9093514392767885,0.09064856072321148
0.0,0.9093522883635288,0.0906477116364712
0.0,0.909352666439722,0.09064733356027802
0.0,0.9093528347891382,0.09064716521086182
0.0,0.9093529097536316,0.0906470902463684
0.0,0.9093529431366892,0.09064705686331079
0.0,0.9093529580048147,0.09064704199518532
0.0,0.909352964628812,0.09064703537118805
0.0,0.9093529675819534,0.09064703241804666
0.0,0.9093529689005759,0.09064703109942406
0.0,0.9093529694913978,0.09064703050860223
0.0,0.9093529697581524,0.09064703024184764
0.0,0.9093529698806099,0.09064703011939017
0.0,0.9093529699388163,0.09064703006118374
0.0,0.9093529699684136,0.09064703003158632
0.0,0.9093529699852724,0.09064703001472763
0.0,0.909352969996459,0.09064703000354107
0.0,0.9093529700051198,0.09064702999488017
0.0,0.9093529700126561,0.09064702998734384
0.0,0.9093529700196917,0.09064702998030827
0.0,0.909352970026595,0.09064702997340503
0.0,0.9093529700336738,0.09064702996632627
0.0,0.9093529700409635,0.09064702995903656
0.0,0.909352970049193,0.09064702995080706
0.0,0.9093529700584839,0.09064702994151606
0.0,0.9093529700705839,0.0906470299294161
0.0,0.9093529700885405,0.09064702991145934
0.0,0.9093529701190246,0.09064702988097538
0.0,0.9093529701844735,0.09064702981552654
0.0,0.9093529704256542,0.09064702957434582
0.0,0.9093529707956721,0.09064702920432796
