0.65,0.2,0.15
0.6483436790639706,0.2025283628129114,0.14912795812311802
0.640523935359441,0.21395004875827942,0.14552601588227962
0.6385795325352255,0.2166837603012269,0.14473670716354758
0.6211217986720531,0.23996896473502194,0.13890923659292503
0.4842452546343229,0.3969029520060915,0.11885179335958557
0.30778498731438164,0.583148097051116,0.10906691563450224
0.1831368377507123,0.7117660257632282,0.10509713648605942
0.12129553664900354,0.7751301153903545,0.103574347960642
0.05722151243006698,0.8405660798473148,0.10221240772261825
0.018879252417115088,0.8796380702316189,0.10148267735126602
0.008581161453497837,0.8901226775299486,0.10129616101655353
0.0038725987582930517,0.8949152628384494,0.10121213840325764
0.0017419955639156623,0.8970836314697067,0.10117437296637767
0.0007824458417429979,0.8980601381137142,0.10115741604454274
0.0003512164343284132,0.8984989777626006,0.10114980580307098
0.00015760376615420415,0.8986960051865027,0.10114639104734303
0.0,0.8988479882472469,0.10115201175275312
0.0,0.8988526194404204,0.1011473805595796
0.0,0.8988546971421184,0.10114530285788152
0.0,0.8988556292650911,0.10114437073490892
0.0,0.8988560474468213,0.10114395255317868
0.0,0.8988562350594516,0.1011437649405484
0.0,0.8988563192321237,0.10114368076787637
0.0,0.8988563569986618,0.10114364300133818
0.0,0.8988563739460804,0.10114362605391959
0.0,0.898856381553447,0.10114361844655298
0.0,0.8988563849705995,0.10114361502940046
0.0,0.8988563865079023,0.10114361349209765
0.0,0.8988563872018509,0.10114361279814905
0.0,0.8988563875174468,0.10114361248255326
0.0,0.8988563876633027,0.10114361233669732
0.0,0.8988563877330085,0.10114361226699152
0.0,0.8988563877685511,0.10114361223144885
0.0,0.8988563877887673,0.10114361221123275
0.0,0.8988563878021074,0.10114361219789257
0.0,0.8988563878123629,0.10114361218763714
0.0,0.8988563878212344,0.10114361217876561
0.0,0.8988563878294851,0.10114361217051492
0.0,0.8988563878374572,0.10114361216254276
0.0,0.8988563878453328,0.10114361215466709
0.0,0.8988563878536462,0.10114361214635381
0.0,0.8988563878628779,0.101143612137122
0.0,0.8988563878739905,0.10114361212600954
0.0,0.8988563878874221,0.10114361211257794
0.0,0.8988563879072481,0.10114361209275186
0.0,0.8988563879399262,0.1011436120600739
0.0,0.8988563880062085,0.10114361199379159
0.0,0.8988563882254363,0.10114361177456373
0.0,0.8988563895102804,0.10114361048971972
0.0,0.8988563989662522,0.10114360103374763
