0.7000000000000001,0.20000000000000004,0.10000000000000002
0.6968586261363519,0.20335601634803527,0.0997853575156129
0.6817103457557638,0.21946793033000317,0.098821723914233
0.6782988093385349,0.22308175303330904,0.09861943762815607
0.6493416979402852,0.25357794676620793,0.09708035529350689
0.4792627210812182,0.42918486566596076,0.09155241325282105
0.29387738003284297,0.6177153708699515,0.08840724909720551
0.13688384930533312,0.7764235623303963,0.08669258836427057
0.07001474314801905,0.8438715140776822,0.08611374277429876
0.025309270209125264,0.888927311717805,0.08576341807306977
0.01048889944784501,0.9038578929620382,0.08565320759011674
0.005452997490892538,0.9089306309859729,0.08561637152313456
0.0024813317014104642,0.9119238906540258,0.08559477764456377
0.0011119890394549832,0.9133031483560565,0.0855848626044885
0.0004978967955027469,0.9139216798591834,0.08558042334531393
0.0002228482857050965,0.9141987152454778,0.08557843646881721
0.0,0.9144139175906655,0.0855860824093345
0.0,0.9144190315825715,0.0855809684174285
0.0,0.9144213197963967,0.08557868020360322
0.0,0.9144223436371139,0.08557765636288604
0.0,0.9144228017465598,0.08557719825344023
0.0,0.9144230067257206,0.08557699327427941
0.0,0.9144230984446153,0.08557690155538465
0.0,0.9144231394865163,0.08557686051348369
0.0,0.9144231578535883,0.08557684214641172
0.0,0.9144231660750738,0.08557683392492618
0.0,0.9144231697570357,0.08557683024296421
0.0,0.9144231714078414,0.08557682859215872
0.0,0.9144231721498297,0.0855768278501703
0.0,0.9144231724851786,0.08557682751482143
0.0,0.9144231726385814,0.08557682736141863
0.0,0.9144231727105746,0.08557682728942546
0.0,0.9144231727461419,0.08557682725385807
0.0,0.9144231727654111,0.08557682723458897
0.0,0.9144231727773876,0.08557682722261234
0.0,0.9144231727861013,0.08557682721389866
0.0,0.914423172793355,0.08557682720664493
0.0,0.9144231727999556,0.08557682720004443
0.0,0.914423172806321,0.08557682719367897
0.0,0.9144231728127257,0.08557682718727433
0.0,0.9144231728194245,0.08557682718057556
0.0,0.9144231728265367,0.08557682717346334
0.0,0.9144231728345485,0.08557682716545136
0.0,0.9144231728442843,0.08557682715571564
0.0,0.9144231728583548,0.08557682714164508
0.0,0.9144231728806338,0.08557682711936622
0.0,0.914423172922488,0.08557682707751205
0.0,0.9144231730409745,0.08557682695902545
0.0,0.9144231736584012,0.08557682634159874
0.0,0.9144231785978147,0.08557682140218528
0.0,0.9144231824107996,0.0855768175892005
