0.2,0.25,0.55
0.20610959145094734,0.24890553978313892,0.5449848687659138
0.2408678508551271,0.2428008977821866,0.5163312513626863
0.24736127995124638,0.24168593952956277,0.5109527805191909
0.29919112343508186,0.23314521938102215,0.46766365718389613
0.43826373943823005,0.2162387158267449,0.34549754473502503
0.5071524870472492,0.2184047230965764,0.2744427898561743
0.5427192384725735,0.24747539794999787,0.20980536357742863
0.5081811408561432,0.32725761862869535,0.16456124051516147
0.39998101039354717,0.46101446370324706,0.13900452590320578
0.2559303367623608,0.6184452195648068,0.1256244436728325
0.1960880582736681,0.6817768974234473,0.12213504430288465
0.11612151734932014,0.7654405695152626,0.11843791313541721
0.05547773110989732,0.8283716708139167,0.11615059807618605
0.01995254061435968,0.8650802564942685,0.11496720289137184
0.009497201247045405,0.8758650029684454,0.1146377957845092
0.004485631806042576,0.8810316284021689,0.11448273979178855
0.0021107959031454898,0.883479313165034,0.11440989093182051
0.0009915403673624638,0.8846327638513375,0.1143756957813001
0.00046539059087117446,0.8851749579253021,0.11435965148382672
0.00021835196585923622,0.8854295229905924,0.11435212504354834
0.00010242781393682431,0.8855489774925417,0.11434859469352146
0.0,0.8856475671991503,0.1143524328008498
0.0,0.8856512610433657,0.11434873895663435
0.0,0.8856529935434735,0.11434700645652644
0.0,0.8856538061271712,0.11434619387282886
0.0,0.8856541872502431,0.11434581274975689
0.0,0.8856543660093679,0.11434563399063215
0.0,0.8856544498557056,0.11434555014429437
0.0,0.8856544891860441,0.11434551081395597
0.0,0.8856545076374907,0.11434549236250935
0.0,0.8856545162963213,0.11434548370367861
0.0,0.8856545203622205,0.11434547963777947
0.0,0.8856545222739435,0.11434547772605651
0.0,0.885654523175315,0.114345476824685
0.0,0.8856545236028116,0.11434547639718841
0.0,0.8856545238080514,0.11434547619194856
0.0,0.8856545239090484,0.11434547609095154
0.0,0.8856545239611535,0.11434547603884648
0.0,0.8856545239903273,0.11434547600967271
0.0,0.8856545240087458,0.11434547599125418
0.0,0.88565452402212,0.11434547597788007
0.0,0.8856545240331282,0.1143454759668719
0.0,0.8856545240430266,0.11434547595697339
0.0,0.8856545240524046,0.11434547594759535
0.0,0.8856545240615386,0.1143454759384614
0.0,0.885654524070558,0.11434547592944194
0.0,0.8856545240801131,0.11434547591988685
0.0,0.8856545240907225,0.11434547590927739
0.0,0.8856545241031233,0.11434547589687671
0.0,0.8856545241178397,0.11434547588216024
0.0,0.885654524137225,0.114345475862775
0.0,0.885654524170854,0.11434547582914598
0.0,0.8856545242350642,0.11434547576493587
0.0,0.88565452441386,0.11434547558614012
0.0,0.885654524976126,0.11434547502387411
