0.25,0.25,0.5
0.25636906685716937,0.24889542156578226,0.49473551157704837
0.2901883325111066,0.2432120340296489,0.46659963345924454
0.29660032558642685,0.242173446060627,0.46122622835294613
0.3459870718609228,0.23471218502711866,0.4193007431119586
0.45446477541266284,0.2247939140928718,0.3207413104944654
0.5147812891707474,0.23377115390371986,0.2514475569255328
0.5246479173012397,0.28931187169963807,0.1860402109991222
0.4559324271892898,0.3916891676336935,0.15237840517701673
0.3235724092781148,0.5436305372069097,0.13279705351497545
0.16798896031159058,0.7098152870641262,0.12219575262428321
0.08802985710368368,0.7933427063286204,0.11862743656769587
0.04080613831679149,0.842327781381709,0.1168660803014995
0.017735539094684123,0.8661849607359388,0.1160795001693771
0.010741468099062328,0.8734089160277382,0.11584961587319956
0.005289337469269232,0.8790376162720883,0.11567304625864254
0.002536218354864234,0.8818790355639331,0.11558474608120267
0.001178174285391436,0.8832804261545467,0.11554139956006185
0.0005467520043117953,0.8839319554928962,0.11552129250279211
0.0002536097182618435,0.8842344225389951,0.11551196774274314
0.00011761050307530286,0.884374745680023,0.11550764381690169
0.0,0.8844880615592748,0.11551193844072513
0.0,0.8844923698788402,0.11550763012115982
0.0,0.8844943674830121,0.11550563251698785
0.0,0.8844952936958143,0.11550470630418572
0.0,0.8844957231473307,0.11550427685266929
0.0,0.8844959222710398,0.1155040777289602
0.0,0.884496014601314,0.11550398539868596
0.0,0.8844960574159332,0.11550394258406681
0.0,0.8844960772722165,0.1155039227277836
0.0,0.8844960864836817,0.11550391351631836
0.0,0.8844960907595912,0.11550390924040872
0.0,0.8844960927470908,0.1155039072529092
0.0,0.8844960936735506,0.1155039063264494
0.0,0.8844960941080507,0.11550390589194923
0.0,0.8844960943144499,0.11550390568555007
0.0,0.8844960944150883,0.11550390558491179
0.0,0.8844960944666896,0.1155039055333104
0.0,0.8844960944955547,0.11550390550444534
0.0,0.8844960945138778,0.11550390548612216
0.0,0.8844960945273133,0.11550390547268684
0.0,0.8844960945384822,0.11550390546151777
0.0,0.8844960945486005,0.11550390545139952
0.0,0.8844960945583336,0.11550390544166642
0.0,0.8844960945680855,0.11550390543191455
0.0,0.8844960945782391,0.11550390542176095
0.0,0.8844960945888773,0.11550390541112261
0.0,0.88449609460109,0.11550390539890994
0.0,0.8844960946166622,0.11550390538333781
0.0,0.8844960946372226,0.11550390536277742
0.0,0.8844960946674367,0.11550390533256329
0.0,0.8844960947200062,0.11550390527999377
0.0,0.8844960948462682,0.11550390515373175
0.0,0.8844960954123632,0.11550390458763686
0.0,0.8844960954881027,0.1155039045118973
