0.45,0.25,0.3
0.45331237841622407,0.2502485888607959,0.29643903272298006
0.46633469112156345,0.2518884437817109,0.2817768650967257
0.46906509452430417,0.2524021086651326,0.27853279681056325
0.48682009951537036,0.25824425724674205,0.2549356432378876
0.4875121880545441,0.33148107918210723,0.18100673276334867
0.3908532166459219,0.4612013905105271,0.14794539284355102
0.25220330168744093,0.6160458996906624,0.13175079862189673
0.12386889405503732,0.7524085796378797,0.12372252630708298
0.06468899984345144,0.8142886505850514,0.1210223495714971
0.026538947295655306,0.853958786668893,0.11950226603545164
0.011208893890296443,0.869858392361047,0.1189327137486565
0.005893386457758363,0.8753663504338162,0.11874026310842543
0.002676452321702038,0.8786985380344354,0.11862500964386262
0.001192680475308167,0.8802351640820034,0.11857215544268836
0.0005308525512467966,0.8809205056750862,0.11854864177366706
0.00023615345955635457,0.8812256627545942,0.11853818378584934
0.00010502981785352999,0.8813614371747857,0.11853353300736079
0.0,0.8814629985868279,0.11853700141317218
0.0,0.8814669928619654,0.11853300713803464
0.0,0.8814687690068593,0.11853123099314063
0.0,0.8814695588104785,0.11853044118952152
0.0,0.8814699100174214,0.11853008998257866
0.0,0.8814700661938525,0.11852993380614757
0.0,0.8814701356462673,0.11852986435373274
0.0,0.8814701665352193,0.11852983346478073
0.0,0.8814701802762063,0.11852981972379374
0.0,0.8814701863920306,0.11852981360796946
0.0,0.881470189117184,0.118529810882816
0.0,0.8814701903346125,0.11852980966538754
0.0,0.8814701908816028,0.11852980911839708
0.0,0.8814701911304706,0.11852980886952941
0.0,0.8814701912467724,0.11852980875322756
0.0,0.8814701913041264,0.11852980869587361
0.0,0.8814701913352682,0.11852980866473191
0.0,0.881470191354754,0.11852980864524598
0.0,0.881470191369057,0.118529808630943
0.0,0.8814701913810553,0.11852980861894474
0.0,0.8814701913920286,0.1185298086079713
0.0,0.8814701914026014,0.11852980859739866
0.0,0.88147019141327,0.11852980858673005
0.0,0.8814701914244759,0.118529808575524
0.0,0.8814701914368506,0.11852980856314946
0.0,0.8814701914513983,0.11852980854860168
0.0,0.881470191469803,0.11852980853019694
0.0,0.8814701914952788,0.11852980850472125
0.0,0.8814701915354208,0.11852980846457922
0.0,0.88147019161472,0.11852980838528002
0.0,0.8814701918644324,0.11852980813556759
0.0,0.8814701923534749,0.1185298076465251
