0.1,0.35,0.55
0.1032754299524241,0.34923265438092793,0.547491915666648
0.12288600780935771,0.344680358416112,0.5324336337745303
0.1266627107241388,0.34381237210291216,0.5295249171729491
0.15906640254245047,0.3364956292123701,0.5044379682451795
0.2609931549800676,0.3156526914522756,0.4233541535676569
0.3496634372137703,0.3030163827755785,0.3473201800106512
0.4099114529403093,0.30370992148456893,0.28637862557512184
0.4442717142332377,0.329766217776055,0.22596206799070723
0.3995149244522987,0.42867903942914676,0.17180603611855463
0.28808984158478357,0.5650328978774088,0.14687726053780756
0.14777413185060823,0.7189699523782138,0.13325591577117787
0.10830953003979843,0.7610240026975934,0.1306664672626081
0.051454706698272075,0.821060027842073,0.127485265459655
0.018423917762245307,0.8557037777450116,0.12587230449274317
0.00837848501016785,0.8662108435523326,0.12541067143749962
0.0037774257843271536,0.8710191709401387,0.1252034032755342
0.0016963691198702302,0.8731931360612089,0.12511049481892095
0.000760458973411542,0.8741706614237034,0.12506887960288493
0.0003406323716817228,0.8746091218488221,0.1250502457794962
0.00015252507990866777,0.8748055714410176,0.12504190347907382
0.0,0.8749532922362729,0.12504670776372703
0.0,0.8749596805161003,0.12504031948389968
0.0,0.874962540207085,0.12503745979291506
0.0,0.8749638203338365,0.12503617966616354
0.0,0.8749643933782758,0.1250356066217241
0.0,0.8749646499027823,0.12503535009721775
0.0,0.8749647647398188,0.12503523526018123
0.0,0.8749648161517048,0.12503518384829523
0.0,0.8749648391718889,0.12503516082811103
0.0,0.8749648494827835,0.1250351505172166
0.0,0.8749648541044792,0.12503514589552087
0.0,0.8749648561794565,0.1250351438205435
0.0,0.8749648571144184,0.12503514288558154
0.0,0.8749648575390628,0.1250351424609372
0.0,0.8749648577352682,0.1250351422647319
0.0,0.8749648578292147,0.12503514217078524
0.0,0.8749648578773862,0.12503514212261374
0.0,0.874964857905067,0.12503514209493313
0.0,0.8749648579235749,0.12503514207642502
0.0,0.8749648579379771,0.12503514206202293
0.0,0.8749648579505411,0.12503514204945887
0.0,0.8749648579622824,0.12503514203771757
0.0,0.8749648579736554,0.12503514202634455
0.0,0.8749648579848636,0.12503514201513644
0.0,0.8749648579961544,0.12503514200384555
0.0,0.8749648580091728,0.12503514199082724
0.0,0.8749648580244848,0.12503514197551518
0.0,0.8749648580429483,0.1250351419570516
0.0,0.8749648580678264,0.12503514193217352
0.0,0.874964858105066,0.12503514189493406
0.0,0.874964858168572,0.12503514183142816
0.0,0.8749648583584747,0.12503514164152535
0.0,0.8749648594121088,0.12503514058789122
0.0,0.8749648678411814,0.12503513215881853
0.0,0.8749648712855004,0.12503512871449962
