0.4,0.4,0.2
0.39802930264747355,0.40186420898682784,0.20010648836569864
0.39122795743711264,0.40824845879963106,0.2005235837632563
0.38925858975016814,0.4100829222380455,0.20065848801178637
0.37358826068023526,0.42445991829173446,0.20195182102803022
0.2723191988196461,0.5078408340106222,0.2198399671697317
0.20793264215287705,0.5485545812123936,0.24351277663472926
0.17908742065590286,0.5502312777536146,0.27068130159048254
0.20003059128333014,0.503474471708987,0.2964949370076829
0.2470629657042439,0.4445439527460728,0.30839308154968337
0.2986904765081711,0.39444125425175985,0.30686826924006894
0.3738996802351589,0.3417560676590087,0.2843442521058324
0.4125633547381762,0.33267965698465835,0.25475698827716553
0.399165468103559,0.3660712667123144,0.2347632651841266
0.34129145701255187,0.4243279545138078,0.23438058847364032
0.2932487535970888,0.45713143175680365,0.24961981464610755
0.28381311533263714,0.4490442483065753,0.26714263636078756
0.3198082558802733,0.40590140347723724,0.27429034064248947
0.360379209307609,0.37918169341364566,0.26043909727874537
0.3614072744240865,0.38879864159361094,0.24979408398230266
0.33633588561549244,0.4149701322834281,0.2486939821010794
0.3162884053232575,0.42570039797459225,0.2580111967021503
0.3261853157270976,0.4104008228239987,0.2634138614489037
0.3438026256270628,0.3976158479978309,0.25858152637510634
0.3436481909833635,0.40214009875458523,0.25421171026205125
0.33053166152941743,0.413903205995935,0.2555651324746475
0.3301463097059673,0.4104753643933267,0.25937832590070603
0.3384575756988912,0.404421570718357,0.2571208535827519
0.3340574545411389,0.40963229723855155,0.25631024822030957
0.3333546835783572,0.408601267293485,0.2580440491281579
0.335713918283668,0.4074149206497168,0.2568711610666152
0.33378477784171,0.4087721788481137,0.25744304331017637
0.3350265567749106,0.40780680020195204,0.2571666430231374
0.3343599978194212,0.40829099170487193,0.25734901047570696
0.33457713231399216,0.4081977197315603,0.2572251479544476
0.3346008049109039,0.40814370052059634,0.25725549456849983
0.33457621907224383,0.4081588823020283,0.25726489862572793
0.3345678114976111,0.4081658993915625,0.2572662891108264
0.33456703814886035,0.4081661938532111,0.25726676799792847
0.334569206103194,0.4081640011643369,0.2572667927324692
0.3345678353112007,0.40816538063602675,0.2572667840527726
0.33456730242351895,0.40816590707985106,0.25726679049663
0.33456515684067156,0.4081680342396645,0.25726680891966397
0.3345674270957912,0.4081657831573423,0.2572667897468665
