0.25,0.45,0.3
0.25106593054591314,0.4487782385481359,0.30015583090595094
0.2544802191226453,0.4449171836799743,0.30060259719738047
0.25558724225848967,0.4436819341700771,0.30073082357143327
0.2648244361758747,0.4336721694813845,0.3015033943427408
0.34007663945432737,0.3681737679953461,0.29174959255032656
0.39819407342998947,0.340474442474385,0.26133148409562557
0.3959975411287003,0.3646650446059603,0.2393374142653395
0.35225694923430395,0.4120769414885031,0.23566610927719298
0.30139977046090366,0.449464026130374,0.2491362034087223
0.29099225720692234,0.442889512072202,0.26611823072087554
0.3240362247534818,0.40426881227873723,0.271694962967781
0.3546921570677265,0.3835732092828182,0.2617346336494552
0.35851368368165965,0.3903556579467067,0.25113065837163384
0.33726685811027063,0.41313298246486163,0.24960015942486777
0.319028997969309,0.42359407065993465,0.25737693137075623
0.325897683615229,0.4115405027301921,0.26256181365457903
0.34311003194271444,0.39893457890971235,0.25795538914757316
0.3404399751732135,0.4053479580611436,0.25421206676564295
0.32962997595260485,0.4137224775452076,0.25664754650218763
0.331942076649456,0.408892568915228,0.259165354435316
0.3379849040992157,0.4052116380415241,0.2568034578592602
0.33360335306547706,0.4097829200255079,0.25661372690901496
0.3335164465200171,0.40854174338893817,0.2579418100910448
0.33564697642318997,0.40739559484839716,0.2569574287284129
0.3338483172585351,0.40884002001823805,0.2573116627232269
0.3349834237394256,0.40776523145225946,0.2572513448083151
0.3343349527783945,0.40835128841228624,0.2573137588093194
0.3346118570202228,0.40816380239445393,0.2572243405853233
0.3346044512273066,0.4081348810403358,0.25726066773235773
0.3345760923324565,0.4081575512135874,0.25726635645395624
0.3345685541036505,0.4081649623396538,0.2572664835566956
0.3345675038005703,0.40816572677666246,0.2572667694227672
0.33456755097833235,0.4081656582528827,0.25726679076878495
0.3345683155598236,0.4081648033588404,0.25726688108133594
0.3345675537430227,0.40816565713693587,0.2572667891200415
0.3345655836044274,0.40816757135021503,0.2572668450453576
0.3345655450884335,0.4081674996157765,0.25726695529579
0.3345664551454482,0.408166096356856,0.2572674484976958
0.3345670424894622,0.40816606018462875,0.25726689732590907
0.3345651095584115,0.40816802610083985,0.2572668643407485
0.3345668413996993,0.4081663490548729,0.25726680954542785
0.33456377238361784,0.40816934863726567,0.2572668789791165
0.3345675532611945,0.40816565642606834,0.25726679031273725
0.3345675555130095,0.40816565590927134,0.2572667885777191
0.33456755552341666,0.40816565585346715,0.25726678862311625
