0.5,0.45,0.05
0.4934786850818338,0.45637954288574456,0.0501417720324217
0.46227374768045815,0.4869163191828267,0.050809933136715196
0.4557753632606867,0.493277786806925,0.05094684993238833
0.40442829256755036,0.5435760315254639,0.05199567590698571
0.20129720124429373,0.7442612575345026,0.054441541221203746
0.09767044691693968,0.8504209276728969,0.05190862541016328
0.04237110906974245,0.91126882701583,0.046360063914427374
0.016216266090969073,0.9442954147354337,0.03948831917359728
0.007945135715143142,0.9572799395251864,0.034774924759670506
0.003670164320014227,0.9661094574158605,0.03022037826412531
0.0016245397423203245,0.9723444081943892,0.02603105206329051
0.0007095641933823767,0.9769271281622304,0.02236330764438727
0.0003065034316429321,0.9805170298790458,0.019176466689311347
0.00013116075281178655,0.983448567106029,0.016420272141159195
0.0,0.9859551878157113,0.014044812184288746
0.0,0.9879995503399168,0.012000449660083158
0.0,0.9897544333124433,0.010245566687556757
0.0,0.9912586399085804,0.008741360091419495
0.0,0.9925463616957666,0.007453638304233363
0.0,0.9934629774691967,0.006537022530803412
0.0,0.9942685739385436,0.005731426061456356
0.0,0.9949762039712782,0.005023796028721762
0.0,0.9952969620721848,0.004703037927815255
0.0,0.9958805520241578,0.004119447975842195
0.0,0.9964518934411963,0.003548106558803693
0.0,0.996944627718086,0.003055372281913971
0.0,0.997369405887901,0.0026305941120989447
0.0,0.997735478274099,0.002264521725900872
0.0,0.9980508676287861,0.0019491323712137907
0.0,0.9983225238045977,0.0016774761954022317
0.0,0.9985564611154035,0.001443538884596496
0.0,0.9987578797255791,0.001242120274420951
0.0,0.9989312724854756,0.0010687275145243426
0.0,0.9990805186345699,0.000919481365429996
0.0,0.9992089657482525,0.0007910342517475428
0.0,0.9993195012275388,0.0006804987724612443
0.0,0.9994146145366545,0.0005853854633454725
0.0,0.9994964512899264,0.0005035487100736309
0.0,0.9995688972014507,0.00043110279854928106
0.0,0.999636544247419,0.00036345575258101606
0.0,0.9997003122208918,0.00029968777910815395
0.0,0.999731330854866,0.0002686691451340506
0.0,0.9998068332663408,0.00019316673365925874
0.0,0.9998827547434272,0.00011724525657278982
0.0,1.0,0.0
