0.15,0.1,0.75
0.15565859877196647,0.09855947685908156,0.745781924368952
0.1918932405915072,0.0900159294615297,0.718090829946963
0.19847312321795127,0.08857877321111983,0.712948103570929
0.254405122187869,0.07754675386997166,0.6680481239421594
0.40816460766767787,0.05528439607963159,0.5365509962526906
0.5355354361436137,0.04318577764551939,0.42127878621086706
0.6266706981579958,0.03790156633508185,0.3354277355069224
0.6975340401625422,0.03740779852365485,0.265058161313803
0.7434634226512127,0.043270309071394716,0.21326626827739262
0.7630273471939427,0.06015185501962696,0.1768207977864304
0.7478258596815718,0.0987572718099533,0.15341686850847486
0.6706918611163044,0.1894096929627429,0.1398984459209527
0.5287530295160646,0.33284501924107607,0.1384019512428594
0.3606927890861288,0.49159831754586536,0.14770889336800583
0.22155765960757892,0.6176146460720711,0.16082769432035002
0.1261406966672453,0.7086584740119286,0.1652008293208261
0.05539993518652661,0.7923175407264613,0.15228252408701212
0.03353981977606559,0.8264756019199258,0.13998457830400865
0.005931361315751792,0.8942469516901076,0.0998216869941406
0.0023306930861212703,0.914715072720032,0.08295423419384669
0.0013268621593455563,0.9243876063769939,0.0742855314636606
0.000601701923729814,0.9356673622244316,0.0637309358518387
0.0002452376583801087,0.9460829589780368,0.05367180336358311
0.0,0.9550157239435476,0.044984276056452444
0.0,0.9624586302051158,0.03754136979488428
0.0,0.968778801216913,0.03122119878308706
0.0,0.9731728788150786,0.02682712118492138
0.0,0.9769877103681667,0.023012289631833337
0.0,0.9802892692794037,0.019710730720596245
0.0,0.9831388131456653,0.01686118685433473
0.0,0.9855924014332964,0.014407598566703593
0.0,0.9873536188412052,0.01264638115879479
0.0,0.9889059148786231,0.011094085121376905
0.0,0.9896110925957373,0.010388907404262666
0.0,0.9909155755910384,0.009084424408961648
0.0,0.9921383385687648,0.007861661431235215
0.0,0.9932045989500137,0.006795401049986286
0.0,0.9941284843014394,0.005871515698560648
0.0,0.9949284375769741,0.00507156242302588
0.0,0.9956206571838391,0.0043793428161609535
0.0,0.9962193328983175,0.0037806671016825323
0.0,0.9967368669731259,0.003263133026874064
0.0,0.9971840783486084,0.002815921651391552
0.0,0.9975703890816198,0.002429610918380227
0.0,0.9979039929573276,0.002096007042672411
0.0,0.9981920068288953,0.0018079931711046217
0.0,0.9984406056063648,0.0015593943936351975
0.0,0.9986577546038542,0.0013422453961458194
0.0,0.9988583248959203,0.0011416751040797045
0.0,0.9990481496588065,0.0009518503411934797
0.0,0.9992283475324266,0.0007716524675733912
0.0,0.99931604500919,0.0006839549908099553
0.0,0.99953145437096,0.0004685456290399426
0.0,0.9997411884832639,0.000258811516736128
0.0,0.9998791455944293,0.0001208544055707166
0.0,1.0,0.0
