0.2,0.1,0.7
0.2065899701763157,0.09841853432644469,0.6949914954972396
0.24652179053441198,0.08953043310543608,0.663947776360152
0.2537592861395236,0.08803655576784883,0.6582041580926277
0.3130433061136483,0.07695734124855116,0.6099993526378006
0.46781091624683424,0.05561906123513477,0.47657002251803093
0.5824505238425451,0.04556574756806719,0.3719837285893876
0.6638780623254747,0.04234540326553453,0.2937765344089908
0.7201671212323675,0.04542537391351185,0.2344075048541207
0.7509291664714358,0.05879002458627603,0.19028080894228816
0.746968023421235,0.09129534114086478,0.16173663543790018
0.6884254565388304,0.16685662967458517,0.14471791378658452
0.5578625433428245,0.3020737970995865,0.14006365955758912
0.3889528949291227,0.46347909073288923,0.1475680143379881
0.26757725926743986,0.5736564186839216,0.15876632204863864
0.17526811244670495,0.6576177900250634,0.16711409752823175
0.08558637976258295,0.7504504251749816,0.16396319506243553
0.05605517761945554,0.7886322302617592,0.15531259211878523
0.013976588953829028,0.865629771307362,0.12039363973880907
0.004216251656480803,0.9010079568423995,0.09477579150111975
0.0014294210999144586,0.9220202444620473,0.07655033443803809
0.0006380702532634133,0.9339160431390132,0.06544588660772344
0.0002741121376166125,0.9440736137856582,0.05565227407672521
0.00011388538384955998,0.9527763982810641,0.047109716335086205
0.0,0.9602741829327822,0.03972581706721779
0.0,0.966614398024574,0.033385601975425894
0.0,0.971148923503993,0.028851076496007034
0.0,0.9751099217524132,0.024890078247586787
0.0,0.9785590651847464,0.021440934815253578
0.0,0.9815542313227129,0.01844576867728715
0.0,0.9841489227036538,0.015851077296346116
0.0,0.985859763412353,0.014140236587646937
0.0,0.9866759431050788,0.013324056894921246
0.0,0.9883485447193646,0.011651455280635338
0.0,0.9899261158557555,0.010073884144244533
0.0,0.9913005892345145,0.008699410765485511
0.0,0.9924912594198386,0.007508740580161425
0.0,0.9935217538629574,0.00647824613704262
0.0,0.9944129067403442,0.005587093259655747
0.0,0.9951830255376195,0.004816974462380601
0.0,0.995848149732458,0.004151850267542031
0.0,0.9964222960069493,0.0035777039930506697
0.0,0.9969176866091272,0.0030823133908728325
0.0,0.9973449591075275,0.0026550408924724796
0.0,0.9977133569581792,0.0022866430418207436
0.0,0.9980309011071707,0.0019690988928291863
0.0,0.9983045434109357,0.0016954565890643315
0.0,0.9985403029828265,0.0014596970171735118
0.0,0.9987435086998648,0.0012564913001351715
0.0,0.9989293264670739,0.0010706735329260979
0.0,0.9990181911630536,0.0009818088369463508
0.0,0.9992285987910499,0.0007714012089501743
0.0,0.9994466995390691,0.0005533004609309176
0.0,0.999656268884546,0.00034373111545407984
0.0,0.999832809530362,0.00016719046963806374
0.0,1.0,0.0
