0.3,0.1,0.6
0.30728674947354534,0.09839279051140817,0.5943204600150465
0.34717352074666075,0.09017205479698717,0.562654424456352
0.3545092029367591,0.08876024716590833,0.5567305498973326
0.41144480753959944,0.07876066278955857,0.509794529670842
0.5419760957087485,0.06161956191390219,0.39640434237734945
0.6356936627045001,0.05501600762769524,0.3092903296678048
0.699634497544221,0.05727868529424424,0.2430868171615348
0.7304505230260919,0.0701964634054571,0.19935301356845087
0.7286332643760116,0.10192397740505535,0.169442758218933
0.6748399504552931,0.17436786337669757,0.15079218616800932
0.5540105619849705,0.30105073875574584,0.1449386992592837
0.42586167909977324,0.4247145144825676,0.1494238064176593
0.26881324833010045,0.5674787158474364,0.16370803582246318
0.18144767576427598,0.6459146127262518,0.1726377115094721
0.09135947262091101,0.7372367113925171,0.17140381598657187
0.038464017955739956,0.8100127774912194,0.15152320455304075
0.009026573450338238,0.8767844483670292,0.11418897818263264
0.003774585121037507,0.9003946999561516,0.0958307149228109
0.0014492468538778525,0.9192835174957464,0.0792672356503757
0.0005168710788315243,0.9346314907801642,0.06485163814100442
0.00022465288435063332,0.9445018595697634,0.05527348754588604
0.0,0.9530895626903217,0.04691043730967823
0.0,0.9603414095175258,0.03965859048247425
0.0,0.9665785228055679,0.03342147719443211
0.0,0.9719118324772741,0.028088167522725933
0.0,0.9756623130291092,0.024337686970890803
0.0,0.9789408698675511,0.021059130132448867
0.0,0.981799615754659,0.01820038424534102
0.0,0.9842867651890027,0.015713234810997248
0.0,0.9864464170181605,0.013553582981839533
0.0,0.9880041321706043,0.011995867829395691
0.0,0.9887165659663794,0.011283434033620627
0.0,0.9901292709636699,0.009870729036330118
0.0,0.9914597030958198,0.008540296904180202
0.0,0.9926200365579058,0.007379963442094302
0.0,0.9936253744055819,0.006374625594418094
0.0,0.9944957463399737,0.005504253660026286
0.0,0.9952487656250304,0.004751234374969587
0.0,0.995899876133215,0.004100123866785006
0.0,0.9964625861575759,0.003537413842424097
0.0,0.9969486859727505,0.0030513140272493766
0.0,0.9973684476039858,0.002631552396014195
0.0,0.9977308063272339,0.002269193672766099
0.0,0.9980435241636603,0.001956475836339834
0.0,0.9983133361273672,0.0016866638726328383
0.0,0.9985460802858097,0.001453919714190267
0.0,0.9987580977279094,0.0012419022720906367
0.0,0.998957127790755,0.0010428722092450647
0.0,0.9991451875478097,0.0008548124521903404
0.0,0.9992366593415574,0.0007633406584427005
0.0,0.9994602806422591,0.00053971935774089
0.0,0.9996829574717969,0.0003170425282031287
0.0,0.9998492645605781,0.00015073543942190648
0.0,1.0,0.0
