0.7,0.1,0.2
0.7001894251862016,0.10092416011293054,0.19888641470086776
0.7005423097459437,0.10480836384161911,0.1946493264124372
0.7005314294764374,0.105826776652991,0.1936417938705716
0.6990623487030136,0.1147055624190488,0.18623208887793755
0.6432314161852372,0.19702419409136787,0.159744389723395
0.5385792505835967,0.30805803603303744,0.15336271338336582
0.40684184369901066,0.4349436913781567,0.15821446492283267
0.28541322370564115,0.5442974749405208,0.17028930135383813
0.19248441246349776,0.6257229562435933,0.18179263129290885
0.10461263134088383,0.7107923963621574,0.1845949722969587
0.07345450751687038,0.7479329638839816,0.17861252859914808
0.02834841937591466,0.8194258998958289,0.15222568072825646
0.011447194331735829,0.8617056986708453,0.1268471069974189
0.0039017324711557574,0.8942373133194327,0.1018609542094115
0.0013977715232456362,0.9156422562517736,0.08295997222498079
0.000675751050858301,0.9273932301980917,0.07193101875105
0.0002870386510959658,0.938761676960714,0.06095128438819014
0.00011727128950075613,0.9485058801036389,0.05137684860686037
0.0,0.9568857089703123,0.043114291029687606
0.0,0.9639610486733893,0.0360389513266107
0.0,0.9699735365798169,0.03002646342018314
0.0,0.9741664940177287,0.02583350598227134
0.0,0.9778096292969718,0.02219037070302824
0.0,0.9809656529421062,0.019034347057893714
0.0,0.9832655883503277,0.01673441164967228
0.0,0.9854199230334247,0.014580076966575255
0.0,0.9873161802254339,0.012683819774566089
0.0,0.9889730739729053,0.011026926027094593
0.0,0.9904190440349487,0.009580955965051263
0.0,0.991679587672167,0.008320412327832991
0.0,0.9921421505478959,0.007857849452104099
0.0,0.9931144198088476,0.006885580191152297
0.0,0.9940746171918594,0.005925382808140637
0.0,0.9949027117051282,0.005097288294871871
0.0,0.9956164103481158,0.004383589651884231
0.0,0.996231168669087,0.003768831330913064
0.0,0.9967604448532179,0.003239555146782177
0.0,0.9972159339110196,0.002784066088980322
0.0,0.9976077808945762,0.0023922191054237666
0.0,0.9979447731239423,0.0020552268760577396
0.0,0.9982345121161549,0.0017654878838451074
0.0,0.9984906804314376,0.0015093195685623737
0.0,0.9987266944804638,0.00127330551953624
0.0,0.9989520392723595,0.0010479607276404554
0.0,0.9991646291469105,0.0008353708530895218
0.0,0.9993746772858194,0.0006253227141806158
0.0,0.9994815991336701,0.0005184008663299088
0.0,0.9997135652029007,0.000286434797099341
0.0,0.9998709750383807,0.00012902496161932872
0.0,1.0,0.0
