0.2,0.15,0.65
0.2059963267105179,0.14786949398303711,0.646134179306445
0.24120674387331612,0.13614528515495392,0.62264797097173
0.24775977821183878,0.13410145425920067,0.6181387675289606
0.3016390122668422,0.11873980780382791,0.5796211799293299
0.4555875676873943,0.08611934785515299,0.4582930844574527
0.5700776561466685,0.07086589215227936,0.3590564517010521
0.6474683818460768,0.06662603866019116,0.2859055794937321
0.6982408005486896,0.0725974525031584,0.2291617469481519
0.7165287481511893,0.09604965559764923,0.1874215962511616
0.6861671165448872,0.15230803129930282,0.16152485215581
0.5848013668783268,0.26529137464183256,0.14990725847984068
0.4348577193367385,0.4123111205056451,0.15283116015761644
0.36595156242461924,0.47610416010784157,0.1579442774675392
0.2562762889378099,0.5739694486260406,0.16975426243614955
0.1581207303696269,0.6621545319054613,0.17972473772491188
0.11255518185821826,0.7076571998059387,0.17978761833584314
0.050488560543278854,0.7854088307174542,0.164102608739267
0.030892347835845782,0.8187329884192751,0.15037466374487918
0.006859767430277445,0.8818506807157624,0.1112895518539601
0.0026090806299546108,0.9057851767986489,0.0916057425713965
0.0011876897999161394,0.9204230135561143,0.07838929664396949
0.0005152719481304187,0.9328701527770997,0.06661457527476984
0.00020889031501972777,0.9437856738951037,0.05600543578987662
0.0,0.953153855054376,0.04684614494562402
0.0,0.9609927606128894,0.0390072393871106
0.0,0.9664618809997498,0.03353811900025015
0.0,0.9712258250845298,0.028774174915470126
0.0,0.975359178969671,0.024640821030328993
0.0,0.9789330687567135,0.02106693124328649
0.0,0.9820139632348079,0.01798603676519207
0.0,0.9846629711215654,0.015337028878434538
0.0,0.9865268142645298,0.01347318573547016
0.0,0.9881713142583539,0.011828685741646007
0.0,0.9889189543752638,0.011081045624736193
0.0,0.990311896802797,0.00968810319720304
0.0,0.9916179333768756,0.00838206662312435
0.0,0.9927563865333996,0.007243613466600325
0.0,0.9937427691895555,0.0062572308104445135
0.0,0.994596745545252,0.005403254454748028
0.0,0.9953356023913159,0.00466439760868412
0.0,0.995974493795851,0.0040255062041490135
0.0,0.9965266721397122,0.0034733278602877204
0.0,0.9970037027099932,0.002996297290006823
0.0,0.9974156604714647,0.002584339528535304
0.0,0.9977713086489198,0.00222869135108009
0.0,0.9980782594549502,0.001921740545049746
0.0,0.9983431177642947,0.0016568822357053302
0.0,0.9985745576772403,0.0014254423227596932
0.0,0.9987885583720109,0.0012114416279891396
0.0,0.9989911257914672,0.0010088742085327595
0.0,0.9990921157414341,0.0009078842585659665
0.0,0.9993174416216536,0.0006825583783463596
0.0,0.9995485955897366,0.0004514044102633529
0.0,0.9997594491422448,0.00024055085775515243
0.0,0.9998885468160709,0.00011145318392915086
0.0,1.0,0.0
