0.4,0.2,0.4
0.4045562200191985,0.19827462650398794,0.39716915347681364
0.4245606425231509,0.19103793218956086,0.3844014252872883
0.42892347557910093,0.1895337132566669,0.3815428111642322
0.46182045676412703,0.17908096988288094,0.35909857335299206
0.5540930829248969,0.16115450686542448,0.2847524102096787
0.5961125332084033,0.17509522569813002,0.22879224109346671
0.5779447766203171,0.22746945928704518,0.19458576409263778
0.4783809279572419,0.3417943305509499,0.17982474149180824
0.34852098515967056,0.46414288434270856,0.18733613049762093
0.23662966287759393,0.5570493872153284,0.20632094990707778
0.16388236830701042,0.6136227428389506,0.22249488885403904
0.09766791230256222,0.6746736534740586,0.2276584342233792
0.06069262032419198,0.7247393002849702,0.2145680793908378
0.02938443763588544,0.7851292200720618,0.18548634229205282
0.012275829786006484,0.8345771863771152,0.15314698383687836
0.005127238250437388,0.8680374210059866,0.12683534074357605
0.0029829163347150434,0.8838325986427946,0.11318448502249032
0.0010140447418544845,0.908193132011415,0.09079282324673044
0.00038551037150157943,0.9246701213294545,0.07494436829904397
0.00016574050416352334,0.9362342229659468,0.06360003652988967
0.0,0.9463083785983317,0.05369162140166828
0.0,0.9548855311980442,0.04511446880195582
0.0,0.9622413706818697,0.03775862931813031
0.0,0.96746905765026,0.03253094234973997
0.0,0.971162471525584,0.028837528474415976
0.0,0.9751867666757124,0.024813233324287642
0.0,0.9787186163985733,0.021281383601426763
0.0,0.9817726839454007,0.018227316054599322
0.0,0.9844069402130146,0.01559305978698549
0.0,0.9866741249224077,0.013325875077592288
0.0,0.9886217016797763,0.01137829832022385
0.0,0.9902920018055333,0.009707998194466685
0.0,0.9917224948738148,0.008277505126185193
0.0,0.9929461371135805,0.0070538628864195395
0.0,0.9939917604619571,0.006008239538042855
0.0,0.9948844751713772,0.005115524828622708
0.0,0.9956460670404237,0.004353932959576254
0.0,0.9961795985805318,0.0038204014194680876
0.0,0.9965563360116249,0.0034436639883752037
0.0,0.9970027667656783,0.00299723323432166
0.0,0.9974070246222315,0.002592975377768454
0.0,0.997762763192032,0.002237236807967976
0.0,0.9980780981504737,0.0019219018495264257
0.0,0.9983635895353495,0.0016364104646504948
0.0,0.9986304953829228,0.0013695046170770868
0.0,0.9988893261455086,0.0011106738544914131
0.0,0.9991479076201568,0.0008520923798431766
0.0,0.9994093709524391,0.0005906290475608976
0.0,0.9996647314316135,0.00033526856838653104
0.0,0.9998425377580721,0.00015746224192788065
0.0,1.0,0.0
