0.5,0.2,0.3
0.5024679556059413,0.19956377815696558,0.2979682662370932
0.5111621332884756,0.19826438389320877,0.2905734828183157
0.5133795529887812,0.19799973395343104,0.28862071305778775
0.5289420208516149,0.1971728405800048,0.2738851385683804
0.555914133522925,0.2227717528333631,0.2213141136437118
0.4761169867262502,0.33232893119615425,0.19155408207759558
0.3407435050528335,0.4610886516926325,0.198167843254534
0.23503917695875573,0.5449746283521663,0.21998619468907815
0.17364313611255575,0.5858009356630319,0.24055592822441224
0.1335062087193207,0.6090066360861333,0.25748715519454596
0.11066040552583273,0.6233757940670943,0.26596380040707307
0.08770009431062643,0.6481205658019662,0.26417933988740744
0.0727536916316551,0.6717351872122236,0.2555111211561213
0.06256788298339241,0.690224043042457,0.2472080739741506
0.04033287984716931,0.7370586344553156,0.22260848569751518
0.018949539172583116,0.7955624376626723,0.18548802316474466
0.009798865767566611,0.831069539750679,0.15913159448175448
0.005230860258289028,0.8564381613722551,0.1383309783694559
0.0016806552273882828,0.8896911545818915,0.10862819019072027
0.0006841758460164429,0.9088906991913399,0.09042512496264374
0.0004027956080358577,0.9182430925113527,0.08135411188061148
0.00018227712224626213,0.9301901166629449,0.06962760621480887
0.0,0.9417127172535169,0.05828728274648313
0.0,0.9514820510936891,0.04851794890631089
0.0,0.9598052131128478,0.04019478688715216
0.0,0.9656212024413955,0.03437879755860445
0.0,0.9706647943345681,0.029335205665431904
0.0,0.9750196663817023,0.024980333618297667
0.0,0.9787657231165974,0.021234276883402625
0.0,0.9819775811065297,0.018022418893470293
0.0,0.9842568408716844,0.015743159128315486
0.0,0.9862584877481746,0.013741512251825431
0.0,0.9880137980673999,0.011986201932600131
0.0,0.9888080510432717,0.011191948956728297
0.0,0.9902203407309512,0.009779659269048759
0.0,0.9915397618580492,0.00846023814195083
0.0,0.9926892117801616,0.00731078821983846
0.0,0.9936850957328615,0.006314904267138509
0.0,0.9945472683813837,0.005452731618616328
0.0,0.9952931860661395,0.004706813933860595
0.0,0.9959381528769372,0.004061847123062829
0.0,0.9964955532636139,0.003504446736386103
0.0,0.9969770682780384,0.0030229317219615183
0.0,0.9973928739876,0.002607126012399918
0.0,0.9977536764570728,0.0022463235429271023
0.0,0.998074866544849,0.001925133455151005
0.0,0.9983564970779255,0.0016435029220744197
0.0,0.9986223735598853,0.0013776264401147535
0.0,0.9988799358386182,0.001120064161381778
0.0,0.99912880853858,0.0008711914614199653
0.0,0.999251266583784,0.0007487334162159499
0.0,0.9995432697701884,0.0004567302298115828
0.0,0.9997854357211743,0.00021456427882569874
0.0,1.0,0.0
