0.15,0.25,0.6
0.15422110401036682,0.24745481649156856,0.5983240794980647
0.1785868875731381,0.23340550071891253,0.5880076117079494
0.183348904092184,0.2307821137192174,0.5858689821885986
0.22395780225009015,0.2098981991560078,0.5661439985939021
0.3584176285179937,0.1562544189840461,0.4853279524979602
0.48393751273171703,0.12260430445582861,0.39345818281245437
0.5735682549348768,0.10811211690727653,0.31831962815784665
0.6355826694177742,0.10802986863664538,0.2563874619455804
0.6632899687251048,0.12790266978047563,0.2088073614944197
0.6393421692500597,0.18335526932630192,0.17730256142363843
0.5413271155707949,0.2954198778366935,0.1632530065925116
0.40222012737684204,0.43085416342179655,0.1669257092013614
0.3363453152390594,0.49047800375976625,0.17317668100117434
0.2546751848331723,0.5612140989314411,0.18411071623538652
0.16096460559569925,0.6418157544063876,0.1972196399979131
0.08283492376671199,0.7225653248284469,0.19459975140484115
0.05992606314028312,0.753588621717957,0.18648531514175976
0.02184504592725093,0.8238521098465684,0.15430284422618065
0.010278197668679774,0.8577995418231931,0.1319222605081272
0.0037372781881521225,0.889248467661156,0.10701425415069196
0.0022878180590656374,0.9008526677665504,0.09685951417438401
0.0012101706417670165,0.9135268118165032,0.08526301754172981
0.0004621736600196177,0.928975743732238,0.07056208260774235
0.00016599149767222487,0.9419242465220884,0.05790976198023934
0.0,0.9504455921876969,0.04955440781230307
0.0,0.9577504864495394,0.0422495135504606
0.0,0.9640888446742641,0.03591115532573582
0.0,0.9695577160404,0.03044228395960004
0.0,0.9742533229878662,0.025746677012133845
0.0,0.9782679416664203,0.021732058333579805
0.0,0.981094243920506,0.01890575607949406
0.0,0.9830417523818311,0.016958247618168925
0.0,0.9853064281176053,0.01469357188239471
0.0,0.9873292404799212,0.012670759520078791
0.0,0.9890816989219425,0.010918301078057474
0.0,0.9905978430036236,0.009402156996376448
0.0,0.9919079698974478,0.008092030102552227
0.0,0.9930389007616911,0.006961099238308906
0.0,0.9940142708045737,0.0059857291954263205
0.0,0.9948548264070765,0.005145173592923448
0.0,0.9955787175242021,0.004421282475797959
0.0,0.9962017774222691,0.0037982225777309212
0.0,0.9967377847723652,0.003262215227634783
0.0,0.9971987052939826,0.0028012947060173715
0.0,0.9975949117840862,0.0024050882159137583
0.0,0.9979353824568566,0.0020646175431434464
0.0,0.998227878288491,0.001772121711508994
0.0,0.9984791005395718,0.0015208994604282134
0.0,0.9985910730470202,0.0014089269529797778
0.0,0.9988286674877886,0.0011713325122113243
0.0,0.9990749448971182,0.0009250551028818088
0.0,0.9993123526526214,0.0006876473473785334
0.0,0.9995521948521741,0.0004478051478259517
0.0,0.9997714935667126,0.00022850643328743003
0.0,0.999894878664186,0.00010512133581396602
0.0,1.0,0.0
