0.25,0.25,0.5
0.2548772527321275,0.24729702125699132,0.49782572601088115
0.27975273333451767,0.2340915898791235,0.48615567678635885
0.284825282384921,0.23151424214094407,0.483660475474135
0.32571093863739753,0.21208390672180108,0.46220515464080136
0.46227509472302397,0.16271247389661714,0.375012431380359
0.5559886574185331,0.14392469453549545,0.30008664804597157
0.6078658420018244,0.14845470426666876,0.24367945373150687
0.6152866478293847,0.181798944633022,0.2029144075375934
0.5573688119330238,0.2638078987719682,0.17882328929500813
0.4427716517090424,0.38228069234517326,0.17494765594578443
0.31947690143524615,0.4944934193048968,0.18602967925985706
0.2387571772327947,0.5617689182543899,0.1994739045128154
0.15679068513723535,0.6285485187804937,0.21466079608227098
0.08739696180095526,0.6979062187205569,0.21469681947848784
0.04634361827868644,0.7586369685754762,0.19501941314583737
0.017460528194747735,0.823317061595423,0.15922241020982933
0.004497436924980958,0.87628297568193,0.11921958739308908
0.0012753017997469591,0.9066533612165236,0.09207133698372935
0.0004936806733040377,0.9232533176209621,0.07625300170573394
0.00022739744757178845,0.9342094829145104,0.06556311963791767
0.0,0.9442254649340256,0.05577453506597447
0.0,0.9527674622318014,0.04723253776819861
0.0,0.9601518202532885,0.03984817974671148
0.0,0.9664915866696211,0.033508413330378906
0.0,0.9710462311662563,0.02895376883374367
0.0,0.9750245335169678,0.024975466483032196
0.0,0.9784884467432844,0.02151155325671561
0.0,0.9814961335140704,0.01850386648592965
0.0,0.9841013733196506,0.015898626680349356
0.0,0.986353271875028,0.013646728124971952
0.0,0.9878491364244193,0.012150863575580756
0.0,0.9885363211697605,0.011463678830239403
0.0,0.9899674645576416,0.01003253544235844
0.0,0.9913196501842606,0.008680349815739464
0.0,0.992499401805657,0.0075005981943430285
0.0,0.9935215565376843,0.006478443462315693
0.0,0.9944064694340723,0.005593530565927686
0.0,0.9951720444319754,0.004827955568024664
0.0,0.9958339834539248,0.004166016546075183
0.0,0.9964060226646162,0.003593977335383823
0.0,0.9969001526585128,0.0030998473414872206
0.0,0.9973268208903676,0.002673179109632347
0.0,0.9976951157710987,0.0023048842289013654
0.0,0.9980150095018907,0.0019849904981092746
0.0,0.9982907035215463,0.0017092964784537403
0.0,0.9985421744290567,0.0014578255709432365
0.0,0.9987801477874363,0.0012198522125636785
0.0,0.9990088887144074,0.000991111285592601
0.0,0.9991235434950455,0.0008764565049544671
0.0,0.9993855932799158,0.0006144067200841626
0.0,0.9996454582479317,0.0003545417520682872
0.0,0.9998325892093419,0.0001674107906580287
0.0,1.0,0.0
