0.4,0.25,0.35
0.40332735008126025,0.24852664793664342,0.34814600198209633
0.4165374099184633,0.242909142886936,0.3405534471946008
0.41972193224860876,0.2416119967514796,0.3386660709999117
0.4436943154772737,0.23261834923344282,0.32368733528928345
0.5166971824949825,0.2193327202568478,0.2639700972481697
0.5298916067007066,0.2495081696267294,0.22060022367256404
0.45915201084900087,0.34292615848529595,0.1979218306657032
0.3376767333099875,0.4578763031898687,0.20444696350014382
0.24347442391504864,0.5307788554092346,0.22574672067571663
0.1910948986417465,0.5611459099716176,0.2477591913866359
0.16734409738069095,0.5605533686560784,0.2721025339632307
0.18450856035827604,0.5195032680918552,0.29598817154986884
0.22938477971974308,0.46014550990875314,0.3104697103715038
0.2865991833442688,0.4018993879117064,0.31150142874402487
0.36561244699396855,0.34345446739138935,0.29093308561464226
0.41357639276980823,0.32656134304532713,0.25986226418486463
0.4125900518782144,0.3499134232130537,0.23749652490873197
0.3662680225326864,0.40319440182868754,0.23053757563862604
0.3024128553474718,0.454184660977383,0.24340248367514503
0.27876554242251333,0.4579165483311488,0.26331790924633786
0.30988605218538,0.41418541359712163,0.2759285342174984
0.35147014605252086,0.3815889905289688,0.2669408634185104
0.366243625538477,0.37890355815635973,0.25485281630516327
0.35219229484042336,0.4008329123225823,0.24697479283699433
0.32036460247922227,0.4262141322595253,0.2534212652612524
0.31845299343548417,0.41867439724447725,0.26287260932003864
0.3394776590135764,0.39928343683190715,0.2612389041545164
0.3447917184268233,0.4009455234535917,0.25426275811958504
0.33196213060809526,0.4132515994910314,0.2547862699008734
0.32881405408402314,0.4119110190937953,0.2592749268221815
0.33780092419617286,0.4042102286360174,0.25798884716780973
0.33602244042699153,0.4080756108173766,0.2559019487556318
0.3324191214566406,0.409637370921661,0.2579435076216983
0.3360459676859686,0.4067383304296992,0.2572157018843322
0.3339325623852253,0.4089847919571422,0.25708264565763245
0.3347796899898461,0.40777204244000875,0.25744826757014516
0.3343628799141284,0.40843899817814455,0.25719812190772706
0.33473673894606115,0.40801549183877006,0.25724776921516873
0.3345317512784707,0.40817272417655975,0.25729552454496957
0.33454272541879754,0.40818691103414956,0.2572703635470529
0.33456206484825723,0.40817062508934493,0.25726731006239795
0.33456699734571604,0.408166011816368,0.2572669908379159
0.33456755708097186,0.40816564497953256,0.2572667979394956
0.3345675557923019,0.40816565568575414,0.25726678852194407
0.3345675062963112,0.40816569560006294,0.2572667981036258
0.33456755545658745,0.40816565597560156,0.25726678856781104
