0.15,0.3,0.55
0.15370605149421837,0.2973706292130713,0.5489233192927104
0.17415196247141132,0.28336197238971705,0.5424860651388717
0.1782829885829167,0.28063130591820995,0.5410857054988734
0.21348844872621706,0.25864750347997606,0.527864047793807
0.3412216385304511,0.19542732634434645,0.4633510351252025
0.465144642963344,0.15381718935024496,0.3810381676864111
0.5556676024777384,0.13586098708504504,0.30847141043721654
0.6113221118919282,0.13726629010078628,0.25141159800728546
0.6283965161105406,0.16500570774721052,0.20659777614224897
0.5801518756565791,0.24136206853802783,0.1784860558053931
0.4712297404598129,0.35714194129606436,0.17162831824412278
0.33624416845645544,0.4824371017063627,0.18131872983718184
0.2216530732841966,0.5788465761732633,0.19950035054254014
0.14567581366329174,0.6425810244951962,0.2117431618415121
0.07700421768015128,0.7159861625116888,0.20700961980815996
0.038796146299272055,0.7766575659469763,0.1845462877537516
0.0238300918559234,0.8091827733242177,0.16698713481985883
0.007502844360274986,0.8619235124968391,0.13057364314288603
0.0017349884265835322,0.9018228556114342,0.0964421559619823
0.0007541854683040593,0.9176057423240744,0.08164007220762147
0.0003961675382921412,0.9276636830945854,0.07194014936712242
0.00017089075421602382,0.938697892431717,0.06113121681406691
0.0,0.9483083565750532,0.05169164342494683
0.0,0.9564834531416726,0.04351654685832738
0.0,0.9635008840356332,0.036499115964366814
0.0,0.9694840931987239,0.03051590680127613
0.0,0.9736561379486097,0.026343862051390228
0.0,0.9772934028071394,0.022706597192860545
0.0,0.980455254034307,0.019544745965692917
0.0,0.9831968730778905,0.01680312692210949
0.0,0.9855688681470167,0.014431131852983272
0.0,0.9876171390967973,0.01238286090320265
0.0,0.9890824156593219,0.010917584340678155
0.0,0.9897504975819518,0.010249502418048149
0.0,0.9910335573740805,0.008966442625919419
0.0,0.9922395948058783,0.007760405194121677
0.0,0.9932918028877815,0.006708197112218551
0.0,0.9942035262729286,0.005796473727071444
0.0,0.994992968735311,0.005007031264688989
0.0,0.9956761158559069,0.004323884144093106
0.0,0.9962669690902205,0.003733030909779593
0.0,0.9967777648382784,0.0032222351617215875
0.0,0.9972191765578977,0.0027808234421023517
0.0,0.9976004991245628,0.0023995008754371383
0.0,0.9979310476347446,0.0020689523652554056
0.0,0.9982243639808548,0.0017756360191452227
0.0,0.9984910667648846,0.00150893323511536
0.0,0.9987310723001688,0.0012689276998312517
0.0,0.9989628249715039,0.0010371750284961362
0.0,0.9991875406902675,0.0008124593097324924
0.0,0.9992993469284963,0.0007006530715036687
0.0,0.9995610150262872,0.0004389849737127504
0.0,0.9997888222759789,0.0002111777240212152
0.0,1.0,0.0
