0.25,0.3,0.45
0.25405103803566187,0.297328819113202,0.4486201428511361
0.2735245546526071,0.2849162533961177,0.44155919195127524
0.27772214580025223,0.282331772660158,0.4399460815395898
0.3116791310468586,0.26256739383606414,0.4257534751170771
0.4421158895638698,0.20420351442293358,0.3536805960131967
0.5319900617149089,0.18330198972135459,0.2847079485637365
0.5702653959937807,0.19388863311493384,0.2358459708912856
0.5545553024083224,0.2446665322399724,0.20077816535170534
0.45108761617991194,0.36252184159292933,0.1863905422271588
0.32289525620085724,0.48021038084218115,0.19689436295696158
0.22639836495715093,0.5567060320584178,0.21689560298443122
0.16493020440444456,0.6005996357209054,0.23447015987465009
0.1144861803848067,0.6399354182072199,0.24557840140797343
0.07388621104743946,0.6884686773041909,0.23764511164836968
0.044157489527915796,0.7408969901070527,0.21494552036503162
0.019370866486270035,0.8023380379115927,0.1782910956021372
0.008414747613068858,0.8438084934814714,0.14777675890545983
0.0039458276456647845,0.8706677041464738,0.12538646820786153
0.0009727507236651257,0.9052202102852785,0.09380703899105637
0.0003472759052606546,0.923243113811994,0.07640961028274544
0.00017463449429789413,0.933007860074379,0.06681750543132324
0.0,0.9427544745728342,0.05724552542716582
0.0,0.9515162408795039,0.04848375912049608
0.0,0.9590958889724317,0.04090411102756822
0.0,0.9656066343098602,0.03439336569013986
0.0,0.9711649181025995,0.02883508189740045
0.0,0.9750551169013646,0.02494488309863548
0.0,0.9784514780563002,0.021548521943699883
0.0,0.9814088033591984,0.018591196640801506
0.0,0.9839778497251649,0.016022150274835112
0.0,0.9862050613409467,0.013794938659053435
0.0,0.9881325080584553,0.011867491941544692
0.0,0.9895276431147328,0.010472356885267185
0.0,0.9901640833831237,0.00983591661687636
0.0,0.9913936714082534,0.008606328591746589
0.0,0.9925501135521101,0.007449886447889897
0.0,0.9935594015837891,0.006440598416210822
0.0,0.9944339602420028,0.005566039757997244
0.0,0.9951912663420356,0.004808733657964335
0.0,0.9958466587452699,0.004153341254730101
0.0,0.9964135666910133,0.003586433308986767
0.0,0.9969037226032358,0.00309627739676418
0.0,0.9973273577900158,0.002672642209984114
0.0,0.9976945389890152,0.0023054610109847825
0.0,0.9980194199846141,0.001980580015385979
0.0,0.9983135110147356,0.001686488985264406
0.0,0.9985881413834542,0.0014118586165456995
0.0,0.9988424459695049,0.0011575540304951362
0.0,0.999092567217837,0.0009074327821629434
0.0,0.999221796004076,0.0007782039959239555
0.0,0.9995043613259036,0.000495638674096428
0.0,0.9997573367671548,0.00024266323284509954
0.0,0.9998891155832742,0.0001108844167256989
0.0,1.0,0.0
