0.35000000000000003,0.30000000000000004,0.35000000000000003
0.3529788293093414,0.2982688225960513,0.34875234809460726
0.36476592448225825,0.2916208570853987,0.34361321843234305
0.36768931337839317,0.2900225174641585,0.3422881691574483
0.3902836609236946,0.27836763798100217,0.33134870109530323
0.47355717885145543,0.24997172600562248,0.27647109514292206
0.4992577653379015,0.2674779725527314,0.23326426210936696
0.45500387804604936,0.33593161767565594,0.2090645042782948
0.32982854507717657,0.4560331386254216,0.21413831629740185
0.2561328211111735,0.5104004328608346,0.23346674602799186
0.21469677856886946,0.5272730139961151,0.2580302074350154
0.2224892375841264,0.49009362881722374,0.2874171335986499
0.270554740298487,0.43031467240445975,0.2991305872970534
0.3186112181482076,0.38618720056868006,0.29520158128311236
0.3822903876483587,0.3463652150535596,0.27134439729808174
0.40044065570018444,0.3527332926776698,0.24682605162214585
0.36912023792476983,0.39491082313357706,0.23596893894165322
0.3115928383380111,0.4427598346293657,0.24564732703262326
0.29194393308211997,0.44460635247403973,0.2634497144438403
0.3196080039458821,0.4089808499110881,0.27141114614302986
0.35618197477192515,0.384182096547828,0.25963592868024693
0.35563727886918556,0.39377820488627374,0.2505845162445408
0.3347081783037146,0.41485356383914057,0.2504382578571449
0.319319502432555,0.4219143721217733,0.2587661254456716
0.3310036940130028,0.406902432442544,0.2620938735444533
0.34355115710164447,0.4004365818278669,0.25601226107048874
0.3336485685665658,0.41134017816877383,0.2550112532646605
0.3298577784290241,0.4114276123486453,0.25871460922233075
0.3370737654295522,0.40510830024948863,0.25781793432095923
0.33560237129603926,0.40817825247647005,0.2562193762274907
0.3332560424335577,0.40887014361018553,0.2578738139562568
0.33561697247521033,0.4073847361132882,0.25699829141150154
0.3338934066157739,0.40875255885324946,0.2573540345309767
0.3349625613641971,0.4078131852428974,0.2572242533929056
0.33434253672434583,0.40833547485123883,0.25732198842441534
0.3345949324656903,0.40817963347262615,0.2572254340616835
0.3346014524575134,0.408139186244389,0.2572593612980976
0.33457646603059743,0.4081569559777898,0.25726657799161284
0.3345696615849709,0.4081639621176158,0.2572663762974133
0.334568117027373,0.40816523931651544,0.2572666436561116
0.3345677976993494,0.40816533735340654,0.2572668649472441
0.33456448800938854,0.4081678511068547,0.2572676608837567
0.33456790452641993,0.408165244898092,0.2572668505754881
0.334567319716901,0.4081660529655171,0.2572666273175818
0.33456508033649396,0.40816869370259085,0.25726622596091514
0.33456483936067527,0.4081687708790923,0.25726638976023236
0.33456452123470054,0.40816796532991584,0.2572675134353836
0.33456675692501103,0.4081665530862297,0.25726668998875923
0.3345558643266489,0.40817786611139206,0.2572662695619591
0.3345185739208945,0.40821291257518166,0.2572685135039238
0.33456731002053397,0.4081657187386622,0.2572669712408037
0.3345675559055282,0.40816565510881503,0.25726678898565675
0.33456755551064116,0.4081656559121876,0.2572667885771712
0.3345675555242107,0.40816565589373766,0.2572667885820517
0.3345675555191671,0.4081656559035528,0.2572667885772801
