0.55,0.3,0.15
0.5469210552809313,0.303087542492999,0.1499914022260698
0.5341255471059139,0.3158514865496159,0.1500229663444703
0.5309538084742951,0.318999257686164,0.15004693383954082
0.5050872102059399,0.3444476719558044,0.15046511783825559
0.33618773542612085,0.5024299543909789,0.16138231018290036
0.200700396841475,0.6223692895564502,0.17693031360207476
0.11191448437947639,0.7074531590790969,0.18063235654142668
0.07877938848380336,0.7456426438475061,0.17557796766869058
0.030692735309559155,0.8184007905783843,0.1509064741120565
0.01321517856340651,0.8590781953350113,0.12770662610158223
0.004338042160973457,0.8937869473510858,0.10187501048794084
0.0027071241628265083,0.9046204754132965,0.09267240042387712
0.0014082711898385988,0.9171947932674694,0.081396935542692
0.0005348691351730735,0.9320962768514378,0.06736885401338918
0.00019167779082367517,0.9444957584816336,0.05531256372754281
0.0,0.9526112050190151,0.04738879498098496
0.0,0.9595404542006297,0.04045954579937035
0.0,0.9655555970570638,0.03444440294293612
0.0,0.9707497632759121,0.02925023672408791
0.0,0.975214446061759,0.024785553938241073
0.0,0.9790368513181166,0.0209631486818834
0.0,0.981754700365688,0.018245299634311974
0.0,0.9837019244957749,0.01629807550422506
0.0,0.9858845571468985,0.014115442853101443
0.0,0.9878258953329389,0.012174104667061236
0.0,0.9895077088788143,0.010492291121185653
0.0,0.9909627668671562,0.009037233132843749
0.0,0.9922201996614745,0.007779800338525451
0.0,0.9933057701575352,0.006694229842464871
0.0,0.994242163512529,0.005757836487470972
0.0,0.9950492803647745,0.0049507196352256
0.0,0.9957445230428099,0.00425547695719006
0.0,0.9963430677858834,0.003656932214116533
0.0,0.9968581186993664,0.0031418813006336933
0.0,0.9973011411386994,0.0026988588613006017
0.0,0.9976820736916822,0.002317926308317828
0.0,0.9980095189012191,0.001990481098780945
0.0,0.9982909135491456,0.0017090864508544402
0.0,0.9985326797361692,0.0014673202638307739
0.0,0.9986404647663467,0.0013595352336532474
0.0,0.9988628961487455,0.00113710385125458
0.0,0.9990929940013004,0.000907005998699621
0.0,0.9993140267835509,0.0006859732164491705
0.0,0.9995378574913986,0.0004621425086014918
0.0,0.9997515147973588,0.00024848520264115684
0.0,0.9998846822889838,0.00011531771101624121
0.0,1.0,0.0
