0.1,0.35,0.55
0.10255970559714568,0.34784866592850905,0.5495916284743453
0.11688724102184204,0.33607449898909086,0.5470382599890671
0.11982060984631113,0.3337196036435465,0.5464597865101424
0.145519745735441,0.3138838772035115,0.5405963770610476
0.2558397571864072,0.243470835627651,0.5006894071859418
0.3842849845928934,0.18553746035853047,0.4301775550485762
0.49260589811836764,0.1527109002340379,0.3546832016475946
0.5670818423740305,0.14073720384651006,0.29218095377945963
0.6136344407623455,0.1478079850998041,0.2385575741378504
0.6152361794189373,0.18640740929395117,0.19835641128711168
0.5345102488359632,0.2901779481911139,0.17531180297292298
0.40135525738286254,0.422049981219941,0.1765947613971966
0.33566348133454155,0.48115909642508375,0.1831774222403748
0.2733711879285791,0.5342232325919669,0.19240557947945386
0.1820646203764002,0.608615999413215,0.20931938021038482
0.10966770546677423,0.673997881770111,0.2163344127631147
0.05863408308545316,0.7392195779314914,0.20214633898305556
0.04255572583437414,0.7667343511087439,0.19070992305688184
0.017518157034786236,0.8239790703295855,0.15850277263562826
0.004648785524289739,0.8758633168263575,0.11948789764935269
0.002102872941240421,0.896463570249505,0.10143355680925464
0.0007211829252919081,0.9174604203964576,0.0818183966782505
0.0002805466198565557,0.9317200935852401,0.06799935979490336
0.00012964913760198646,0.9412736620860532,0.0585966887763448
0.0,0.9505612703242785,0.04943872967572149
0.0,0.9584663691938166,0.041533630806183434
0.0,0.9652328564076667,0.03476714359233334
0.0,0.9709868480761252,0.029013151923874717
0.0,0.9750237836743678,0.02497621632563221
0.0,0.9785320781100494,0.02146792188995058
0.0,0.9815722933073526,0.018427706692647393
0.0,0.9842003576607732,0.01579964233922676
0.0,0.9860981939439251,0.01390180605607496
0.0,0.9878784521384136,0.012121547861586464
0.0,0.9894496875926113,0.010550312407388652
0.0,0.9908222223085508,0.009177777691449179
0.0,0.9920199745868586,0.007980025413141315
0.0,0.9930642795768814,0.006935720423118591
0.0,0.9934565012645242,0.006543498735475751
0.0,0.9942649171079292,0.005735082892070762
0.0,0.9950627392696706,0.004937260730329365
0.0,0.9957508135059907,0.004249186494009268
0.0,0.9963439151472429,0.003656084852757161
0.0,0.9968549139410257,0.003145086058974271
0.0,0.997294997872141,0.0027050021278589628
0.0,0.9976738766056338,0.0023261233943661975
0.0,0.9979999646958293,0.002000035304170776
0.0,0.998288646281636,0.0017113537183639901
0.0,0.998553846487662,0.0014461535123380272
0.0,0.9988065066548525,0.0011934933451475407
0.0,0.9990553725490717,0.0009446274509282704
0.0,0.9993049259858954,0.0006950740141046459
0.0,0.9995410114345559,0.0004589885654441468
0.0,0.9996561387072426,0.00034386129275741054
0.0,0.9998322012904423,0.00016779870955777873
0.0,1.0,0.0
