0.25,0.35,0.4
0.2531652949262956,0.3475699782690272,0.39926472680467723
0.26723601748222814,0.3370373474431759,0.39572663507459593
0.2705024573794392,0.3346546882448789,0.39484285437568195
0.2970205093788647,0.3161663219802763,0.38681316864085896
0.41643014338738316,0.2511129820623022,0.3324568745503146
0.4975893017178983,0.2291815479135535,0.27322915036854817
0.5215992997403409,0.24615557493009524,0.23224512532956387
0.48230175298545735,0.31283289304348827,0.20486535397105426
0.36353185031097285,0.4325514517948592,0.20391669789416803
0.25301569230825116,0.5203153869610921,0.22666892073065675
0.20467370167356821,0.5477502065665956,0.24757609175983636
0.18400527350975138,0.5400357003825423,0.2759590261077063
0.22161870955618665,0.4764457870387087,0.3019355034051046
0.2561396134665466,0.43646581057110445,0.30739457596234887
0.3172392967995399,0.3804238965254761,0.3023368066749841
0.38771238846045,0.3367017493240056,0.27558586221554454
0.41235009868602457,0.33994373418113993,0.2477061671328356
0.3889337753215881,0.37753661498661667,0.23352960969179531
0.32800533556425715,0.43451356202592684,0.23748110240981607
0.28827422792290797,0.45745219118789715,0.25427358088919494
0.2909493975323385,0.43810499064881514,0.2709456118188464
0.3329547850299544,0.3953114666808883,0.27173374828915736
0.363075439954552,0.3804375285956415,0.2564870314498065
0.3560709732215294,0.3954899832143929,0.24843904356407778
0.32928766346150184,0.42010596493431496,0.25060637160418325
0.3164967778935497,0.42432745651091563,0.2591757655955347
0.3273432631186982,0.4094267089143191,0.26323002796698264
0.3440499634797179,0.3978096963706047,0.2581403401496773
0.3426583353953766,0.40326715044467876,0.2540745141599447
0.329654765637318,0.4142120604764721,0.25613317388621
0.33117490582449627,0.4094281388999184,0.25939695527558526
0.3383753297830989,0.4049630296876659,0.25666164052923524
0.3330248100132908,0.4102332879496642,0.25674190203704494
0.33404853751983016,0.4079597266664161,0.25799173581375373
0.33502162175286443,0.40814963186096465,0.25682874638617087
0.3343509691212879,0.4081293489910914,0.25751968188762075
0.33446048014952834,0.40836398602796586,0.2571755338225058
0.33470353685195137,0.40805648194219957,0.2572399812058492
0.3345767577294258,0.4081397959402915,0.2572834463302828
0.3345634327678823,0.40816470032598884,0.2572718669061289
0.3345687644195132,0.40816358270657643,0.25726765287391046
0.33456918067050406,0.4081640258193434,0.25726679351015247
0.33456718176897554,0.40816604424180525,0.2572667739892192
0.33456731832124736,0.4081658896687048,0.2572667920100478
0.33456965506881153,0.40816358114003287,0.2572667637911555
0.3345677863782612,0.40816542816189766,0.2572667854598412
0.33456733001938127,0.40816587855486225,0.2572667914257564
0.3345675363677439,0.40816567469595144,0.2572667889363047
