0.4,0.4,0.2
0.4033014263437554,0.39668800207947286,0.20001057157677182
0.4170087777466752,0.3830475804900288,0.19994364176329604
0.42038775257913186,0.3797128335376434,0.19989941388322477
0.44806080889678596,0.35282329542598684,0.1991158956772273
0.5821312177330586,0.23372128092939534,0.18414750133754598
0.7585637964079437,0.10634441001572312,0.13509179357633305
0.8678130164558847,0.04532622781907299,0.08686075572504216
0.9270412666155046,0.01940965611138266,0.05354907727311279
0.966012843323711,0.00638711139924706,0.02760004527704201
0.9811021817831344,0.0026690860354391353,0.016228732181426522
0.9878907211424093,0.001363145757380696,0.010746133100209988
0.9928748985543284,0.0006058094700948573,0.0065192919755767765
0.9958015054962659,0.0002672565370613372,0.003931237966672682
0.9975205858719317,0.00011738109366952608,0.0023620330343987013
0.9985837985613821,0.0,0.0014162014386178447
0.9991520537071055,0.0,0.000847946292894612
0.9994926773380421,0.0,0.0005073226619578489
0.99969660821003,0.0,0.0003033917899700446
0.9998186131600233,0.0,0.0001813868399767031
0.9998915730262489,0.0,0.00010842697375107316
1.0,0.0,0.0
