0.25,0.6,0.15
0.2532346246990053,0.5966874363634831,0.15007793893751153
0.26765987076474246,0.5819784345356588,0.15036169469959867
0.27108294975554925,0.5785033260554842,0.1504137241889666
0.2997834049017602,0.5495975743514339,0.150619020746806
0.47153651469745067,0.3852591965423473,0.14320428876020214
0.6752202723470431,0.2101019158773464,0.11467781177561051
0.8185882328362228,0.10162869559694747,0.0797830715668297
0.8715656295463434,0.06572317234871639,0.06271119810494022
0.9348356667156987,0.027423328708388005,0.03774100457591327
0.9714648078840102,0.009104883424374247,0.019430308691615574
0.9837897297579207,0.0041650015925567595,0.012045268649522595
0.990746641991771,0.0018770478900574964,0.00737631011817151
0.9946772400763654,0.0008384381547161644,0.004484321768918482
0.9969130249242955,0.0003725416853489013,0.002714433390355576
0.9981960906027189,0.0001650138207733702,0.0016388955765077335
0.9990119090424434,0.0,0.0009880909575565612
0.999350448233416,0.0,0.0006495517665839604
0.9995411043173095,0.0,0.00045889568269060936
0.9997130502689806,0.0,0.0002869497310194004
0.9998237789174651,0.0,0.00017622108253492644
0.9998920398751601,0.0,0.00010796012483983296
1.0,0.0,0.0
