0.05,0.8,0.15
0.05061108527275502,0.7992684058096554,0.15012050891758966
0.05322623561871727,0.7961400372350366,0.15063372714624618
0.05387527928138237,0.7953642399778964,0.15076048074072126
0.059346682053288705,0.7888338581883291,0.15181945975838226
0.12615314663970048,0.710344428286387,0.16350242507391244
0.19478253536608817,0.6321379898706183,0.1730794747632936
0.3307890840913871,0.48563053830195496,0.18358037760665805
0.5272614939802838,0.2982314547393354,0.1745070512803809
0.6206911965885897,0.22029835953345023,0.15901044387796012
0.7616756401009254,0.11718381841077152,0.12114054148830317
0.8792219981600355,0.04652446295677362,0.07425353888319086
0.9353220641142799,0.01961010259464664,0.04506783329107354
0.9667842531624575,0.007623899035009707,0.025591847802532815
0.9835022809193543,0.002751424581085604,0.013746294499560162
0.9905733030826174,0.0011950056897302363,0.008231691227652438
0.9939950156426113,0.0006037499187667221,0.005401234438621861
0.9964384947097136,0.0002709456819422634,0.0032905596083442033
0.9978800086994338,0.00012115826317090478,0.0019988330373953145
0.9987878906354841,0.0,0.0012121093645158713
0.9992658074029687,0.0,0.0007341925970313466
0.9995555652654481,0.0,0.0004444347345519995
0.99973106828179,0.0,0.0002689317182099859
0.999837304071534,0.0,0.00016269592846592825
1.0,0.0,0.0
