0.65,0.1,0.25
0.6519652063190317,0.098737318717026,0.24929747496394233
0.6604435795304283,0.09343509162515662,0.2461213288444151
0.6624385144918272,0.0922211989797517,0.24534028652842108
0.6787163776223266,0.08277744858623026,0.2385061737914431
0.7684501629698864,0.042992330609033645,0.18855750642107993
0.8641768674978376,0.01672725015613264,0.1190958823460297
0.9038029548888042,0.009400127534412297,0.08679691757678351
0.9457527271990882,0.003695790548492419,0.05055148225241944
0.968819119092633,0.001517047274116506,0.029663833633250633
0.9825873637787773,0.0005970370938762133,0.016815599127346526
0.9904326202207376,0.00022913540787628705,0.009338244371386077
0.9941279662395228,0.00010491635621006186,0.005767117404267122
0.9959589388869088,0.0,0.00404106111309118
0.9974984568106402,0.0,0.0025015431893597923
0.9984755612968186,0.0,0.0015244387031814347
0.9990721863442062,0.0,0.000927813655793737
0.9994357453124588,0.0,0.000564254687541233
0.999657007463772,0.0,0.0003429925362280308
0.9997915655672531,0.0,0.0002084344327469578
0.9998733578047128,0.0,0.00012664219528721253
1.0,0.0,0.0
