0.5,0.05,0.45
0.5076743055253938,0.04975870654933919,0.442566987925267
0.5437196014612601,0.048767687230914056,0.4075127113078259
0.5504824069113353,0.048612962353388564,0.4009046307352761
0.5982918518215905,0.04792181035680201,0.3537863378216075
0.7019891386076742,0.05287966620343662,0.24513119518888912
0.7415945844445744,0.07251425737316793,0.1858911581822576
0.7335458717125299,0.11099357031286713,0.155460557974603
0.6732256868807287,0.19092421085252143,0.13585010226674996
0.5297784310686311,0.3467993349977745,0.12342223393359444
0.3831188227933271,0.49864432332496333,0.11823685388170951
0.1957033670936003,0.6897203944208088,0.11457623848559083
0.08297531872841252,0.8039299793388753,0.11309470193271218
0.03193168846131674,0.8555364680458764,0.11253184349280693
0.014082103365089006,0.8735700802718495,0.11234781636306158
0.007657819061315659,0.8800591015225886,0.11228307941609579
0.0034415732660071415,0.8843174164547595,0.11224101027923337
0.0015290548304375475,0.8862489100369592,0.1122220351326033
0.0006784753664504103,0.8871079071273746,0.11221361750617499
0.00030088358580059087,0.8874892314690747,0.11220988494512474
0.00013339927623488292,0.8876583705615166,0.11220823016224846
0.0,0.8877858673853242,0.11221413261467579
0.0,0.8877898870243794,0.11221011297562056
0.0,0.8877916688180422,0.11220833118195783
0.0,0.8877924586347895,0.11220754136521043
0.0,0.8877928087368256,0.11220719126317436
0.0,0.8877929639264414,0.11220703607355868
0.0,0.8877930327172732,0.11220696728272678
0.0,0.8877930632101518,0.1122069367898481
0.0,0.8877930767267157,0.11220692327328424
0.0,0.8877930827181975,0.11220691728180246
0.0,0.8877930853740402,0.11220691462595969
0.0,0.8877930865512962,0.11220691344870382
0.0,0.8877930870731398,0.1122069129268603
0.0,0.8877930873044589,0.11220691269554106
0.0,0.8877930874069977,0.11220691259300236
0.0,0.8877930874524519,0.11220691254754814
0.0,0.8877930874726023,0.11220691252739773
0.0,0.8877930874815363,0.1122069125184637
0.0,0.8877930874854983,0.11220691251450159
0.0,0.8877930874872567,0.11220691251274335
0.0,0.887793087488038,0.11220691251196205
0.0,0.8877930874883863,0.11220691251161376
0.0,0.8877930874885449,0.11220691251145515
0.0,0.8877930874886183,0.1122069125113817
0.0,0.8877930874886532,0.11220691251134685
0.0,0.8877930874886708,0.11220691251132923
0.0,0.8877930874886815,0.11220691251131855
0.0,0.8877930874886909,0.11220691251130913
0.0,0.8877930874887034,0.11220691251129655
0.0,0.8877930874887264,0.1122069125112736
0.0,0.8877930874887899,0.11220691251121005
0.0,0.8877930874890271,0.11220691251097287
