0.25,0.4,0.35
0.2525082900349748,0.39994996655984566,0.3475417434051795
0.2624758254573042,0.400034787077575,0.3374893874651208
0.26479115288587757,0.40012918352864846,0.33507966358547403
0.28146676484807753,0.40196512549191565,0.31656810966000687
0.31389587220293547,0.43019252912133527,0.25591159867572943
0.28813828729045354,0.4989252689775564,0.21293644373199
0.18674880872567173,0.6321279929553749,0.18112319831895335
0.11863863434504904,0.7102012917795489,0.17116007387540202
0.0656182991429809,0.7688422783319989,0.16553942252502013
0.02979392603761469,0.8078000173713988,0.16240605659098656
0.013301970755895866,0.8255956128806685,0.16110241636343559
0.007854754342567206,0.8314565099666084,0.16068873569082442
0.0038309690646778725,0.8357807805515849,0.16038825038373722
0.0017923310133770103,0.8379700369534311,0.16023763203319186
0.000822764569726701,0.8390108606517473,0.16016637477852586
0.0007838906203865839,0.8390525865759334,0.16016352280368013
0.000772156211920049,0.8390651817992173,0.16016266198886273
0.0006843806169461549,0.8391593953349059,0.16015622404814778
0.00033062485557885354,0.839539077814263,0.1601302973301581
0.0001452213634718233,0.839738057929466,0.1601167207070623
0.0,0.8398792286522074,0.1601207713477925
0.0,0.8398875482134158,0.16011245178658426
0.0,0.8398911521200866,0.16010884787991342
0.0,0.8398927132608002,0.16010728673919977
0.0,0.8398933895128163,0.16010661048718366
0.0,0.8398936824498205,0.16010631755017954
0.0,0.839893809343366,0.16010619065663398
0.0,0.8398938562714737,0.16010614372852622
