0.4,0.1,0.5
0.40796112728124523,0.09943758233356784,0.4926012903851869
0.447305689361426,0.09684035376996106,0.45585395686861296
0.454639959722749,0.09639560812369694,0.4489644321535541
0.5078630652089338,0.09368479773803852,0.3984521370530278
0.6081678185467758,0.09386269202426883,0.2979694894289554
0.6711739292042926,0.11466015986808294,0.21416591092762435
0.6661618943225062,0.16083218852474293,0.17300591715275096
0.6055415341295901,0.24548887706933253,0.1489695888010774
0.4733510110419925,0.392834906635469,0.13381408232253852
0.30973206478868714,0.5642304017072669,0.12603753350404603
0.1858952300126267,0.6915178281302045,0.12258694185716881
0.1226278518442335,0.7561395984289702,0.1212325497267963
0.05804895435653726,0.8219055916403437,0.12004545400311907
0.019632402840759025,0.8609527119130678,0.11941488524617318
0.008732285361810994,0.872022813064924,0.11924490157326496
0.0038541583940684323,0.876975811579316,0.1191700300266155
0.001695272257728699,0.8791676008656237,0.11913712687664758
0.0007445448426481206,0.8801327733144185,0.11912268184293345
0.0003267778480847722,0.8805568790889302,0.11911634306298506
0.00014337952622010803,0.8807430584523915,0.11911356202138831
0.0,0.8808801651125925,0.11911983488740752
0.0,0.8808849063142112,0.11911509368578882
0.0,0.8808869861377422,0.11911301386225776
0.0,0.8808878984906503,0.1191121015093497
0.0,0.8808882987103792,0.11911170128962077
0.0,0.8808884742737069,0.11911152572629313
0.0,0.8808885512875824,0.11911144871241762
0.0,0.8808885850710408,0.1191114149289592
0.0,0.880888599890735,0.11911140010926498
0.0,0.8808886063916495,0.11911139360835056
0.0,0.8808886092433889,0.11911139075661115
0.0,0.8808886104943553,0.11911138950564473
0.0,0.8808886110431152,0.11911138895688475
0.0,0.8808886112838404,0.11911138871615962
0.0,0.8808886113894407,0.11911138861055923
0.0,0.8808886114357664,0.11911138856423362
0.0,0.8808886114560901,0.1191113885439099
0.0,0.8808886114650076,0.11911138853499238
0.0,0.8808886114689216,0.11911138853107836
0.0,0.8808886114706408,0.11911138852935921
0.0,0.8808886114713971,0.1191113885286029
0.0,0.880888611471731,0.11911138852826894
0.0,0.8808886114718797,0.11911138852812025
0.0,0.8808886114719482,0.11911138852805188
0.0,0.8808886114719819,0.11911138852801807
0.0,0.880888611472,0.119111388528
0.0,0.8808886114720108,0.11911138852798916
0.0,0.8808886114720212,0.11911138852797874
0.0,0.8808886114720358,0.11911138852796432
0.0,0.8808886114720625,0.11911138852793744
0.0,0.8808886114721399,0.11911138852786012
0.0,0.880888611472371,0.11911138852762904
