0.85,0.1,0.05
0.8474586392386199,0.10236066464863036,0.05018069611274979
0.8337939237767922,0.11511670251478506,0.051089373708422585
0.8337939237767924,0.11511670251478509,0.0510893737084226
0.830951200418772,0.11778251270909416,0.0512662868721339
0.8063777065321833,0.14097073873443355,0.05265155473338315
0.6471760571091805,0.2946053435188264,0.05821859937199315
0.4780890074714622,0.46044962222969127,0.06146137029884662
0.2907199251291746,0.645444005510436,0.06383606936038949
0.1521478151270912,0.7826936600435003,0.0651585248294085
0.07125483536850344,0.8629272363150985,0.06581792831639809
0.023363508556646317,0.9104592510400946,0.06617724040325909
0.015051675902330246,0.9187108342675495,0.0662374898301203
0.00784976872415555,0.9258610192312253,0.06628921204461923
0.0035187106370239644,0.9301611851540424,0.06632010420893372
0.0015669614838437409,0.9320990646962883,0.066333973819868
0.0006970231698663906,0.9329628312958601,0.06634014553427352
0.00030989867298415513,0.9333472113996711,0.06634288992734476
0.0001377513791626599,0.9335181387132374,0.06634410990760002
0.0,0.9336512856365792,0.0663487143634208
0.0,0.9336533014834208,0.06634669851657919
0.0,0.9336541973820568,0.06634580261794319
0.0,0.933654595543338,0.06634540445666214
0.0,0.9336547724966294,0.06634522750337056
0.0,0.9336548511392602,0.06634514886073982
0.0,0.9336548860900764,0.06634511390992362
0.0,0.9336549016231206,0.06634509837687937
0.0,0.9336549085264063,0.06634509147359365
0.0,0.9336549115944052,0.06634508840559486
0.0,0.9336549129579037,0.0663450870420963
0.0,0.9336549135638784,0.06634508643612151
0.0,0.9336549138331902,0.06634508616680979
0.0,0.9336549139528802,0.06634508604711978
0.0,0.9336549140060745,0.06634508599392552
0.0,0.9336549140297162,0.06634508597028368
0.0,0.9336549140402244,0.06634508595977572
0.0,0.9336549140448953,0.06634508595510476
0.0,0.9336549140469721,0.06634508595302792
0.0,0.933654914047896,0.06634508595210398
0.0,0.9336549140483076,0.0663450859516924
0.0,0.9336549140484914,0.06634508595150855
0.0,0.9336549140485753,0.06634508595142477
0.0,0.933654914048614,0.06634508595138602
0.0,0.9336549140486323,0.06634508595136768
0.0,0.9336549140486415,0.06634508595135852
0.0,0.9336549140486469,0.06634508595135312
0.0,0.9336549140486514,0.06634508595134858
0.0,0.9336549140486572,0.06634508595134278
0.0,0.9336549140486674,0.06634508595133254
0.0,0.9336549140486943,0.06634508595130573
0.0,0.9336549140488049,0.06634508595119515
0.0,0.9336549140488883,0.06634508595111162
