0.25,0.15,0.6
0.25743131617768716,0.1491687016044392,0.5933999822178736
0.2990205134516753,0.14462898135996635,0.5563505051883584
0.3066693864331339,0.1438175643906235,0.5495130491762427
0.3662077182422052,0.13782380733034114,0.4959684744274536
0.4933497500845963,0.12851297624881908,0.3781372736665846
0.5723929780611353,0.1297945059137187,0.2978125160251461
0.6257336542589166,0.15382665276605584,0.2204396929750276
0.6138493968201485,0.20730593108283302,0.17884467209701851
0.5331131119129984,0.3147709504605327,0.15211593762646888
0.38733387548812287,0.4754100977099268,0.13725602680195026
0.22557737570846195,0.6446983514343351,0.12972427285720306
0.11110884969023879,0.7625221004475411,0.12636904986222017
0.049432278080942624,0.8256335177314853,0.12493420418757217
0.032629309085253515,0.842793129117007,0.12457756179773954
0.016994185234842897,0.8587484367010106,0.12425737806414651
0.00736680566181612,0.8685676551843522,0.1240655391538317
0.0031705987494811804,0.8728462538594989,0.12398314739101994
0.0013603548926094992,0.8746918164145984,0.12394782869279215
0.0005828833584325497,0.8754844154592129,0.12393270118235462
0.00024960977856315684,0.8758241660721868,0.12392622414925006
0.00010686478864743325,0.875969683862775,0.12392345134857766
0.0,0.8760720662809529,0.123927933719047
0.0,0.8760758169327038,0.12392418306729633
0.0,0.8760774224025035,0.12392257759749653
0.0,0.8760781096230917,0.12392189037690823
0.0,0.8760784037871412,0.1239215962128588
0.0,0.876078529703681,0.12392147029631888
0.0,0.8760785836020807,0.12392141639791926
0.0,0.8760786066732146,0.1239213933267854
0.0,0.8760786165487818,0.12392138345121817
0.0,0.8760786207760062,0.12392137922399384
0.0,0.8760786225854656,0.1239213774145343
0.0,0.8760786233600045,0.12392137663999538
0.0,0.8760786236915473,0.1239213763084527
0.0,0.8760786238334661,0.1239213761665339
0.0,0.8760786238942166,0.12392137610578331
0.0,0.8760786239202233,0.12392137607977667
0.0,0.8760786239313579,0.1239213760686421
0.0,0.8760786239361265,0.12392137606387353
0.0,0.8760786239381702,0.12392137606182987
0.0,0.8760786239390475,0.12392137606095266
0.0,0.8760786239394253,0.1239213760605747
0.0,0.8760786239395896,0.12392137606041048
0.0,0.8760786239396623,0.12392137606033773
0.0,0.8760786239396979,0.12392137606030207
0.0,0.8760786239397167,0.12392137606028322
0.0,0.8760786239397287,0.12392137606027138
0.0,0.8760786239397392,0.12392137606026078
0.0,0.8760786239397531,0.12392137606024686
0.0,0.8760786239397776,0.1239213760602224
0.0,0.8760786239398399,0.12392137606016011
0.0,0.8760786239400883,0.12392137605991176
0.0,0.8760786239400962,0.12392137605990382
