0.5,0.15,0.35
0.5045867285113461,0.14997237701029212,0.34544089447836174
0.5236803893369452,0.15028301279075196,0.3260365978723028
0.5276213000407286,0.15045055123275933,0.32192814872651204
0.5546622043344449,0.15305034833552253,0.2922874473300326
0.5962734617966586,0.20692501399188096,0.1968015242114604
0.5955534458475114,0.2089631628637634,0.19548339128872524
0.5875837861995037,0.22655448403124076,0.18586172976925555
0.49688496836426765,0.3483296711947753,0.15478536044095714
0.4904575064760113,0.35578829925155975,0.15375419427242903
0.4872840837636642,0.35944924150699437,0.1532666747293415
0.4608312902173085,0.38950504038897465,0.14966366939371695
0.3033203249095259,0.5596217264583951,0.13705794863207893
0.29974075877552275,0.5633907047722388,0.13686853645223854
0.27162837010997953,0.5929033150113922,0.13546831487862834
0.14298510223919186,0.7264861670217828,0.1305287307390255
0.14298510223919184,0.7264861670217827,0.13052873073902546
0.14077192164482583,0.72876875465577,0.13045932369940422
0.12401069938541835,0.7460422584366215,0.12994704217796008
0.05661389806841611,0.8152878238070967,0.1280982781244871
0.0556378943625007,0.8162884171719352,0.1280736884655641
0.04837139915478543,0.8237362140095824,0.12789238683563223
0.02067260530706536,0.8520991222637481,0.12722827242918647
0.020672605307065363,0.8520991222637482,0.1272282724291865
0.020301759943136894,0.8524785730399798,0.12721966701688336
0.017559243476732395,0.8552845076572397,0.1271562488660279
0.007919152944329527,0.8651445237054942,0.12693632335017624
0.007309012596605797,0.8657684228486828,0.1269225645547114
0.007176027767112951,0.8659044040590725,0.12691956817381453
0.006194966238525236,0.8669075435627899,0.12689749019868496
0.002927522438830689,0.8702481824455697,0.12682429511559964
0.001265040227622902,0.8719477031018796,0.12678725667049745
0.0005459659495339048,0.8726827560529856,0.12677127799748047
0.00023550070402659693,0.8730001124640919,0.1267643868318815
0.0001015588148923829,0.8731370259228737,0.12676141526223395
0.0,0.8732343146649276,0.1267656853350724
0.0,0.8732380249206837,0.12676197507931627
0.0,0.8732396246810173,0.12676037531898265
0.0,0.8732403144515144,0.12675968554848557
0.0,0.8732406118602423,0.12675938813975765
0.0,0.8732407400940538,0.12675925990594614
0.0,0.8732407953846526,0.12675920461534745
0.0,0.8732408093026631,0.12675919069733688
