0.55,0.15,0.3
0.5531854292809092,0.15040822053215222,0.29640635018693856
0.5655553462298408,0.1525670016165158,0.2818776521536434
0.568161021722011,0.15316857410008422,0.2786704041779048
0.5851567045699868,0.15923789241355776,0.2556054030164555
0.5962709592598732,0.21167454162891894,0.192054499111208
0.530440320826083,0.30903409295592144,0.1605255862179956
0.39907899681237113,0.45793571438445857,0.14298528880317038
0.24077686899640496,0.6254285831935806,0.1337945478100144
0.11984085312740392,0.7505873870415313,0.1295717598310648
0.05329465545655834,0.8189234289867131,0.12778191555672855
0.01778885684924364,0.8552734874185932,0.1269376557321632
0.011754781167988154,0.8614444197812523,0.12680079905075958
0.006112029001619418,0.8672135125529139,0.12667445844546674
0.0027385170104956263,0.8706618134711245,0.12659966951837995
0.0012194839121518006,0.8722143433010884,0.12656617278675986
0.0005424414325124231,0.8729062798365791,0.12655127873090832
0.0002445018071886169,0.8732107668070392,0.12654473138577219
0.00024001510704783845,0.8732153520725553,0.12654463282039685
0.0002069612261324747,0.8732491320629209,0.12654390671094662
0.0,0.8734458165902887,0.12655418340971128
0.0,0.8734541186623332,0.12654588133766667
0.0,0.8734578116767365,0.12654218832326344
0.0,0.8734594128836737,0.1265405871163264
0.0,0.8734601071283438,0.1265398928716563
0.0,0.873460408135661,0.12653959186433905
0.0,0.8734605386449124,0.1265394613550876
0.0,0.8734605952304496,0.12653940476955036
0.0,0.8734606197645176,0.12653938023548236
0.0,0.8734606304018744,0.12653936959812567
0.0,0.8734606350139668,0.12653936498603324
0.0,0.8734606370136563,0.12653936298634366
0.0,0.8734606376338098,0.1265393623661902
