0.7,0.15,0.15
0.698443111555384,0.1521557576770425,0.1494011307675736
0.691043092608379,0.1620872289266998,0.14686967846492116
0.6892544734000794,0.1644225029171786,0.14632302368274203
0.6733973888358662,0.18434338396787697,0.1422592271962568
0.5342187408654654,0.3388800441794812,0.12690121495505338
0.3427028862548295,0.5377786880637988,0.11951842568137175
0.21851095991622632,0.6646177007651602,0.11687133931861346
0.12260580484011822,0.7620438608315427,0.11535033432833902
0.056572070977583676,0.8289487363715048,0.11447919265091161
0.025540851020295328,0.8603503225875838,0.11410882639212089
0.011281802179925946,0.8747721956109253,0.11394600220914873
0.004934359424230032,0.8811907105417803,0.11387493003398966
0.0021487550910886913,0.8840072378679307,0.11384400704098066
0.0009339284265753952,0.8852354998077421,0.11383057176568259
0.00040558234689211576,0.8857696795596297,0.11382473809347814
0.0001760708606029465,0.8860017233748426,0.11382220576455447
0.0,0.8861701940721166,0.11382980592788335
0.0,0.886175594903783,0.11382440509621705
0.0,0.8861779388734552,0.1138220611265448
0.0,0.8861789561555895,0.11382104384441054
0.0,0.8861793976548853,0.11382060234511471
0.0,0.8861795892649221,0.11382041073507783
0.0,0.8861796724233639,0.11382032757663604
0.0,0.8861797085139869,0.11382029148601314
0.0,0.8861797241772562,0.11382027582274382
0.0,0.8861797309750896,0.11382026902491044
0.0,0.8861797339253393,0.11382026607466067
0.0,0.8861797352057447,0.1138202647942554
0.0,0.8861797357614404,0.11382026423855972
0.0,0.8861797360026132,0.11382026399738668
0.0,0.8861797361072841,0.11382026389271593
0.0,0.8861797361527131,0.11382026384728694
0.0,0.8861797361724313,0.11382026382756875
0.0,0.886179736180991,0.113820263819009
0.0,0.886179736184708,0.11382026381529203
0.0,0.8861797361863233,0.11382026381367677
0.0,0.8861797361870263,0.11382026381297368
0.0,0.8861797361873336,0.11382026381266647
0.0,0.8861797361874689,0.11382026381253106
0.0,0.8861797361875303,0.11382026381246967
0.0,0.8861797361875616,0.11382026381243833
0.0,0.8861797361875772,0.11382026381242276
0.0,0.8861797361875874,0.11382026381241266
0.0,0.8861797361875967,0.11382026381240334
0.0,0.8861797361876091,0.11382026381239087
0.0,0.8861797361876316,0.11382026381236851
0.0,0.8861797361876902,0.11382026381230989
0.0,0.8861797361879096,0.11382026381209048
0.0,0.8861797361886128,0.11382026381138721
0.0,0.886179736189793,0.11382026381020703
0.0,0.8861797361921099,0.11382026380789018
0.0,0.886179736192502,0.113820263807498
