0.15,0.25,0.6
0.15480286268904364,0.2491656784495359,0.5960314588614204
0.18294805140611542,0.2443423094815825,0.5727096391123021
0.18829032356583622,0.24344049956003092,0.5682691768741329
0.23260969776364404,0.23615858553191854,0.5312317167044375
0.38533143473166703,0.21590959790974773,0.39875896735858524
0.4688748970716797,0.21400501990670356,0.3171200830216168
0.5155845444281182,0.22979715544874765,0.25461830012313424
0.5018437152469418,0.30705277117135465,0.19110351358170347
0.42438051014652395,0.4101391354767992,0.16548035437667694
0.28200194556796976,0.569556521255158,0.14844153317687225
0.16782676552370676,0.6908161309135967,0.14135710356269654
0.08958368039024822,0.7725174156677485,0.13789890394200333
0.041779038582965194,0.822080336983305,0.1361406244337299
0.01625844995325946,0.8484529239801307,0.13528862606660988
0.010050900603612961,0.8548596112148019,0.13508948818158512
0.005083919956151946,0.8599837632185333,0.1349323168253147
0.00227974963407136,0.8628758345486586,0.13484441581727
0.0010200463428891402,0.8641748316179356,0.13480512203917533
0.00045595759081465366,0.8647564772189843,0.13478756519020113
0.0002037217527595569,0.8650165559873043,0.13477972225993623
0.0,0.8652115145652903,0.13478848543470964
0.0,0.865219866989738,0.134780133010262
0.0,0.8652235975719939,0.13477640242800606
0.0,0.865225263811457,0.134774736188543
0.0,0.8652260080236013,0.1347739919763987
0.0,0.8652263404193336,0.13477365958066642
0.0,0.8652264888808316,0.13477351111916838
0.0,0.8652265551897764,0.13477344481022352
0.0,0.8652265848060464,0.13477341519395364
0.0,0.8652265980338769,0.1347734019661231
0.0,0.8652266039419652,0.13477339605803476
0.0,0.8652266065807597,0.13477339341924027
0.0,0.865226607759355,0.134773392240645
0.0,0.865226608285766,0.13477339171423394
0.0,0.8652266085208852,0.13477339147911482
0.0,0.8652266086259015,0.13477339137409847
0.0,0.8652266086728087,0.13477339132719127
0.0,0.865226608693762,0.13477339130623803
0.0,0.8652266087031232,0.13477339129687682
0.0,0.8652266087073068,0.13477339129269314
0.0,0.865226608709178,0.13477339129082194
0.0,0.8652266087100164,0.13477339128998359
0.0,0.8652266087103935,0.13477339128960653
0.0,0.8652266087105644,0.13477339128943552
0.0,0.8652266087106455,0.13477339128935453
0.0,0.8652266087106861,0.13477339128931393
0.0,0.8652266087107073,0.1347733912892927
0.0,0.8652266087107215,0.13477339128927843
0.0,0.8652266087107351,0.13477339128926497
0.0,0.8652266087107537,0.13477339128924629
0.0,0.8652266087107898,0.13477339128921015
0.0,0.8652266087109004,0.1347733912890996
0.0,0.865226608711104,0.13477339128889596
