0.3,0.25,0.45
0.30537711015394553,0.24924562952118276,0.4453772603248717
0.330925154134714,0.24589941813823402,0.4231754277270519
0.33607144561334823,0.24527956113645955,0.41864899325019217
0.3744803292669925,0.24141247973247318,0.3841071910005343
0.4584539463430448,0.2432658396029421,0.298280214054013
0.49233650591619227,0.2722529808714666,0.23541051321234124
0.4216345951431788,0.40277294750816683,0.17559245734865442
0.2972282018904535,0.5471511584810835,0.155620639628463
0.14760546794322785,0.7078205805990611,0.14457395145771118
0.08004226652849568,0.778678425943226,0.14127930752827833
0.036525572669839884,0.8239923289275547,0.13948209840260548
0.017218167557938063,0.8440307738382041,0.13875105860385786
0.009789796472324527,0.851730720307095,0.13847948322058062
0.004658320915992982,0.8570468025710424,0.13829487651296474
0.0021884565438588938,0.8596046641193948,0.13820687933674636
0.0010034505829907335,0.8608316950695254,0.13816485434748377
0.0004596704170667132,0.8613947177877834,0.13814561179514975
0.00021047973159110266,0.8616527176822032,0.13813680258620578
0.0,0.8618539184113376,0.13814608158866237
0.0,0.8618629826642762,0.13813701733572387
0.0,0.8618671316748524,0.1381328683251476
0.0,0.8618690307994253,0.13813096920057463
0.0,0.8618699000814728,0.13813009991852718
0.0,0.8618702979753096,0.13812970202469038
0.0,0.8618704801019056,0.13812951989809444
0.0,0.8618705634660654,0.13812943653393464
0.0,0.861870601624041,0.1381293983759589
0.0,0.8618706190899535,0.1381293809100464
0.0,0.8618706270845637,0.13812937291543623
0.0,0.8618706307439098,0.1381293692560903
0.0,0.8618706324188912,0.13812936758110886
0.0,0.8618706331855768,0.13812936681442323
0.0,0.8618706335365115,0.13812936646348845
0.0,0.8618706336971461,0.13812936630285377
0.0,0.8618706337706755,0.1381293662293245
0.0,0.8618706338043344,0.1381293661956656
0.0,0.8618706338197435,0.13812936618025645
0.0,0.8618706338267993,0.1381293661732007
0.0,0.8618706338300315,0.13812936616996851
0.0,0.8618706338315135,0.13812936616848645
0.0,0.8618706338321945,0.1381293661678055
0.0,0.8618706338325101,0.13812936616748994
0.0,0.86187063383266,0.13812936616734
0.0,0.8618706338327325,0.13812936616726737
0.0,0.861870633832768,0.13812936616723206
0.0,0.8618706338327881,0.13812936616721191
0.0,0.8618706338328018,0.13812936616719815
0.0,0.8618706338328161,0.13812936616718385
0.0,0.8618706338328377,0.13812936616716223
0.0,0.8618706338328825,0.13812936616711743
0.0,0.8618706338330384,0.1381293661669616
0.0,0.8618706338331871,0.1381293661668129
