0.55,0.25,0.2
0.5490405548594851,0.25225587740057565,0.1987035677399393
0.5445266448883218,0.26175109724791645,0.19372225786376182
0.5432599866447272,0.26418561738331914,0.19255439597195373
0.5310647786060858,0.28492948209337116,0.18400573930054304
0.4185147331914349,0.4262618082410339,0.15522345856753136
0.24988712878358843,0.6092274553520678,0.14088541586434375
0.1495144442269945,0.7143359552601197,0.1361496005128858
0.08232076425077459,0.7839674444307924,0.1337117913184331
0.03544408920698099,0.8323023963982162,0.13225351439480287
0.016478313899626368,0.8518116966977369,0.13170998940263662
0.008807102516200972,0.8596958818401199,0.13149701564367905
0.004564881201535574,0.8640542481427422,0.13138087065572218
0.0020585979619977043,0.866628613613349,0.13131278842465335
0.0009202689521435672,0.86779773483658,0.1312819962112765
0.0004110387970535888,0.8683207136917633,0.1312682475111831
0.00018351988818340995,0.8685543701673365,0.1312621099444801
0.0,0.8687298755788588,0.13127012442114114
0.0,0.8687370525166278,0.13126294748337208
0.0,0.8687402559012848,0.13125974409871521
0.0,0.8687416857045195,0.1312583142954805
0.0,0.8687423238831288,0.13125767611687125
0.0,0.8687426087275184,0.13125739127248154
0.0,0.8687427358647818,0.13125726413521818
0.0,0.8687427926111342,0.13125720738886584
0.0,0.8687428179392578,0.13125718206074222
0.0,0.868742829244194,0.13125717075580606
0.0,0.8687428342900322,0.13125716570996782
0.0,0.8687428365421899,0.13125716345781016
0.0,0.8687428375474184,0.1312571624525815
0.0,0.8687428379960939,0.13125716200390614
0.0,0.8687428381963578,0.13125716180364225
0.0,0.8687428382857458,0.13125716171425414
0.0,0.8687428383256458,0.13125716167435425
0.0,0.8687428383434572,0.1312571616565429
0.0,0.8687428383514095,0.13125716164859047
0.0,0.8687428383549616,0.1312571616450385
0.0,0.8687428383565494,0.13125716164345064
0.0,0.8687428383572606,0.1312571616427394
0.0,0.8687428383575835,0.13125716164241655
0.0,0.8687428383577318,0.13125716164226822
0.0,0.8687428383578011,0.131257161642199
0.0,0.8687428383578345,0.1312571616421655
0.0,0.8687428383578525,0.13125716164214762
0.0,0.8687428383578648,0.1312571616421352
0.0,0.868742838357878,0.13125716164212198
0.0,0.8687428383578983,0.13125716164210172
0.0,0.8687428383579411,0.1312571616420589
0.0,0.8687428383580971,0.13125716164190293
0.0,0.8687428383582497,0.13125716164175033
