0.4,0.05,0.55
0.409210572025991,0.04963938076257226,0.5411500472114368
0.45661424587752325,0.047879181712652596,0.49550657240982415
0.4651347631722743,0.04758291205703507,0.4872823247706906
0.5270407194528219,0.0456884155185463,0.4272708650286318
0.6368853089144885,0.04458035744145503,0.3185343336440566
0.7202336842709748,0.051820079600112354,0.2279462361289128
0.7482032421687675,0.07004047738927484,0.18175628044195763
0.7393866384856855,0.10700596441780236,0.1536073970965121
0.6760473515861294,0.18987041277861927,0.1340822356352513
0.5250533415644513,0.3529425954094261,0.12200406302612261
0.3647464854611466,0.5183609155870789,0.11689259895177458
0.28628958056497356,0.598412655123456,0.11529776431157034
0.16191967666013213,0.7246936901032122,0.11338663323665576
0.07886516162958929,0.8087457286579245,0.11238910971248628
0.03286218666750989,0.8552319242734064,0.11190588905908375
0.011981060654803588,0.8763186645513071,0.11170027479388935
0.005501408121026825,0.882860512420612,0.111638079458361
0.0025154364121790273,0.8858748966650684,0.11160966692275269
0.001127967815392211,0.8872755146858797,0.1115965174987281
0.0005053373625882081,0.8879040351419202,0.1115906274954917
0.0002263015003039848,0.8881857084742354,0.11158799002546067
0.00010132425133399926,0.8883118665828533,0.11158680916581275
0.0,0.888408657361913,0.1115913426380871
0.0,0.8884116899857138,0.11158831001428626
0.0,0.8884130476161233,0.11158695238387673
0.0,0.8884136553920474,0.11158634460795261
0.0,0.888413927477263,0.11158607252273695
0.0,0.8884140492825622,0.1115859507174379
0.0,0.8884141038115367,0.11158589618846321
0.0,0.888414128222699,0.11158587177730102
0.0,0.8884141391509234,0.11158586084907667
0.0,0.8884141440431981,0.11158585595680197
0.0,0.88841414623334,0.11158585376666
0.0,0.8884141472138096,0.11158585278619032
0.0,0.8884141476527415,0.11158585234725847
0.0,0.8884141478492414,0.11158585215075857
0.0,0.8884141479372111,0.11158585206278895
0.0,0.8884141479765946,0.11158585202340542
0.0,0.8884141479942274,0.11158585200577258
0.0,0.888414148002123,0.11158585199787693
0.0,0.8884141480056595,0.11158585199434037
0.0,0.8884141480072447,0.11158585199275527
0.0,0.8884141480079563,0.11158585199204377
0.0,0.8884141480082784,0.11158585199172157
0.0,0.8884141480084261,0.11158585199157384
0.0,0.8884141480084949,0.11158585199150502
0.0,0.888414148008527,0.111585851991473
0.0,0.8884141480085432,0.11158585199145675
0.0,0.8884141480085532,0.11158585199144677
0.0,0.8884141480085627,0.11158585199143743
0.0,0.8884141480085753,0.11158585199142468
0.0,0.8884141480085987,0.11158585199140134
0.0,0.8884141480086641,0.11158585199133593
0.0,0.8884141480088971,0.11158585199110292
