0.45,0.3,0.25
0.4505200189181634,0.3015106800512435,0.24796930103059317
0.45176968388822575,0.3077292891735211,0.24050102693825315
0.4519026251783747,0.30944481877211255,0.23865255604951277
0.45028373814135536,0.32458809190359617,0.22512816995504853
0.37269273061789737,0.44933200759713876,0.1779752617849638
0.21666481381189306,0.6277517805147598,0.15558340567334705
0.12667971464320035,0.7243121286733892,0.1490081566834105
0.06789893714056922,0.7863594083015771,0.14574165455785362
0.02848677041709927,0.8276493623404695,0.14386386724243133
0.019354935911162573,0.8371866327468701,0.1434584313419674
0.010483051013284643,0.8464426802923045,0.14307426869441087
0.004566490794808659,0.852610296022484,0.1428232131827074
0.0019789472175832626,0.855306379382819,0.1427146733995978
0.0008556716386114547,0.8564765382912056,0.14266779007018296
0.00036962047359604506,0.8569828325085874,0.1426475470178166
0.00021326225598045507,0.857145697087341,0.14264104065667843
0.0002096882188781107,0.8571494198158202,0.14264089196530175
0.0001831693936827021,0.8571770418644904,0.14263978874182698
0.0,0.8573515234243616,0.1426484765756384
0.0,0.8573606544563209,0.1426393455436791
0.0,0.8573647183174715,0.1426352816825285
0.0,0.8573664803932559,0.14263351960674409
0.0,0.8573672444199911,0.14263275558000887
0.0,0.8573675756973632,0.14263242430263676
0.0,0.8573677193371214,0.14263228066287859
0.0,0.8573677816183868,0.1426322183816132
0.0,0.8573678086231364,0.14263219137686348
0.0,0.8573678203322206,0.14263217966777947
0.0,0.8573678254092049,0.14263217459079508
0.0,0.8573678261989557,0.1426321738010443
