0.55,0.3,0.15
0.5470046583129393,0.3034876819088813,0.14950765977817937
0.5338391177855252,0.3186540996652216,0.14750678254925323
0.5306481759080611,0.3222942045699273,0.1470576195220116
0.503903156411093,0.35236481097576317,0.14373203261314396
0.331426622432086,0.536937854070191,0.131635523497723
0.20167018891786537,0.6713918471668645,0.12693796391527012
0.10512037197309433,0.7704279425257686,0.12445168550113708
0.047324210502903086,0.8294510204664169,0.12322476903067996
0.02250131310799638,0.8547538046796556,0.12274488221234801
0.01318956671174774,0.8642390765147347,0.12257135677351748
0.006350125248225114,0.8712038272840932,0.12244604746768163
0.002954166647587532,0.8746613424686122,0.12238449088380043
0.0013579660019505389,0.8762863273849595,0.12235570661309011
0.0006104501777498282,0.8770472904275022,0.12234225939474791
0.0002742729884445576,0.8773895084149148,0.12233621859664075
0.00012320069112224712,0.8775432939792013,0.12233350532967656
0.0,0.8776609436852428,0.12233905631475725
0.0,0.8776652203080652,0.12233477969193483
0.0,0.8776671409661204,0.12233285903387957
0.0,0.8776680035426313,0.12233199645736867
0.0,0.8776683909291637,0.12233160907083632
0.0,0.8776685649058696,0.12233143509413034
0.0,0.8776686430394197,0.12233135696058023
0.0,0.8776686781294679,0.12233132187053208
0.0,0.8776686938885303,0.12233130611146965
0.0,0.8776687009659809,0.12233129903401903
0.0,0.8776687041444903,0.12233129585550978
0.0,0.8776687055719717,0.12233129442802831
0.0,0.8776687062130606,0.12233129378693938
0.0,0.8776687065009781,0.122331293499022
0.0,0.8776687066302848,0.12233129336971514
0.0,0.8776687066883592,0.1223312933116408
0.0,0.8776687067144427,0.12233129328555725
0.0,0.8776687067261592,0.12233129327384086
0.0,0.8776687067314232,0.12233129326857681
0.0,0.8776687067337895,0.12233129326621053
0.0,0.8776687067348544,0.12233129326514564
0.0,0.8776687067353347,0.12233129326466521
0.0,0.8776687067355528,0.12233129326444728
0.0,0.877668706735655,0.12233129326434504
0.0,0.8776687067357046,0.12233129326429538
0.0,0.8776687067357292,0.1223312932642709
0.0,0.8776687067357436,0.1223312932642564
0.0,0.8776687067357544,0.1223312932642456
0.0,0.8776687067357668,0.12233129326423324
0.0,0.8776687067357868,0.1223312932642132
0.0,0.8776687067358322,0.12233129326416776
0.0,0.8776687067360195,0.12233129326398046
0.0,0.8776687067373192,0.12233129326268068
0.0,0.8776687067409763,0.12233129325902363
