0.05,0.05,0.9
0.050752391476051824,0.0499871324806786,0.8992604760432696
0.05420969060104514,0.04992740191121725,0.8958629074877377
0.05502253427656325,0.04991322204852688,0.8950642436749099
0.06195106239084271,0.04979045554204707,0.8882584820671102
0.11864456686329691,0.0486995191746955,0.8326559139620076
0.12032496246974582,0.04866543335953888,0.8310096041707153
0.13452453209717838,0.04837411206117682,0.8171013558416448
0.2638330988407545,0.04547298437406181,0.6906939167851837
0.46183705946199566,0.04004987364022121,0.49811306689778306
0.6747664056945968,0.032085602588433515,0.2931479917169697
0.8376208456128382,0.02296832416270579,0.13941083022445605
0.914014186479005,0.016553722445435678,0.06943209107555932
0.956800624916278,0.01138265737535591,0.03181671770836607
0.9792062584302846,0.007462542431141861,0.01333119913857346
0.9882310985682606,0.0052600612209958274,0.006508840210743555
0.9936021155152855,0.0035256740370204647,0.002872210447694001
0.9963822509774615,0.002356348447461583,0.0012614005750769856
0.9977282437626169,0.0016569196122604725,0.0006148366251227204
0.9977523214950876,0.0016431908534578323,0.0006044876514544563
0.9979349313044557,0.0015373551291319072,0.0005277135664125276
0.9986715733352808,0.001074353625500504,0.00025407303921871265
0.9991715150335123,0.0007170742728016402,0.00011141069368612069
0.9995244322498469,0.00047556775015312726,0.0
0.9996847003421793,0.0003152996578207795,0.0
0.9997909864399773,0.00020901356002265002,0.0
0.9998614568689796,0.00013854313102032857,0.0
1.0,0.0,0.0
