0.25,0.1,0.65
0.25267457727872694,0.09987652136582845,0.6474489013554446
0.2637560391883884,0.09935887893272466,0.6368850818788869
0.26653401057701426,0.09922757313783945,0.6342384162851463
0.2894550425958403,0.09812007479403224,0.6124248826101274
0.4261185287890363,0.09051316522194162,0.48336830598902214
0.42970246197399814,0.09028768863890643,0.48000984938709546
0.458676997042471,0.08840899841028578,0.4529140045472432
0.6105263126049697,0.07663976254462489,0.31283392485040545
0.6140041625445248,0.0763251816817202,0.309670655773755
0.6414318202421575,0.07375905953086087,0.28480912022698157
0.7706567951457414,0.05914614036756515,0.17019706448669344
0.7731656529184591,0.058810060380128634,0.16802428670141237
0.7925307002794449,0.05612961283416937,0.1513396868863856
0.8779929019929766,0.04192556647420098,0.08008153153282235
0.8794439046536988,0.04163958422108299,0.07891651112521819
0.8904961284834431,0.03939452058969469,0.07010935092686231
0.9377770642518837,0.028018845487390778,0.034204090260725586
0.9385203646830235,0.02780875431975586,0.03367088099722074
0.9441501119978641,0.026174079979932697,0.029675808022203237
0.9681039776300678,0.018089620004492882,0.013806402365439266
0.9684694103900753,0.017947310987920205,0.013583278622004553
0.971235494691979,0.016845087692818582,0.01191941761520245
0.9832709486293032,0.011392894692222547,0.00533615667847437
0.9904721801471127,0.007352019495692905,0.002175800357194394
0.9944008025012312,0.0047198228978679955,0.0008793746009007667
0.9966257058590375,0.0030207396426741055,0.00035355449828842664
0.9979285805727349,0.00192972638351699,0.0001416930437481013
0.998768575428342,0.0012314245716580773,0.0
0.9992148140961479,0.0007851859038521049,0.0
0.9994995590998601,0.0005004409001398482,0.0
0.999681129209616,0.0003188707903840039,0.0
0.9997968574392538,0.00020314256074607621,0.0
0.9998433090810631,0.00015669091893689922,0.0
0.9998448436802492,0.00015515631975079273,0.0
0.9998565917964085,0.0001434082035915164,0.0
1.0,0.0,0.0
