0.3,0.1,0.6
0.3030043407189065,0.09984601096539854,0.597149648315695
0.31531875020844286,0.09920628754519566,0.5854749622463614
0.31841600520558616,0.09904319839145981,0.582540796402954
0.3438092115100357,0.09767193279397861,0.5585188556959857
0.5557466772554248,0.08331768228552416,0.3609356404590509
0.7590171873938746,0.062135338253802644,0.17884747435232276
0.8693687625327953,0.04457273923546096,0.08605849823174369
0.935201777693702,0.029320562792684364,0.03547765951361358
0.9527977121976681,0.023940784680216202,0.023261503122115675
0.9708291485512553,0.017294911740314417,0.01187593970843025
0.9837930762367577,0.011276275672651125,0.004930648090591261
0.9906934970905034,0.00728891976733701,0.002017583142159673
0.994493522987369,0.0046879200381328015,0.0008185569744981715
0.9966635297911209,0.003006071417581551,0.00033039879129752656
0.9979429481791033,0.0019241088083837869,0.00013294301251289605
0.9987697422490236,0.0012302577509763588,0.0
0.9992140021415205,0.0007859978584795143,0.0
0.9994980464600464,0.0005019535399535779,0.0
0.9996795296076189,0.0003204703923811493,0.0
0.9997755033100922,0.00022449668990783046,0.0
0.9998428598342388,0.00015714016576117928,0.0
0.9998900130494554,0.00010998695054468374,0.0
1.0,0.0,0.0
