0.2,0.15,0.65
0.20193875195914385,0.14990345616022696,0.6481577918806292
0.2096634879809729,0.14951367897774537,0.6408228330412817
0.21167640011405392,0.14941076219477345,0.6389128376911726
0.2283130816228218,0.14853853200959533,0.6231483863675829
0.39434331596828914,0.13743691914025147,0.46821976489145944
0.6077895179572528,0.11462626088331146,0.2775842211594357
0.793475958645601,0.08198751450376825,0.12453652685063066
0.8839358164733135,0.05792027354082635,0.058143909985859984
0.9415790029390526,0.03649364686379705,0.021927350197150405
0.9557022177955949,0.029856311010875984,0.014441471193529077
0.9703144743380863,0.02200287719018878,0.007682648471725047
0.982470919785609,0.014342669580989181,0.0031864106334019036
0.9894369943775511,0.009262352472172095,0.0013006531502768475
0.9935268884997227,0.005947404740549415,0.0005257067597278577
0.995983444744154,0.0038053692257021604,0.00021118603014385858
0.9975703484415818,0.002429651558418321,0.0
0.9984510752216145,0.001548924778385602,0.0
0.9990133796150941,0.000986620384905855,0.0
0.9993718912750175,0.0006281087249825079,0.0
0.9995678121921758,0.0004321878078241818,0.0
0.9997026693633128,0.00029733063668730016,0.0
0.9997954694361789,0.00020453056382117843,0.0
0.9998593164569396,0.00014068354306037993,0.0
1.0,0.0,0.0
