0.25,0.15,0.6
0.25227983734778453,0.14986970301317976,0.5978504596390357
0.26125944507811505,0.14934872862332838,0.5893918262985566
0.26361278419718626,0.1492101251192082,0.5871770906836056
0.28296434000497767,0.148037133177979,0.5689985268170433
0.46676460907802086,0.13343805124078836,0.3997973396811908
0.6773805210906925,0.10617048139598184,0.21644899751332558
0.7924472273588867,0.08367491501110952,0.12387785763000375
0.8771604610908768,0.06100136316277912,0.061838175746344
0.9371507016626918,0.03893948384416712,0.02390981449314121
0.9522198727260329,0.03194944618649581,0.01583068108747134
0.9685364982262115,0.023258461877282696,0.008205039896505872
0.9815544711004746,0.01508093610768374,0.003364592791841743
0.9889638740492322,0.009680068178971787,0.0013560577717958158
0.9932840027063544,0.006175220485688408,0.0005407768079571661
0.9958612754091577,0.003924479235849857,0.00021424535499248713
0.9975115492251604,0.002488450774839658,0.0
0.9984246346907727,0.0015753653092272953,0.0
0.9989217826468161,0.001078217353183952,0.0
0.9992623493218894,0.00073765067811065,0.0
0.9994954883964562,0.0005045116035438149,0.0
0.9996550099726579,0.00034499002734213993,0.0
0.9997641240408327,0.00023587595916731483,0.0
0.9998387421246244,0.00016125787537553718,0.0
0.9998897621052006,0.0001102378947993161,0.0
1.0,0.0,0.0
