0.4,0.2,0.4
0.40236284344736095,0.19976516530372504,0.39787199124891404
0.411020135813649,0.1988839508474984,0.39009591333885263
0.413410081200832,0.19863486926317023,0.38795504953599785
0.4327601039045095,0.1965235449088546,0.370716351186636
0.5969997854368883,0.17091345425702723,0.23208676030608444
0.7844969380501192,0.12010996951360711,0.0953930924362736
0.8863950100098238,0.07748237467574494,0.03612261531443125
0.9327452670355589,0.05184779870666051,0.015406934257780594
0.9613715016148063,0.0327210915304006,0.005907406854793077
0.9739262120200731,0.02317568434737694,0.0028981036325498965
0.9831606347930791,0.0155612885810802,0.0012780766258406687
0.9890752636066666,0.010368554059825098,0.0005561823335083604
0.9928864229161913,0.0068736659112574264,0.00023991117255131863
0.995355507254212,0.004541606034353537,0.0001028867114345262
0.9970056887837468,0.0029943112162531343,0.0
0.9980288102621557,0.0019711897378441945,0.0
0.9987035522011312,0.0012964477988688244,0.0
0.9991478534693274,0.0008521465306725076,0.0
0.9994401169341345,0.0005598830658654847,0.0
0.9996322400579742,0.00036775994202575607,0.0
0.999758478719876,0.00024152128012400734,0.0
0.9998414025257122,0.0001585974742877877,0.0
0.9998958632049212,0.00010413679507884416,0.0
1.0,0.0,0.0
