0.45,0.2,0.35
0.4524047639166943,0.19970258888126227,0.34789264720204344
0.46125342418436205,0.1985825388440263,0.3401640369716117
0.4636749405823016,0.19826892526353745,0.33805613415416097
0.4832103933493268,0.1956250483154239,0.3211645583352494
0.6438717672164215,0.16529713716267358,0.19083109562090492
0.8150318075860786,0.11150266824836833,0.07346552416555294
0.8992343056879625,0.07228284965291783,0.028482844659119728
0.9488353912423942,0.04205377612711987,0.009110832630485885
0.9685659660289329,0.027621336118409563,0.0038126978526576427
0.9785507478013756,0.01957357400676127,0.0018756781918631352
0.9857861437290565,0.013357666201020576,0.0008561900699229732
0.9905510656893702,0.009062091366478843,0.0003868429441509131
0.9937029154688968,0.0061235066524678375,0.00017357787863541864
0.9958728980607988,0.004127101939201115,0.0
0.9972237501087269,0.0027762498912731253,0.0
0.9981346544251479,0.0018653455748520486,0.0
0.998652312944987,0.0013476870550130095,0.0
0.9990278579284133,0.000972142071586612,0.0
0.99929894948522,0.000701050514779903,0.0
0.9994047155128046,0.000595284487195322,0.0
0.9995826835612881,0.00041731643871180125,0.0
0.9997209416788186,0.000279058321181287,0.0
0.9998134172527667,0.00018658274723323983,0.0
0.9998752580441211,0.00012474195587890133,0.0
1.0,0.0,0.0
