0.55,0.2,0.25
0.5522946438002627,0.19955580765338868,0.2481495485463486
0.5609009032257289,0.19785553570427203,0.241243561069999
0.5631921721673319,0.19739368250142325,0.239414145331245
0.5815490198906565,0.19355205613230478,0.22489892397703876
0.723935283688925,0.15444362252678295,0.1216210937842919
0.8270271902872066,0.11364232554862568,0.059330484164167634
0.8986751417167315,0.07638886972189457,0.024935988561374047
0.9242980702676872,0.06049920315167496,0.01520272658063788
0.9614084489324587,0.03401771824015884,0.00457383282738233
0.9772379169029748,0.021061021271532476,0.0017010618254926983
0.9847988771204165,0.014419712894839912,0.0007814099847436404
0.9898334821111463,0.009811422438454311,0.0003550954503994632
0.9931920686165828,0.0066477468724451235,0.00016018451097218848
0.9955083170388862,0.00449168296111382,0.0
0.9969712791694196,0.0030287208305803627,0.0
0.9979603490797423,0.0020396509202577407,0.0
0.9986276092559633,0.0013723907440367417,0.0
0.9990771167523645,0.0009228832476354723,0.0
0.9993796379007988,0.0006203620992011854,0.0
0.9995831028034657,0.00041689719653426456,0.0
0.9996457121036827,0.00035428789631729307,0.0
0.9997515393354728,0.00024846066452724886,0.0
0.9998338089834164,0.00016619101658351594,0.0
0.9998888457837022,0.00011115421629786521,0.0
1.0,0.0,0.0
