0.15,0.25,0.6
0.15097687312677718,0.2500251297201677,0.5989979971530551
0.15437095906486667,0.250110775720455,0.5955182652146783
0.15537057103585553,0.2501355037068472,0.5944939252572973
0.16354680697818025,0.2503291577577553,0.5861240352640644
0.2407109801829184,0.2512846756986947,0.5080043441183868
0.4495939751282527,0.24022664397078433,0.3101793809009629
0.5787242802057749,0.2169844832503971,0.204291236543828
0.7196076066840638,0.17295221387679807,0.10744017943913825
0.7766254937309918,0.14885461065225689,0.07451989561675135
0.8625816929748592,0.10417236326983369,0.033245943755307095
0.924180041100848,0.06408373081387807,0.011736228085274025
0.9525665139705395,0.04247128760584649,0.004962198423614079
0.9705737780720012,0.027420401027524712,0.00200582090047412
0.9818104338417537,0.017402448654404604,0.0007871175038415474
0.9887727150037472,0.010924227166825692,0.000303057829427107
0.9924445706483325,0.007418140610585163,0.00013728874108235537
0.99461966578544,0.005380334214559968,0.0
0.9963415898008278,0.003658410199172235,0.0
0.997516104850134,0.00248389514986592,0.0
0.9983152488577923,0.0016847511422076608,0.0
0.9988580689664297,0.001141931033570297,0.0
0.9992263558250983,0.0007736441749017103,0.0
0.9994760316279933,0.000523968372006656,0.0
0.9996452065365133,0.00035479346348666767,0.0
0.9997597945033033,0.00024020549669671816,0.0
0.9998373899217398,0.00016261007826029716,0.0
0.9998899264474165,0.00011007355258356381,0.0
1.0,0.0,0.0
