0.35,0.25,0.4
0.35172593233712696,0.24991254264405302,0.39836152501882005
0.3576059674500723,0.2496007270964091,0.39279330545351865
0.3593508041550092,0.24950402547207226,0.39114517037291857
0.3734780314251252,0.24864874476681167,0.3778732238080631
0.49670072007884025,0.23484960839992938,0.2684496715212304
0.6216380656473497,0.2069560599821901,0.17140587437046023
0.7447257098418262,0.16368242301898211,0.09159186713919165
0.8628854264706981,0.10440872484781259,0.03270584868148936
0.8938459721859279,0.08513584421158199,0.02101818360249024
0.9474304949978041,0.04665878791960773,0.00591071708258821
0.9671846977447244,0.030386819485576026,0.0024284827696996547
0.9771308165717245,0.02166048929060283,0.0012086941376726142
0.9846646945869019,0.014783669867596945,0.0005516355455012297
0.9897250934934558,0.010025924694555354,0.0002489818119888997
0.9931185810114237,0.006769889922506989,0.00011152906606916381
0.9954418830471491,0.0045581169528509545,0.0
0.9969373567511677,0.00306264324883232,0.0
0.9979448848618829,0.0020551151381170965,0.0
0.9986221850335879,0.0013778149664121736,0.0
0.9990768192007848,0.000923180799215067,0.0
0.9992115676344757,0.0007884323655242101,0.0
0.9994469100866339,0.0005530899133661235,0.0
0.9996301755939696,0.00036982440603038666,0.0
0.9997527563607733,0.0002472436392267212,0.0
0.9998347248034787,0.00016527519652139,0.0
0.9998895263241033,0.00011047367589668812,0.0
1.0,0.0,0.0
