0.5,0.3,0.2
0.5012011936294557,0.2998360280890102,0.19896277828153403
0.5051389997805409,0.29927655738917935,0.1955844428302799
0.5051389997805408,0.2992765573891793,0.19558444283027984
0.5063450567492858,0.29909844811904024,0.19455649513167408
0.5160652827943946,0.29754611740627074,0.18638859979933467
0.5994812307994061,0.2755251009213725,0.12499366827922137
0.681684274040044,0.2396619300855323,0.07865379587442385
0.777512090286772,0.18332463087349446,0.03916327883973355
0.8191903895529127,0.15455899469450624,0.02625061575258103
0.8804417224864606,0.10777439814944623,0.011783879364093246
0.933971314192318,0.06235355608479917,0.0036751297228828066
0.9567171927056245,0.04169576189819408,0.0015870453961814275
0.9695634444358062,0.029652680885499,0.0007838746786948941
0.9787544461264749,0.02086546302548813,0.00038009084803702605
0.9860846732436058,0.013753747224424115,0.00016157953197001358
0.9909955817129726,0.009004418287027386,0.0
0.9941323193404186,0.005867680659581401,0.0
0.9961876767581548,0.00381232324184518,0.0
0.9975278762265433,0.0024721237734567467,0.0
0.9983989621978628,0.0016010378021371384,0.0
0.9989639607170951,0.0010360392829048464,0.0
0.9993299309691358,0.0006700690308642459,0.0
0.999566775438215,0.0004332245617848605,0.0
0.9997199664044668,0.00028003359553320853,0.0
0.9998030057713905,0.00019699422860944998,0.0
0.9998657755316993,0.00013422446830075552,0.0
1.0,0.0,0.0
