0.4,0.45,0.15
0.39524986228903797,0.4542307693519718,0.15051936835899024
0.37389840361336163,0.4735192954055151,0.15258230098112333
0.3691338442375819,0.47789186820296103,0.15297428755945708
0.3308806749511894,0.5141132758653467,0.15500604918346392
0.21180975035070432,0.6430451578301902,0.1451450918191055
0.11732629875284473,0.7656894197604832,0.11698428148667214
0.057692941241683796,0.8576381565967625,0.08466890216155373
0.023664994086031413,0.9219986482406572,0.0543363576733113
0.009873354302624376,0.955558878714955,0.034567766982420534
0.004941426265772756,0.9710321567926281,0.024026416941599082
0.0021485433382202154,0.9823956985246258,0.015455758137153951
0.0009250556387455102,0.9892057185490039,0.009869225812250608
0.00039589318215902877,0.9933300824033067,0.0062740244145342745
0.00016880280736953482,0.9958534638728865,0.003977733319743929
0.0,0.9974821176080395,0.0025178823919604766
0.0,0.9984080116432543,0.001591988356745763
0.0,0.9989940489456565,0.001005951054343476
0.0,0.9993646053553373,0.0006353946446626896
0.0,0.9995987609545168,0.0004012390454832338
0.0,0.99974666501233,0.00025333498767001703
0.0,0.9998400646650588,0.0001599353349411377
0.0,0.9998990357317482,0.00010096426825184324
0.0,1.0,0.0
