0.3,0.5,0.2
0.29614557201563974,0.5032011130396163,0.2006533149447439
0.2792882947477082,0.517613221783354,0.20309848346893794
0.27928829474770817,0.5176132217833539,0.20309848346893788
0.27550983329664513,0.5209478572663626,0.20354230943699225
0.24564282559580586,0.5489508361752229,0.20540633822897114
0.1678866033222716,0.6382826835318666,0.19383071314586184
0.10086390280404027,0.7366911425245186,0.1624449546714412
0.04687774084653072,0.8375372093066498,0.11558504984681948
0.018906849171017252,0.9072077084175788,0.07388544241140396
0.006233202482490982,0.9520821584327176,0.04168463908479149
0.002457150747106597,0.9719943564975958,0.025548492755297525
0.0011950447826595042,0.981368312315089,0.0174366429022514
0.0005280317256271975,0.9881818839422266,0.011290084332146165
0.00023189518775249443,0.9924900383312224,0.0072780664810251795
0.0001014473659143301,0.995219871470252,0.00467868116383368
0.0,0.9969975067916437,0.003002493208356226
0.0,0.9980754798427899,0.0019245201572100682
0.0,0.998767297404809,0.0012327025951910568
0.0,0.999210778756133,0.0007892212438670338
0.0,0.9994948573896228,0.0005051426103772107
0.0,0.9996767421776106,0.000323257822389364
0.0,0.9997931608527594,0.00020683914724062884
0.0,0.9998676623029307,0.00013233769706934035
0.0,1.0,0.0
