0.1,0.6,0.3
0.09845726343489868,0.6023228571797122,0.2992198793853891
0.09161394011626786,0.6132912505318583,0.2950948093518738
0.09014956682504426,0.6157814803841702,0.2940689527907855
0.07884958683136238,0.6367587791796808,0.2843916339889568
0.0408162578557768,0.734640250902309,0.22454349124191417
0.019551341067854403,0.8189450646417427,0.16150359429040292
0.007806929967377604,0.8891640482040486,0.10302902182857379
0.003142550838444301,0.9321454621612373,0.06471198700031838
0.0012047612459357934,0.9595630853449175,0.039232153409146694
0.0004480419825403038,0.9762816974671776,0.023270260550282112
0.0002000842987988296,0.9846353565075346,0.015164559193666528
0.00010553377001300604,0.9891094140400152,0.0107850521899718
0.0,0.9929267147790506,0.007073285220949374
0.0,0.995404522222531,0.004595477777469106
0.0,0.9970190716083193,0.0029809283916808205
0.0,0.9980683680018889,0.0019316319981111199
0.0,0.9987491467768652,0.0012508532231348428
0.0,0.9991903455527,0.0008096544472999752
0.0,0.9994760728835766,0.0005239271164232783
0.0,0.9996610286914317,0.0003389713085682403
0.0,0.9997807175854586,0.00021928241454145155
0.0,0.9998581557837997,0.0001418442162002667
0.0,1.0,0.0
