0.05,0.05,0.9
0.05263959174319267,0.0499041754607399,0.8974562327960675
0.07253689106950093,0.04918382544132854,0.8782792834891705
0.07619663975058259,0.049051723649201996,0.8747516366002154
0.11105213870380129,0.0478002257514543,0.8411476355447444
0.2106016473588364,0.04430714664267181,0.7450912059984918
0.3340303957430206,0.04023322576302587,0.6257363784939536
0.4512865253846274,0.03687497855877293,0.5118384960565997
0.5179517483932438,0.035421976971753144,0.446626274635003
0.5442999882108189,0.03501162837393337,0.4206883834152478
0.5505331612412496,0.034933435419923706,0.4145334033388267
0.5949352864422017,0.034662632542727716,0.37040208101507055
0.7013915329162392,0.03949982536298932,0.25910864172077147
0.7260648550049651,0.04522031509362639,0.2287148299014085
0.7273218050368804,0.045700267652533016,0.22697792731058664
0.7356445487201091,0.04997220487950468,0.2143832464003862
0.7422164106677999,0.07978781933249222,0.17799576999970793
0.7374862490017405,0.09013681543181855,0.17237693556644101
0.7367838036357615,0.09144261715236317,0.1717735792118755
0.7300213739306042,0.1026881222974007,0.16729050377199514
0.6517273194082657,0.197942431227141,0.1503302493645933
0.6491762249098996,0.20075231538278365,0.1500714597073168
0.6274887876260581,0.2243755703793701,0.14813564199457188
0.4732888374824434,0.38589049523963703,0.14082066727791964
0.47121395542336836,0.38802517532865477,0.140760869247977
0.4691356933975823,0.39016274943562945,0.14070155716678823
0.46504583244444253,0.3943676632603807,0.1405865042951768
0.4319754130038649,0.4282946370639788,0.13972994993215632
0.2555000436851716,0.6079014404858345,0.1365985158289939
0.25200045495714923,0.6114469361560888,0.136552608886762
0.22500429729702448,0.6387826980350335,0.13621300466794206
0.11242821091263192,0.7525460649248882,0.13502572416247982
0.10896919180646226,0.7560368511491953,0.13499395704434236
0.10896919180646228,0.7560368511491954,0.1349939570443424
0.10715639159838353,0.7578662011877823,0.13497740721383428
0.09356157851912913,0.7715830456250952,0.13485537585577567
0.04056508813756396,0.8250229448404012,0.13441196702203484
0.03983900177075147,0.8257547743343887,0.13440622389485984
0.03445946071171026,0.8311766056034202,0.13436393368486957
0.014319558282313655,0.8514709589355147,0.13420948278217168
0.014257111704026153,0.851533874697564,0.13420901359840987
0.013995202826943347,0.8517977507693485,0.13420704640370823
0.012063454477156512,0.853743977495048,0.13419256802779553
0.0055945823276726085,0.8602609470297902,0.13414447064253732
0.002380113425430176,0.8634990900747765,0.13412079649979317
0.0010103058633396686,0.8648789416932449,0.1341107524434154
0.0004284433900703142,0.8654650626642886,0.13410649394564106
0.0001816176281511654,0.8657136934439539,0.13410468892789487
0.0,0.865885752658588,0.13411424734141195
0.0,0.8658920254289415,0.13410797457105852
0.0,0.8658946836967234,0.13410531630327663
0.0,0.8658958102080377,0.13410418979196229
0.0,0.8658962875958476,0.13410371240415245
0.0,0.8658964899008591,0.13410351009914087
0.0,0.8658965756326246,0.13410342436737546
0.0,0.8658965963714327,0.13410340362856732
