0.45,0.35,0.2
0.4478202452202721,0.35291205669795556,0.19926769808177236
0.4389093184614566,0.3645793408156008,0.19651134072294266
0.436568394719895,0.3675887231337972,0.19584288214630782
0.4167608617694221,0.39233626916217246,0.19090286906840553
0.26300366859755236,0.5659253321106393,0.17107099929180833
0.15812602768440895,0.6773810378325175,0.16449293448307356
0.097721099472104,0.740570400461923,0.161708500065973
0.05168330016716676,0.7884059783279308,0.15991072150490251
0.019737585032933522,0.8214684493888187,0.15879396557824774
0.007310445709268052,0.834304882662516,0.15838467162821593
0.003394797688718408,0.8383467717015192,0.15825843060976244
0.0018749584448803558,0.8399152704987329,0.15820977105638676
0.000866232179254096,0.840956187823434,0.158177579997312
0.00039120638470033355,0.8414463441431057,0.158162449472194
0.00017656354351829314,0.8416678177608172,0.15815561869566455
0.0,0.8418348616506008,0.15816513834939924
0.0,0.8418431682479404,0.15815683175205963
0.0,0.8418469161601098,0.15815308383989019
0.0,0.8418486071929798,0.15815139280702017
0.0,0.8418493701728306,0.1581506298271694
0.0,0.84184971442236,0.15815028557763994
0.0,0.8418498697444805,0.15815013025551947
0.0,0.8418499398243231,0.15815006017567695
0.0,0.8418499714436671,0.15815002855633292
0.0,0.8418499857100069,0.1581500142899931
0.0,0.8418499921468402,0.15815000785315983
0.0,0.8418499950510764,0.15815000494892353
0.0,0.8418499963614395,0.15815000363856052
0.0,0.8418499969526625,0.1581500030473375
0.0,0.8418499972194166,0.15815000278058347
0.0,0.8418499973397733,0.15815000266022666
0.0,0.8418499973940772,0.15815000260592282
0.0,0.8418499974185786,0.1581500025814215
0.0,0.8418499974296333,0.15815000257036674
0.0,0.8418499974346211,0.1581500025653789
0.0,0.8418499974368744,0.1581500025631256
0.0,0.8418499974378938,0.15815000256210623
0.0,0.8418499974383549,0.15815000256164513
0.0,0.841849997438563,0.15815000256143694
0.0,0.8418499974386564,0.1581500025613436
0.0,0.8418499974386973,0.15815000256130274
0.0,0.841849997438714,0.158150002561286
0.0,0.8418499974387199,0.1581500025612801
0.0,0.8418499974387215,0.1581500025612785
0.0,0.8418499974387217,0.15815000256127829
0.0,0.8418499974387218,0.15815000256127823
0.0,0.8418499974387219,0.15815000256127817
0.0,0.8418499974387222,0.15815000256127784
0.0,0.8418499974387268,0.15815000256127323
