0.25,0.4,0.35
0.25187475049604896,0.4002597550942183,0.3478654944097328
0.25872829273566805,0.4015058524562672,0.3397658548080648
0.2604200705661537,0.4018973030921533,0.33768262634169305
0.27226651864992324,0.4059998319255704,0.3217336494245064
0.2888527257320815,0.4458636162437026,0.26528365802421583
0.2463743615541512,0.5271492285301455,0.22647640991570328
0.16670949894641357,0.6288932793160082,0.2043972217375783
0.09609404182010008,0.710071235354816,0.1938347228250839
0.05001616378123524,0.7611528008644278,0.188831035354337
0.022323127313362418,0.7913939187517863,0.18628295393485134
0.009219281680940241,0.805607084273392,0.1851736340456678
0.0045685578627482045,0.8106381574058678,0.18479328473138398
0.002139089804607883,0.813263652839067,0.18459725735632518
0.001258406430677777,0.8142149534464537,0.18452664012286857
0.0012409119853801808,0.8142338483091733,0.18452523970544646
0.0011094146749500804,0.8143758689319499,0.18451471639309996
0.0005354868156718693,0.8149956664259328,0.1844688467583954
0.00023477580087897756,0.8153203751293384,0.18444484906978273
0.00010163480123716172,0.8154641307404282,0.18443423445833465
0.0,0.8155622458876035,0.1844377541123965
0.0,0.8155688362336554,0.18443116376634464
0.0,0.8155716884826498,0.18442831151735026
0.0,0.8155729229017415,0.1844270770982584
0.0,0.8155734571413505,0.18442654285864957
0.0,0.8155736773246715,0.1844263226753286
