0.1,0.55,0.35
0.10075505162211165,0.5501462307896744,0.3490987175882139
0.10344901874108439,0.5507362654083459,0.3458147158505698
0.10418352487998937,0.5509171472852615,0.34489932783474914
0.10978411026237615,0.552636583084217,0.33757930665340685
0.12925331789504177,0.5742545149983878,0.29649216710657056
0.12157486551301716,0.6130012571061875,0.2654238773807954
0.09322330141577582,0.6634886079828907,0.24328809060133352
0.05363636569599471,0.7183867703286806,0.22797686397532468
0.026836716433205073,0.7522481393126454,0.22091514425414943
0.012175731775606916,0.7701450471004814,0.2176792211239117
0.00821912177079467,0.774914937054283,0.21686594117492228
0.004468500723151596,0.7794155417590471,0.21611595751780127
0.0019342339990591237,0.7824455412516274,0.21562022474931358
0.0008325730171220552,0.7837600186301181,0.21540740835275987
0.00035750747409424473,0.7843263635396039,0.21531612898630184
0.00015335449009565725,0.7845696520820015,0.21527699342790294
0.0,0.7847256280566136,0.21527437194338636
0.0,0.7847409065121571,0.2152590934878429
0.0,0.7847474555915488,0.2152525444084512
0.0,0.7847502627359987,0.21524973726400132
0.0,0.7847514659483535,0.21524853405164646
0.0,0.7847519816717221,0.2152480183282779
0.0,0.7847522027214862,0.2152477972785139
0.0,0.7847522974678933,0.2152477025321067
0.0,0.7847523380781009,0.21524766192189906
0.0,0.7847523554844452,0.21524764451555486
0.0,0.7847523629451505,0.21524763705484962
0.0,0.784752366142957,0.21524763385704312
0.0,0.7847523675136003,0.21524763248639975
0.0,0.7847523681010852,0.21524763189891477
0.0,0.784752368352893,0.21524763164710706
0.0,0.7847523684608227,0.21524763153917725
0.0,0.7847523685070835,0.21524763149291637
0.0,0.7847523685269119,0.21524763147308806
0.0,0.7847523685354107,0.21524763146458925
0.0,0.7847523685390536,0.21524763146094647
0.0,0.7847523685406149,0.2152476314593851
0.0,0.7847523685412842,0.21524763145871584
0.0,0.7847523685415709,0.215247631458429
0.0,0.7847523685417009,0.2152476314582991
0.0,0.7847523685417566,0.2152476314582435
0.0,0.784752368541778,0.21524763145822204
0.0,0.7847523685417845,0.21524763145821543
0.0,0.7847523685417861,0.21524763145821396
0.0,0.7847523685417863,0.2152476314582138
0.0,0.7847523685417862,0.21524763145821368
0.0,0.7847523685417864,0.21524763145821346
0.0,0.7847523685417875,0.21524763145821232
0.0,0.7847523685417895,0.21524763145821055
