0.05,0.6,0.35
0.050376678107521125,0.6000799097651687,0.34954341212731016
0.05172382070828686,0.6003846281204501,0.347891551171263
0.05210135102007566,0.6004755558728061,0.3474230931071183
0.05509484488947487,0.6012911366132848,0.3436140184972403
0.07380033140017365,0.6148765713306912,0.3113230972691352
0.07465807715776927,0.6458059436590614,0.2795359791831693
0.06261618487364588,0.6752710537623018,0.2621127613640524
0.046598172801294586,0.7030704174549267,0.2503314097437787
0.031872534921841084,0.7253025811656442,0.24282488391251478
0.017733143405688302,0.7451405392103658,0.23712631738394582
0.008361502642721234,0.7577496901441328,0.23388880721314592
0.0038978867864043172,0.7636372974487965,0.23246481576479916
0.002247294373017552,0.7657973834697914,0.23195532215719103
0.001079227651606565,0.7673207260990369,0.23160004624935657
0.0005068441937027014,0.768065639849601,0.23142751595669633
0.0002325539163612533,0.7684222493072793,0.23134519677635942
0.00010660434004500013,0.768585921178348,0.231307474481607
0.0,0.7686985090726881,0.2313014909273119
0.0,0.7687125485543069,0.23128745144569313
0.0,0.7687189799267266,0.23128102007327347
0.0,0.7687219259461977,0.23127807405380227
0.0,0.7687232754002942,0.2312767245997058
0.0,0.7687238935252674,0.23127610647473268
0.0,0.768724176659565,0.23127582334043498
0.0,0.7687243063499454,0.23127569365005463
0.0,0.7687243657548948,0.23127563424510517
0.0,0.768724392965444,0.231275607034556
0.0,0.7687244054292849,0.23127559457071512
0.0,0.7687244111383691,0.23127558886163097
0.0,0.7687244137534249,0.2312755862465751
0.0,0.7687244149512558,0.2312755850487442
0.0,0.7687244154999243,0.23127558450007576
0.0,0.7687244157512427,0.23127558424875722
0.0,0.7687244158663598,0.23127558413364033
0.0,0.7687244159190892,0.2312755840809108
0.0,0.768724415943242,0.231275584056758
0.0,0.7687244159543053,0.23127558404569473
0.0,0.7687244159593728,0.2312755840406272
0.0,0.768724415961694,0.231275584038306
0.0,0.7687244159627595,0.2312755840372404
0.0,0.7687244159632567,0.23127558403674334
0.0,0.7687244159634878,0.2312755840365121
0.0,0.76872441596359,0.23127558403641002
0.0,0.7687244159636354,0.23127558403636467
0.0,0.7687244159636513,0.23127558403634876
0.0,0.7687244159636554,0.23127558403634463
0.0,0.768724415963656,0.23127558403634402
0.0,0.7687244159636561,0.23127558403634396
0.0,0.7687244159636563,0.23127558403634377
0.0,0.7687244159636575,0.23127558403634263
0.0,0.7687244159636598,0.2312755840363402
