0.9,0.05,0.05
0.8984715782149724,0.05124817866974702,0.05028024311528062
0.8900876173203343,0.05817928867079626,0.051733094008869475
0.8883738393159539,0.05961231541492647,0.0520138452691196
0.8735078566330834,0.07223986480267365,0.054252278564243056
0.7941400209190861,0.14337853256139166,0.062481446519522206
0.6766186300936597,0.25390113827151584,0.06948023163482439
0.5241794811928571,0.40078461458277426,0.07503590422436864
0.34013268929233736,0.5804151336262648,0.07945217708139779
0.1701571823561891,0.7474480851580079,0.08239473248580302
0.08848956887634124,0.827946682440232,0.08356374868342681
0.04233357627692545,0.8734959214645031,0.08417050225857142
0.017651868570129296,0.8978673321461758,0.08448079928369503
0.009047441915611918,0.9063657692629916,0.08458678882139652
0.004060798668439716,0.9112914893983277,0.08464771193323269
0.0018174684021024228,0.9135075312097627,0.08467500038813489
0.0008124004193831872,0.9145003970757579,0.08468720250485885
0.0003629328429281546,0.9149444126029448,0.08469265455412704
0.00016209586223062271,0.9151428143757944,0.0846950897619751
0.0,0.9152976912419903,0.0847023087580097
0.0,0.9153005991096439,0.08469940089035603
0.0,0.9153018975864179,0.08469810241358215
0.0,0.9153024774048718,0.08469752259512826
0.0,0.9153027363150488,0.08469726368495126
0.0,0.9153028519278357,0.08469714807216429
0.0,0.9153029035531214,0.08469709644687863
0.0,0.9153029266056727,0.08469707339432732
0.0,0.9153029368994672,0.08469706310053272
0.0,0.9153029414960172,0.0846970585039828
0.0,0.9153029435485422,0.08469705645145777
0.0,0.9153029444650685,0.08469705553493145
0.0,0.9153029448743305,0.08469705512566945
0.0,0.9153029450570808,0.08469705494291924
0.0,0.9153029451386853,0.0846970548613147
0.0,0.9153029451751247,0.08469705482487533
0.0,0.9153029451913961,0.08469705480860383
0.0,0.915302945198662,0.08469705480133803
0.0,0.9153029452019065,0.0846970547980936
0.0,0.9153029452033551,0.08469705479664483
0.0,0.915302945204002,0.08469705479599791
0.0,0.9153029452042909,0.08469705479570905
0.0,0.91530294520442,0.08469705479558005
0.0,0.9153029452044775,0.08469705479552245
0.0,0.9153029452045044,0.08469705479549561
0.0,0.9153029452045169,0.0846970547954831
0.0,0.9153029452045219,0.08469705479547808
0.0,0.9153029452045236,0.08469705479547641
0.0,0.9153029452045239,0.08469705479547603
0.0,0.915302945204524,0.08469705479547597
0.0,0.915302945204524,0.08469705479547596
0.0,0.9153029452045242,0.08469705479547592
0.0,0.9153029452045242,0.08469705479547585
