0.1,0.05,0.85
0.1047532129080567,0.04982347882259716,0.8454233082693461
0.13803654338380464,0.048594762601137355,0.8133686940150581
0.14407737492177491,0.048373220236291085,0.807549404841934
0.19786772505983585,0.04642339390606842,0.7557088810340957
0.32693525895552894,0.04197784521363925,0.6310868958308319
0.4353801730775365,0.0386940318982337,0.5259257950242298
0.5256230994252566,0.036639130049394855,0.43773777052534857
0.6242848293799056,0.03626272539849299,0.3394524452216015
0.7090411673468326,0.04266985328505819,0.2482889793681091
0.7396124975277315,0.05811168658273375,0.20227581588953472
0.7369283750897134,0.08780994931973027,0.17526167559055625
0.6880785730606581,0.155698689652276,0.15622273728706587
0.5860036104535499,0.2680215007088761,0.14597488883757412
0.4388036312175028,0.420862296454213,0.14033407232828415
0.2731264431824821,0.5896932455265238,0.13718031129099417
0.1271532653278642,0.7373898122496638,0.135456922422472
0.062427396859543766,0.802706425806556,0.13486617733390013
0.0202136571923891,0.8452641912511477,0.13452215155646316
0.00802780383499934,0.8575440762881325,0.13442811987686817
0.004245468996638594,0.8613551469388204,0.13439938406454094
0.0038939521006995177,0.861709323780897,0.13439672411840342
0.003821796426427505,0.8617820252371655,0.13439617833640694
0.003290476298650869,0.8623173619048711,0.13439216179647812
0.0015717085751675653,0.8640490950590434,0.1343791963657891
0.0006857218321026009,0.8649417482066367,0.13437252996126073
0.00029899312292541995,0.8653313832079683,0.13436962366910618
0.00013033462193727923,0.8655013085125152,0.1343683568655476
0.0,0.8656245616888488,0.1343754383111512
0.0,0.8656291090038005,0.13437089099619942
0.0,0.8656310908420161,0.134368909157984
0.0,0.8656319545751409,0.13436804542485914
0.0,0.8656323310102946,0.1343676689897054
0.0,0.8656324950694353,0.13436750493056476
0.0,0.8656325665701763,0.13436743342982363
0.0,0.8656325977318368,0.1343674022681633
0.0,0.8656326101563812,0.13436738984361887
