0.15,0.1,0.75
0.15586011041778305,0.0995656066870568,0.7445742828951601
0.1929658782632123,0.09684395717132675,0.7101901645654609
0.19975434734487632,0.09635189941137719,0.7038937532437465
0.2568884125353227,0.09229652257537356,0.6508150648893037
0.4254499635863418,0.08183006100896364,0.49271997540469464
0.5477740621718027,0.07792414732763212,0.3743017905005653
0.6202231730654213,0.08138916345472502,0.29838766347985374
0.6734198953775219,0.1146460896150768,0.21193401500740125
0.6483674134555222,0.1712293888042112,0.18040319774026659
0.5559420772154198,0.28337733642468393,0.1606805863598963
0.4126453709069676,0.4367061736795806,0.15064845541345173
0.24378136417870355,0.611060366575101,0.14515826924619551
0.11005209615976841,0.7474314896734343,0.14251641416679733
0.058048741328855784,0.8002417229132517,0.14170953575789252
0.022169132954304088,0.8366251539031765,0.14120571314251945
0.00987151381223679,0.8490866753848468,0.1410418108029164
0.005047318090836673,0.8539740211893181,0.14097866071984527
0.0022696796267047343,0.856787732736172,0.1409425876371232
0.001018654128952884,0.8580549374341221,0.140926408436925
0.00045678363024577115,0.8586240608271459,0.14091915554260823
0.00020475026413312685,0.8588793448213287,0.14091590491453818
0.0,0.8590726200558029,0.14092737994419713
0.0,0.8590804098177749,0.1409195901822251
0.0,0.8590839004623985,0.1409160995376016
0.0,0.8590854646326781,0.14091453536732187
0.0,0.8590861655407379,0.1409138344592621
0.0,0.8590864796187003,0.14091352038129973
0.0,0.8590866203574214,0.14091337964257855
0.0,0.8590866834225976,0.1409133165774024
0.0,0.859086711682169,0.140913288317831
0.0,0.8590867243453117,0.14091327565468822
0.0,0.8590867300196788,0.14091326998032117
0.0,0.8590867325623684,0.14091326743763158
0.0,0.8590867337017501,0.14091326629824982
0.0,0.8590867342123083,0.14091326578769173
0.0,0.8590867344410898,0.14091326555891012
0.0,0.8590867345436072,0.14091326545639285
0.0,0.8590867345895453,0.14091326541045476
0.0,0.8590867346101301,0.14091326538986984
0.0,0.8590867346193543,0.14091326538064575
0.0,0.8590867346234876,0.1409132653765124
0.0,0.8590867346253398,0.14091326537466023
0.0,0.8590867346261697,0.14091326537383028
0.0,0.8590867346265416,0.14091326537345839
0.0,0.8590867346267083,0.1409132653732917
0.0,0.859086734626785,0.1409132653732151
0.0,0.8590867346268213,0.14091326537317875
0.0,0.8590867346268364,0.14091326537316362
0.0,0.8590867346268418,0.14091326537315815
0.0,0.8590867346268434,0.14091326537315663
0.0,0.8590867346268436,0.1409132653731564
0.0,0.8590867346268436,0.14091326537315635
0.0,0.8590867346268437,0.14091326537315635
0.0,0.8590867346268438,0.14091326537315624
