0.15,0.05,0.8
0.1563713677333715,0.04975863740015823,0.7938699948664703
0.19806950989786656,0.04819445306592207,0.7537360370362114
0.20558188530294758,0.047915756104109655,0.7465023585929428
0.2690529359388641,0.04560685002463443,0.6853402140365015
0.4458509886698667,0.03990028586179599,0.5142487254683373
0.5568916734751237,0.037628207902306296,0.40548011862257
0.6402748292917527,0.03812613733778252,0.32159903337046475
0.716931153944649,0.04687036881539645,0.23619847723995457
0.737769863555899,0.06133160564612773,0.20089853079797326
0.7294636179508311,0.09869175120792645,0.17184463084124244
0.6677417406875079,0.1782384731982839,0.1540197861142082
0.5229272436567077,0.3335848289390439,0.14348792740424843
0.3829852794694686,0.47757406363763244,0.13944065689289903
0.19885347062716266,0.6646206872464823,0.13652584212635516
0.08590764368016623,0.7787490220496169,0.13534333427021686
0.033662081992136654,0.8314484745376418,0.13488944347022158
0.014561200979327754,0.8507035683048569,0.13473523071581536
0.007928844118729728,0.8573881282647532,0.1346830276165171
0.0035945801507045617,0.8617561444891062,0.13464927536018928
0.001597778727664552,0.8637684004951931,0.13463382077714237
0.0007092497104695262,0.8646637872900176,0.1346269629995129
0.0003146452896720839,0.8650614335492752,0.13462392116105273
0.00013954930387012732,0.8652378785348009,0.13462257216132878
0.0,0.8653696945012903,0.13463030549870972
0.0,0.8653745969275323,0.13462540307246773
0.0,0.8653767707735572,0.13462322922644276
0.0,0.8653777347015028,0.13462226529849716
0.0,0.8653781621261009,0.13462183787389914
0.0,0.8653783516544044,0.13462164834559562
0.0,0.8653784356948742,0.1346215643051259
0.0,0.8653784729600171,0.1346215270399828
0.0,0.8653784894840894,0.13462151051591068
0.0,0.8653784968111765,0.13462150318882357
0.0,0.8653785000601458,0.13462149993985412
0.0,0.8653785015008005,0.13462149849919947
0.0,0.8653785021396142,0.13462149786038588
0.0,0.8653785024228762,0.1346214975771238
0.0,0.8653785025484799,0.13462149745152002
0.0,0.8653785026041751,0.13462149739582494
0.0,0.8653785026288714,0.1346214973711287
0.0,0.8653785026398221,0.13462149736017787
0.0,0.865378502644678,0.13462149735532208
0.0,0.865378502646831,0.13462149735316895
0.0,0.8653785026477858,0.13462149735221418
0.0,0.8653785026482091,0.13462149735179083
0.0,0.8653785026483993,0.13462149735160064
0.0,0.8653785026484849,0.1346214973515151
0.0,0.8653785026485227,0.1346214973514773
0.0,0.8653785026485386,0.13462149735146145
0.0,0.8653785026485444,0.13462149735145554
0.0,0.8653785026485461,0.13462149735145387
0.0,0.8653785026485464,0.13462149735145357
0.0,0.8653785026485464,0.13462149735145354
0.0,0.8653785026485464,0.1346214973514535
0.0,0.8653785026485467,0.1346214973514534
