0.65,0.1,0.25
0.6512617057077086,0.1008304086249942,0.24790788566729727
0.6557377601980023,0.10449500521758405,0.23976723458441368
0.6566516914792191,0.105441205615003,0.23790710290577793
0.6617292380365831,0.11385096357030942,0.22441979839310744
0.6421975112929937,0.17316438644421758,0.18463810226278873
0.5332964047176771,0.3057535097960291,0.16095008548629372
0.3626730492646045,0.487123906484012,0.15020304425138342
0.19684051286076024,0.6578349631289635,0.1453245240102764
0.0903566347990985,0.7663776114474312,0.1432657537534703
0.03777440988630278,0.8197936021616334,0.14243198795206374
0.025260361056793086,0.83249196732529,0.1422476716179169
0.014535206845683168,0.8433711580218602,0.14209363513245654
0.006362424439518909,0.8516589708879063,0.14197860467257473
0.002765487351509311,0.8553059081700329,0.14192860447845773
0.001198926337748702,0.8568941277047626,0.1419069459574888
0.0005191859265285259,0.8575832437784764,0.14189757029499506
0.0002247194734018394,0.8578817676683002,0.141893512858298
0.0,0.8580944432536425,0.1419055567463575
0.0,0.8581030317936131,0.1418969682063868
0.0,0.8581067478377531,0.141893252162247
0.0,0.8581083556634145,0.14189164433658555
0.0,0.8581090513210612,0.1418909486789388
0.0,0.858109352310688,0.14189064768931203
0.0,0.858109482539541,0.14189051746045894
0.0,0.858109538885501,0.1418904611144989
0.0,0.8581095632646364,0.14189043673536364
0.0,0.8581095738127255,0.1418904261872745
0.0,0.8581095783765536,0.14189042162344645
0.0,0.8581095803511791,0.1418904196488209
0.0,0.8581095812055378,0.14189041879446224
0.0,0.858109581575192,0.14189041842480798
0.0,0.8581095817351299,0.14189041826487017
0.0,0.85810958180433,0.14189041819567008
0.0,0.8581095818342707,0.14189041816572937
0.0,0.8581095818472251,0.14189041815277498
0.0,0.85810958185283,0.14189041814717
0.0,0.8581095818552551,0.1418904181447449
0.0,0.8581095818563044,0.14189041814369563
0.0,0.8581095818567583,0.14189041814324166
0.0,0.8581095818569547,0.14189041814304523
0.0,0.8581095818570398,0.14189041814296022
0.0,0.8581095818570796,0.14189041814292042
0.0,0.8581095818570963,0.1418904181429037
0.0,0.8581095818571024,0.14189041814289766
0.0,0.8581095818571042,0.14189041814289577
0.0,0.8581095818571046,0.14189041814289546
0.0,0.8581095818571046,0.14189041814289544
0.0,0.8581095818571046,0.1418904181428954
0.0,0.8581095818571047,0.1418904181428953
