0.05,0.15,0.8
0.052276782121837444,0.1497592936806908,0.7979639241974718
0.06827539311014272,0.1480730192245832,0.7836515876652741
0.07126585084695856,0.14775884919604348,0.780975299956998
0.09914270655285412,0.14484688504984125,0.7560104083973047
0.1906149190744965,0.13555038754317583,0.6738346933823277
0.3059241462156115,0.12469918042812772,0.5693766733562609
0.4054164606423514,0.11683698136932788,0.4777465579883208
0.48569784303197083,0.11276609110268887,0.4015360658653403
0.5699242822325924,0.11504343359765236,0.3150322841697553
0.6231343652677305,0.14043374360589586,0.2364318911263737
0.6095073467702756,0.19433670452096818,0.19615594870875624
0.5361509258723346,0.2914131410975114,0.1724359330301541
0.4000827895090202,0.4413814444705419,0.158535766020438
0.23663228559345695,0.6122043647603796,0.15116334964616346
0.11094329434650163,0.7412852352317553,0.14777147042174305
0.05741549517200535,0.7959398992797061,0.14664460554828845
0.021935428081958145,0.8320908093831922,0.14597376253484964
0.008129060483284944,0.8461439018049076,0.14572703771180737
0.0037691397769679894,0.8505801753351495,0.14565068488788244
0.00208114711960954,0.852297533708951,0.14562131917143956
0.0009614866346874738,0.8534366128763841,0.14560190048892854
0.0004342328655325188,0.8539729945332203,0.1455927726012471
0.000195984713885049,0.8542153638178003,0.14558865146831468
0.0,0.8544003312999069,0.14559966870009317
0.0,0.8544082371553372,0.14559176284466285
0.0,0.854411804287418,0.14558819571258197
0.0,0.8544134137703093,0.1455865862296907
0.0,0.8544141399634098,0.1455858600365902
0.0,0.8544144676187356,0.1455855323812644
0.0,0.854414615455366,0.14558538454463393
0.0,0.8544146821585784,0.14558531784142167
0.0,0.8544147122547588,0.14558528774524113
0.0,0.8544147258340155,0.14558527416598463
0.0,0.8544147319609126,0.1455852680390875
0.0,0.8544147347253398,0.14558526527466017
0.0,0.8544147359726365,0.1455852640273635
0.0,0.854414736535411,0.14558526346458905
0.0,0.8544147367893321,0.14558526321066786
0.0,0.8544147369039002,0.14558526309609982
0.0,0.8544147369555928,0.14558526304440722
0.0,0.8544147369789162,0.1455852630210838
0.0,0.8544147369894396,0.14558526301056038
0.0,0.8544147369941878,0.14558526300581226
0.0,0.8544147369963321,0.1455852630036679
0.0,0.8544147369973021,0.14558526300269783
0.0,0.854414736997741,0.14558526300225902
0.0,0.8544147369979391,0.1455852630020608
0.0,0.8544147369980282,0.14558526300197178
0.0,0.8544147369980674,0.14558526300193264
0.0,0.8544147369980836,0.14558526300191638
0.0,0.8544147369980896,0.1455852630019105
0.0,0.8544147369980911,0.14558526300190885
0.0,0.8544147369980915,0.1455852630019086
0.0,0.8544147369980915,0.14558526300190858
0.0,0.8544147369980915,0.14558526300190855
0.0,0.8544147369980916,0.14558526300190844
