0.15,0.15,0.7
0.15533881425817403,0.14942267524094568,0.6952385105008803
0.18794510082751367,0.1459372880563812,0.6661176111161051
0.19401729358894018,0.14529653939118947,0.6606861670198704
0.24487115620812666,0.14005185713045204,0.6150769866614214
0.4055035929766817,0.12588143258444823,0.4686149744388702
0.5199388867926218,0.12184492688152167,0.3582161863258566
0.5832417380734578,0.12938233388738662,0.2873759280391557
0.6113001391964703,0.1712410829782602,0.21745877782526957
0.5652055841462763,0.2507846033513922,0.1840098125023315
0.44613456065828205,0.38927438403966197,0.16459105530205598
0.29655766598274313,0.548275006611788,0.1551673274054689
0.17800747498365976,0.671054848487643,0.15093767652869727
0.1123790823482143,0.7384315055382105,0.14918941211357534
0.05279217642401343,0.7993616438387671,0.14784617973721947
0.016552075663341097,0.8363282764276928,0.14711964790896612
0.0075855782790644685,0.8454653698655201,0.14694905185541546
0.0034537895477452308,0.8496746203960072,0.1468715900562477
0.0015678556048126335,0.8515956747817373,0.14683646961345018
0.0007107643292583731,0.8524686784731279,0.14682055719761378
0.00032201570041246624,0.8528646344805595,0.14681334981902816
0.00014585015985486862,0.853044064074833,0.14681008576531196
0.0,0.853181694806755,0.14681830519324496
0.0,0.8531876703878402,0.14681232961215987
0.0,0.8531903763000384,0.14680962369996156
0.0,0.8531916016069166,0.14680839839308343
0.0,0.8531921564561139,0.14680784354388615
0.0,0.8531924077052421,0.1468075922947579
0.0,0.8531925214768625,0.14680747852313755
0.0,0.8531925729953641,0.14680742700463595
0.0,0.8531925963241671,0.14680740367583284
0.0,0.8531926068880037,0.14680739311199634
0.0,0.8531926116715598,0.14680738832844017
0.0,0.8531926138376676,0.14680738616233235
0.0,0.8531926148185327,0.14680738518146724
0.0,0.8531926152626917,0.14680738473730823
0.0,0.8531926154638175,0.1468073845361825
0.0,0.8531926155548921,0.146807384445108
0.0,0.8531926155961327,0.14680738440386729
0.0,0.8531926156148075,0.14680738438519253
0.0,0.8531926156232639,0.14680738437673613
0.0,0.8531926156270931,0.14680738437290689
0.0,0.8531926156288271,0.1468073843711729
0.0,0.8531926156296122,0.1468073843703877
0.0,0.8531926156299678,0.14680738437003216
0.0,0.8531926156301296,0.1468073843698704
0.0,0.8531926156302051,0.1468073843697949
0.0,0.8531926156302396,0.14680738436976032
0.0,0.8531926156302545,0.14680738436974544
0.0,0.8531926156302602,0.14680738436973986
0.0,0.8531926156302618,0.1468073843697382
0.0,0.8531926156302622,0.14680738436973786
0.0,0.8531926156302622,0.1468073843697378
0.0,0.8531926156302623,0.1468073843697378
0.0,0.8531926156302623,0.1468073843697377
