0.75,0.2,0.05
0.745491485050984,0.2042695083494618,0.05023900659955428
0.7220267011021638,0.2265552463003666,0.05141805259746955
0.7171332383021022,0.23121546100768625,0.05165130069021162
0.6759473086481106,0.2705853744534496,0.053467316898439844
0.4839908800833114,0.45633729678192214,0.0596718231347664
0.2835650809809941,0.6524247180007742,0.06401020101823177
0.1426447366128432,0.7909902489835593,0.06636501440359754
0.06530315467929736,0.8672053604144353,0.06749148490626729
0.043069655418379954,0.8891330310662429,0.06779731351537721
0.021540432443964884,0.9103731337324994,0.06808643382353571
0.00927278204293164,0.9224790106197852,0.06824820733728325
0.0039633921728878495,0.927719036817451,0.06831757100966104
0.0016888462252410011,0.9299639861042247,0.06834716767053427
0.0007186923550577641,0.9309215377690353,0.06835976987590699
0.00030567012994476384,0.9313291987768848,0.06836513109317048
0.00012997493065561175,0.9315026140778732,0.06836741099147131
0.0,0.9316278412768658,0.06837215872313411
0.0,0.93162960114831,0.06837039885169004
0.0,0.931630349341079,0.06836965065892109
0.0,0.93163066742715,0.06836933257285012
0.0,0.9316308026578183,0.06836919734218176
0.0,0.931630860149562,0.06836913985043802
0.0,0.9316308845915011,0.06836911540849885
0.0,0.9316308949827032,0.06836910501729679
0.0,0.9316308994003999,0.06836910059960002
0.0,0.9316309012785315,0.0683690987214685
0.0,0.9316309020769968,0.0683690979230031
0.0,0.931630902416455,0.06836909758354497
0.0,0.9316309025607716,0.06836909743922837
0.0,0.9316309026221261,0.06836909737787386
0.0,0.9316309026482102,0.06836909735178974
0.0,0.9316309026592997,0.06836909734070037
0.0,0.9316309026640142,0.06836909733598585
0.0,0.9316309026660186,0.06836909733398154
0.0,0.9316309026668705,0.06836909733312942
0.0,0.9316309026672329,0.06836909733276715
0.0,0.9316309026673869,0.06836909733261314
0.0,0.9316309026674523,0.06836909733254766
0.0,0.9316309026674802,0.06836909733251983
0.0,0.9316309026674926,0.06836909733250741
0.0,0.931630902667498,0.06836909733250204
0.0,0.9316309026675,0.06836909733249999
0.0,0.9316309026675006,0.06836909733249937
0.0,0.9316309026675008,0.06836909733249925
0.0,0.9316309026675008,0.06836909733249924
0.0,0.9316309026675008,0.06836909733249923
0.0,0.9316309026675008,0.06836909733249918
0.0,0.9316309026675009,0.06836909733249907
0.0,0.9316309026675014,0.0683690973324986
0.0,0.9316309026675021,0.06836909733249792
