0.35,0.05,0.6
0.3585395678717487,0.0496760774549879,0.5917843546732635
0.40318135695230256,0.048052135643287246,0.5487665074044102
0.41138337953631493,0.04776843721330699,0.5408481832503781
0.47250457784911937,0.045847578048711285,0.48164784410216926
0.5880959825784804,0.0439765579664574,0.3679274594550622
0.6714729568107805,0.0473076234209389,0.28121941976828063
0.7210298154539548,0.06222337233821164,0.21674681220783357
0.7245004098493479,0.09285606026915746,0.18264352988149452
0.6835010948769865,0.15483201463802884,0.16166689048498464
0.5572794308070639,0.29517057093415144,0.1475499982587847
0.42076662142476395,0.4371113367405845,0.14212204183465155
0.25147826450592325,0.6098963606432726,0.13862537485080434
0.11765452663736556,0.7454624086892411,0.13688306467339337
0.04889715532724904,0.8149202916552312,0.1361825530175198
0.02191346436553808,0.842152142746043,0.13593439288841894
0.011870392717168273,0.8522841739881107,0.13584543329472099
0.0056711046158040785,0.8585374977389444,0.13579139764525155
0.0026219754459012898,0.8616129632381601,0.13576506131593874
0.0012098068639358201,0.8630372760018175,0.13575291713424675
0.0005576986041926381,0.8636949808742587,0.13574732052154873
0.00025697843695672047,0.8639982795236036,0.13574474203943965
0.0001183880544687456,0.864138057720237,0.13574355422529427
0.0,0.8642495897066365,0.13575041029336357
0.0,0.8642538349107602,0.13574616508923973
0.0,0.8642557903277254,0.13574420967227463
0.0,0.8642566910243897,0.1357433089756103
0.0,0.8642571058991181,0.1357428941008819
0.0,0.8642572969966433,0.13574270300335664
0.0,0.8642573850189987,0.13574261498100124
0.0,0.8642574255633948,0.1357425744366052
0.0,0.8642574442387405,0.13574255576125943
0.0,0.8642574528408795,0.13574254715912049
0.0,0.8642574568031511,0.13574254319684884
0.0,0.8642574586282317,0.1357425413717683
0.0,0.8642574594688907,0.13574254053110937
0.0,0.8642574598561105,0.13574254014388953
0.0,0.8642574600344696,0.13574253996553037
0.0,0.8642574601166245,0.13574253988337553
0.0,0.8642574601544663,0.1357425398455338
0.0,0.8642574601718968,0.13574253982810336
0.0,0.8642574601799254,0.13574253982007464
0.0,0.8642574601836235,0.1357425398163765
0.0,0.8642574601853269,0.13574253981467305
0.0,0.8642574601861116,0.13574253981388845
0.0,0.864257460186473,0.13574253981352702
0.0,0.8642574601866394,0.13574253981336057
0.0,0.8642574601867176,0.13574253981328246
0.0,0.8642574601867549,0.1357425398132452
0.0,0.8642574601867725,0.13574253981322748
0.0,0.8642574601867794,0.13574253981322065
0.0,0.8642574601867813,0.13574253981321874
0.0,0.8642574601867815,0.1357425398132184
0.0,0.8642574601867816,0.1357425398132184
0.0,0.8642574601867816,0.13574253981321838
0.0,0.8642574601867817,0.13574253981321827
