0.1,0.35,0.55
0.10253915168220483,0.34947084436664105,0.5479900039511542
0.11635340822649176,0.34662660556633723,0.5370199862071711
0.11916020355990527,0.3460562036121384,0.5347835928279564
0.14283531258444082,0.3413564716433987,0.5158082157721605
0.23391639090848826,0.3259680241177606,0.4401155849737512
0.3352485697330834,0.3217799375109262,0.3429714927559904
0.3705615665026153,0.3376291813062478,0.2918092521911369
0.3639908506332042,0.39910517924322575,0.2369039701235701
0.26205359446755877,0.5396814929024509,0.19826491262999024
0.16555270080886492,0.6495421932166109,0.18490510597452425
0.09217664827511296,0.7293773551977596,0.17844599652712745
0.04614134038710863,0.778588165354699,0.17527049425819236
0.017100404689790225,0.8093829502767514,0.17351664503345826
0.008444668275434192,0.8185298082105659,0.17302552351399994
0.004043885361414545,0.8231751401575879,0.17278097448099763
0.0018499479817106583,0.8254897351359142,0.17266031688237515
0.0008445812589814097,0.8265501145878189,0.17260530415319972
0.0003852273091004567,0.8270345464382762,0.17258022625262334
0.00017563344573796164,0.8272555708868872,0.1725687956673749
0.0,0.827422597693375,0.1725774023066249
0.0,0.8274324915439096,0.17256750845609028
0.0,0.8274370008446257,0.1725629991553743
0.0,0.827439056016113,0.17256094398388705
0.0,0.8274399926819086,0.1725600073180914
0.0,0.8274404195760758,0.17255958042392414
0.0,0.8274406141368603,0.17255938586313965
0.0,0.8274407028096111,0.17255929719038884
0.0,0.8274407432229708,0.1725592567770292
0.0,0.827440761641701,0.17255923835829906
0.0,0.8274407700361924,0.17255922996380751
0.0,0.8274407738620526,0.1725592261379473
0.0,0.8274407756057207,0.17255922439427934
0.0,0.8274407764004119,0.172559223599588
0.0,0.8274407767625993,0.17255922323740072
0.0,0.8274407769276692,0.17255922307233082
0.0,0.8274407770029012,0.17255922299709883
0.0,0.8274407770371888,0.17255922296281123
0.0,0.8274407770528156,0.17255922294718434
0.0,0.8274407770599378,0.1725592229400623
0.0,0.8274407770631836,0.17255922293681633
0.0,0.8274407770646631,0.17255922293533693
0.0,0.8274407770653374,0.1725592229346627
0.0,0.8274407770656489,0.17255922293435114
0.0,0.8274407770657891,0.17255922293421083
0.0,0.8274407770658548,0.1725592229341451
0.0,0.8274407770658856,0.1725592229341144
0.0,0.8274407770658974,0.17255922293410256
0.0,0.827440777065901,0.1725592229340989
0.0,0.8274407770659018,0.17255922293409814
0.0,0.8274407770659019,0.17255922293409806
0.0,0.8274407770659019,0.17255922293409803
0.0,0.8274407770659024,0.17255922293409767
0.0,0.827440777065903,0.17255922293409695
0.0,0.8274407770659047,0.17255922293409526
0.0,0.8274407770659048,0.17255922293409515
