0.30000000000000004,0.35000000000000003,0.35000000000000003
0.3022426972874203,0.35027007572873964,0.34748722698384
0.3105535777877495,0.3516388372187939,0.33780758499345653
0.3125409774496477,0.3520682449561155,0.3353907775942368
0.32623354406445026,0.35665127389077367,0.317115182044776
0.34237340857849013,0.40159364305288586,0.25603294836862395
0.2822633586825919,0.5035615183522862,0.214175122965122
0.16043526859588,0.648937601495957,0.19062712990816305
0.08666162138257456,0.730274650013921,0.1830637286035045
0.042794057106355955,0.7776125547812631,0.17959338811238088
0.017053280117922075,0.8051385983322333,0.17780812154984454
0.0062699226453501984,0.8166233515658701,0.17710672578877978
0.0028456669556375575,0.8202650057294482,0.1768893273149143
0.001474322442296815,0.8217227190335447,0.17680295852415845
0.0006742947157710849,0.8225729513533053,0.17675275393092355
0.0003081524592582351,0.8229620258066991,0.1767298217340427
0.00014077500336787582,0.8231398771443474,0.17671934785228474
0.0,0.8232740721506284,0.17672592784937163
0.0,0.8232824305963367,0.1767175694036634
0.0,0.8232862479500765,0.17671375204992346
0.0,0.823287991341242,0.17671200865875805
0.0,0.8232887875468737,0.17671121245312635
0.0,0.8232891511727007,0.1767108488272993
0.0,0.8232893172398672,0.17671068276013283
0.0,0.8232893930823664,0.1767106069176336
0.0,0.8232894277194571,0.17671057228054288
0.0,0.8232894435381334,0.1767105564618666
0.0,0.8232894507624846,0.1767105492375154
0.0,0.8232894540618284,0.1767105459381717
0.0,0.8232894555686305,0.17671054443136944
0.0,0.8232894562567835,0.17671054374321654
0.0,0.8232894565710612,0.17671054342893874
0.0,0.8232894567145911,0.17671054328540886
0.0,0.8232894567801409,0.1767105432198591
0.0,0.8232894568100773,0.1767105431899227
0.0,0.8232894568237492,0.17671054317625082
0.0,0.8232894568299931,0.1767105431700069
0.0,0.8232894568328447,0.1767105431671553
0.0,0.823289456834147,0.17671054316585297
0.0,0.8232894568347419,0.1767105431652582
0.0,0.8232894568350134,0.17671054316498655
0.0,0.8232894568351421,0.17671054316485788
0.0,0.8232894568352034,0.1767105431647966
0.0,0.8232894568352291,0.1767105431647709
0.0,0.8232894568352386,0.17671054316476142
0.0,0.8232894568352412,0.17671054316475873
0.0,0.8232894568352418,0.17671054316475826
0.0,0.8232894568352418,0.1767105431647582
0.0,0.8232894568352419,0.17671054316475815
0.0,0.8232894568352421,0.17671054316475787
0.0,0.82328945683524,0.17671054316476004
0.0,0.8232894568352397,0.17671054316476037
