0.05,0.25,0.7
0.04979480302506544,0.24932468260256785,0.7008805143723668
0.04913545563535697,0.24713222150766848,0.7037323228569745
0.048922352040473155,0.24641649594511056,0.7046611520144163
0.047120657373174224,0.24023593915581068,0.7126434034710151
0.03788074954698423,0.2055615080935181,0.7565577423594976
0.037880749546984234,0.20556150809351814,0.7565577423594977
0.03759961099738842,0.20443883694971002,0.7579615520529016
0.035295792911439805,0.1950985714433763,0.7696056356451839
0.020626362013330554,0.12949005295659324,0.8498835850300763
0.012280614537567012,0.08628669088455128,0.9014326945778818
0.00560932720303324,0.04633387441092929,0.9480567983860375
0.002299660940960771,0.022704929015353984,0.9749954100436853
0.0010306455428098268,0.011919775870531075,0.9870495785866591
0.00045158050013659656,0.00613840331478146,0.993410016185082
0.00019555205630894014,0.0031296406729921494,0.9966748072706989
0.0,0.0015876447245085053,0.9984123552754914
0.0,0.0008032242614219624,0.999196775738578
0.0,0.00040585499565892264,0.9995941450043411
0.0,0.0002049409187836889,0.9997950590812162
0.0,0.00010345407304775326,0.9998965459269522
0.0,0.0,1.0
