0.0,0.131818549635854,0.1145841592474445,0.7535972911167015
0.0,0.6297876554141392,0.03235552766576314,0.3378568169200978
0.0,0.8968675841075561,0.07712549303798616,0.02600692285445762
0.0,0.4058785539063274,0.17858936111290094,0.4155320849807717
0.0,0.7719243005079997,0.02992153871298805,0.1981541607790123
0.0,0.4020300566330409,0.43045305718040794,0.16751688618655122
0.0,0.5445967530257994,0.33417802955562714,0.12122521741857348
0.0,0.8063177368941437,0.13484207613828075,0.05884018696757568
0.0,0.3274448339927193,0.21834494011083894,0.4542102258964417
0.0,0.5253720683797763,0.060845430667348946,0.4137825009528748
0.0,0.4738361842305304,0.30736946029663087,0.21879435547283874
0.0,0.3863416009596921,0.0493309694559411,0.5643274295843669
0.0,0.20227337725490857,0.5388374385140048,0.2588891842310867
0.0,0.5112840687503996,0.4848036113680654,0.003912319881534996
0.0,0.2692581052346029,0.4832769276669087,0.24746496709848834
0.0,0.30342469131820504,0.44667568452771333,0.24989962415408168
0.0,0.455652298224457,0.23763748224010245,0.3067102195354406
0.0,0.5501660275286818,0.4231328586964243,0.026701113774893818
0.0,0.4662268546530782,0.026807943038984084,0.5069652023079377
0.0,0.7372125486411836,0.05656229460979191,0.20622515674902447
0.0,0.4627564300964449,0.3558133873691097,0.1814301825344454
0.0,0.6084994880358754,0.181473295155369,0.21002721680875558
0.0,0.42941300988612824,0.4381960122375867,0.1323909778762851
0.0,0.5023770807650193,0.30328087345092136,0.19434204578405936
0.0,0.963157854186098,0.03276745298503567,0.004074692828866386
0.0,0.5741550668975217,0.39041553156432507,0.03542940153815326
0.0,0.6576610238209553,0.003928738122216524,0.3384102380568282
0.0,0.6844954520547124,0.28370267731411997,0.031801870631167684
0.0,0.47460658284943275,0.129492074626048,0.39590134252451925
0.0,0.8138356210200592,0.12625011116566384,0.05991426781427694
0.0,0.3703314417975593,0.62217186354599,0.007496694656450791
0.0,0.7179788331675386,0.16694056491818615,0.11508060191427524
0.0,0.31947366064935945,0.5852433917244027,0.09528294762623792
0.0,0.5166553655208297,0.004847024445167608,0.47849761003400276
0.0,0.5011337708446114,0.19308358109708756,0.305782648058301
0.0,0.31681633800635767,0.48118513238227517,0.20199852961136727
0.0,0.3276427171776624,0.25045496777997533,0.42190231504236236
0.0,0.40044819443703433,0.11313349889296108,0.4864183066700046
0.0,0.6602947839927226,0.08196233314705811,0.25774288286021935
0.0,0.5342137258115659,0.36231177844369594,0.10347449574473817
0.0,0.463849091488947,0.014307438732710745,0.5218434697783423
0.0,0.39345940112760214,0.05267640052224064,0.5538641983501572
0.0,0.4335084472616791,0.3091717834981559,0.257319769240165
0.0,0.3566700455564656,0.17038374432651124,0.47294621011702315
0.0,0.8273741483132396,0.028974605585739572,0.1436512461010208
0.0,0.32723478305155784,0.0922582645815229,0.5805069523669192
0.0,0.5492885208810343,0.4138122363277946,0.036899242791171113
0.0,0.24284657962277648,0.6366262143037472,0.12052720607347642
0.0,0.6122457021535721,0.22329094234364344,0.16446335550278454
0.0,0.3915312564166776,0.21686338750907644,0.391605356074246
0.0,0.4234480853410125,0.44202042046756984,0.1345314941914176
0.0,0.7638125980677132,0.03193107140643648,0.2042563305258503
0.0,0.41438852730501513,0.29999446342365743,0.2856170092713275
0.0,0.18663475399541377,0.4565126668124486,0.3568525791921376
0.0,0.2884900624949949,0.3394333116371367,0.37207662586786844
0.0,0.5235892117123124,0.4217261807185502,0.05468460756913741
0.0,0.39738943857835957,0.07635197444297927,0.5262585869786611
0.0,0.8973985146509651,0.061700439686668655,0.04090104566236633
0.0,0.4892299415092,0.4090599260741726,0.10171013241662741
0.0,0.6372879014791346,0.14115585708236938,0.22155624143849592
0.0,0.41707187684611535,0.21612370278558118,0.3668044203683034
0.0,0.7694016443475044,0.039318830658699844,0.19127952499379577
0.0,0.8342633965899867,0.013993618225232303,0.15174298518478105
0.0,0.6371913138955737,0.1854674480909077,0.17734123801351853
0.0,0.16541627834534395,0.4169818023317911,0.41760191932286495
0.0,0.8034490953795995,0.02497244918780974,0.17157845543259082
0.0,0.8740790570658914,0.02361209663484809,0.10230884629926049
0.0,0.6604557603087735,0.2721945495559576,0.0673496901352689
0.0,0.5980360821065469,0.2548719336329016,0.14709198426055153
0.0,0.7996231005891213,0.18793411661451442,0.012442782796364212
0.0,0.6997144159885504,0.2348149298411555,0.06547065417029409
0.0,0.6498422781728261,0.12638602191990372,0.22377169990727008
0.0,0.6953312855383988,0.30159959754665433,0.0030691169149467496
0.0,0.7837394317239197,0.163816163123053,0.052444405153027264
0.0,0.47134399064807386,0.11648324254610457,0.41217276680582154
0.0,0.17300571584712174,0.7684410590022769,0.05855322515060134
0.0,0.3068184336010483,0.49020969457385943,0.20297187182509235
0.0,0.3608930788962793,0.3390801395024948,0.3000267816012259
0.0,0.5818645532254463,0.32912314729502573,0.08901229947952806
0.0,0.5667502193535263,0.053925689241826794,0.3793240914046469
0.0,0.25641412722347207,0.3433755302119696,0.40021034256455834
0.0,0.6549242483847735,0.1657378937475688,0.17933785786765769
0.0,0.5976587396405189,0.02968395900753918,0.3726573013519419
0.0,0.46919264175386766,0.28928440071439054,0.24152295753174186
0.0,0.7586475604294068,0.0448661774126099,0.1964862621579833
0.0,0.8891026882035289,0.04492552359171327,0.06597178820475776
0.0,0.18775567305132373,0.5004751146229302,0.3117692123257462
0.0,0.33709057206571935,0.5937736813788431,0.0691357465554375
0.0,0.6482115803810409,0.2390315298733543,0.11275688974560484
0.0,0.8241775369486855,0.12791912068992872,0.04790334236138583
0.0,0.22438901018664734,0.5394221610890672,0.23618882872428557
0.0,0.5928707079941861,0.3647334267925899,0.04239586521322408
0.0,0.8304393898825345,0.04194722229186122,0.12761338782560422
0.0,0.8930032242570165,0.05803490494275942,0.048961870800224086
0.0,0.42476959609932635,0.232518272648698,0.3427121312519756
0.0,0.5052567501546068,0.4778634823504958,0.016879767494897384
0.0,0.4308812936559513,0.5671471974248312,0.001971508919217544
0.0,0.6559184128599864,0.10048916970047886,0.24359241743953475
0.0,0.7734755728429494,0.14576616055321984,0.08075826660383081
0.0,0.1811126580410088,0.5484747001451301,0.2704126418138611
