0.5,0.35,0.15
0.4967956455847027,0.35233984778317173,0.15086450663212558
0.48415635505155236,0.3613356420842887,0.15450800286415894
0.48104981164588895,0.36348401171900396,0.1554661766351071
0.4571716908043349,0.3789717179036544,0.16385659129201074
0.3725373105783259,0.3827278742726386,0.24473481514903545
0.37388992432245555,0.2893571387273127,0.33675293695023173
0.3853254593791395,0.23172102484259358,0.38295351577826703
0.4119247379983981,0.12595249123566463,0.46212277076593733
0.42415996683047175,0.08184034792818098,0.49399968524134724
0.43413887846878374,0.04694700322870608,0.5189141183025102
0.4421244074502661,0.019548018743400047,0.5383275738063339
0.4452318402395078,0.00899127472256607,0.5457768850379262
0.4462891811836716,0.005411405101065745,0.5482994137152627
0.44711475737244166,0.0026203659520565525,0.5502648766755018
0.4475201492344505,0.0012511593863394413,0.5512286913792102
0.4477180360519172,0.0005831074338984595,0.5516988565141844
0.4478104125444277,0.00027131920309259765,0.5519182682524797
0.44785341698165176,0.0001261851704026567,0.5520203978479457
0.44789970178868377,0.0,0.5521002982113162
0.44789494283806935,0.0,0.5521050571619306
0.4478927300553231,0.0,0.552107269944677
0.44789170107017084,0.0,0.5521082989298292
0.4478912224443407,0.0,0.5521087775556593
0.447890999680153,0.0,0.5521090003198471
0.44789089586457836,0.0,0.5521091041354216
0.4478908473472575,0.0,0.5521091526527425
0.4478908245375905,0.0,0.5521091754624096
0.4478908136791643,0.0,0.5521091863208357
0.44789080837675227,0.0,0.5521091916232478
0.44789080565727574,0.0,0.5521091943427242
0.44789080413858023,0.0,0.5521091958614198
0.44789080317811575,0.0,0.5521091968218843
0.44789080247716717,0.0,0.5521091975228328
0.44789080189686503,0.0,0.552109198103135
0.44789080137265014,0.0,0.5521091986273499
0.4478908008745096,0.0,0.5521091991254903
0.4478908003884909,0.0,0.5521091996115092
0.44789079990810743,0.0,0.5521092000918927
0.44789079943034366,0.0,0.5521092005696563
0.44789079895379785,0.0,0.5521092010462021
0.4478907984733471,0.0,0.5521092015266529
0.44789079798198295,0.0,0.552109202018017
0.4478907974674112,0.0,0.5521092025325888
0.4478907969301864,0.0,0.5521092030698135
0.44789079631946255,0.0,0.5521092036805375
0.4478907955456479,0.0,0.5521092044543521
0.44789079453881886,0.0,0.552109205461181
0.44789079309133917,0.0,0.5521092069086608
0.4478907906672685,0.0,0.5521092093327314
0.4478907853450708,0.0,0.5521092146549291
0.4478907659039415,0.0,0.5521092340960585
0.4478907370828568,0.0,0.5521092629171431
0.4478906525502279,0.0,0.552109347449772
0.4478906419819582,0.0,0.5521093580180417
