0.35,0.4,0.25
0.34941409119830386,0.39768254498654204,0.25290336381515405
0.3475888126497847,0.3866085941678466,0.2658025931823688
0.34758881264978464,0.3866085941678465,0.26580259318236876
0.34731653559008646,0.38373343253285275,0.26895003187706085
0.3472169713937097,0.35661069701340864,0.29617233159288164
0.36093647430580894,0.26472372789938287,0.3743397977948083
0.38786405395614115,0.15125701278912063,0.4608789332547382
0.40916333149681744,0.07212589511312406,0.5187107733900584
0.41525921568270846,0.050274050422257105,0.5344667338950344
0.420295364991373,0.03241521068924286,0.5472894243193842
0.42614543717615533,0.011861784896781927,0.5619927779270628
0.4280181712730546,0.005321568603787159,0.5666602601231583
0.42886687685544395,0.002363499090631066,0.568769624053925
0.42924551332357735,0.001044962118805416,0.5697095245576173
0.4294132503409241,0.00046107197589629375,0.5701256776831797
0.4294873260625589,0.00020325857087818294,0.5703094153665629
0.4295584690058595,0.0,0.5704415309941405
0.42955134306322046,0.0,0.5704486569367796
0.4295482033162465,0.0,0.5704517966837535
0.42954681984334603,0.0,0.5704531801566539
0.4295462101059018,0.0,0.5704537898940981
0.4295459412299658,0.0,0.5704540587700343
0.42954582251495194,0.0,0.570454177485048
0.4295457699504227,0.0,0.5704542300495774
0.429545746527123,0.0,0.5704542534728769
0.4295457359413738,0.0,0.5704542640586263
0.42954573101093163,0.0,0.5704542689890684
0.42954572857181306,0.0,0.5704542714281869
0.4295457272301932,0.0,0.5704542727698068
0.4295457263720527,0.0,0.5704542736279473
0.4295457257268985,0.0,0.5704542742731016
0.42954572517557077,0.0,0.5704542748244292
0.4295457246655762,0.0,0.5704542753344237
0.4295457241737902,0.0,0.5704542758262098
0.4295457236900255,0.0,0.5704542763099745
0.42954572320979456,0.0,0.5704542767902054
0.42954572273112024,0.0,0.5704542772688798
0.42954572225313165,0.0,0.5704542777468684
0.4295457217754451,0.0,0.5704542782245549
0.4295457212978917,0.0,0.5704542787021083
0.4295457207927882,0.0,0.5704542792072118
0.42954572022479715,0.0,0.5704542797752028
0.42954571954888493,0.0,0.5704542804511151
0.4295457186853397,0.0,0.5704542813146602
0.4295457180838709,0.0,0.5704542819161291
0.4295457163811177,0.0,0.5704542836188823
0.42954571323049057,0.0,0.5704542867695094
0.42954570445631757,0.0,0.5704542955436824
0.42954565936002975,0.0,0.5704543406399704
0.42954556421706064,0.0,0.5704544357829393
