0.2,0.55,0.25
0.19951221135526373,0.5468237429135006,0.25366404573123574
0.19803024292151633,0.530565667092348,0.27140408998613574
0.197863913369618,0.5265537901593803,0.27558229647100174
0.19865920292826142,0.48803002351523245,0.31331077355650616
0.20938703214882223,0.391284053287665,0.3993289145635127
0.23167264371503185,0.25523497791793776,0.5130923783670304
0.25532988693943043,0.1278126141878998,0.6168574988726698
0.270306651210893,0.05063372727928243,0.6790596215098247
0.2761049641107745,0.02120127310725009,0.7026937627819754
0.2788102296051952,0.0075384974899519045,0.713651272904853
0.2795739020395077,0.0036890155561305326,0.7167370824043617
0.27995528591233504,0.0017677363499181184,0.7182769777377469
0.28014835646486336,0.0007954089628976289,0.719056234572239
0.28023533177086773,0.00035745464199520103,0.7194072135871371
0.2802744386337021,0.00016054882041048629,0.7195650125458873
0.28031221536927087,0.0,0.7196877846307291
0.2803089697478184,0.0,0.7196910302521817
0.2803075124255681,0.0,0.7196924875744319
0.28030685801167343,0.0,0.7196931419883266
0.28030656406875665,0.0,0.7196934359312434
0.2803064319580602,0.0,0.7196935680419397
0.28030637250066526,0.0,0.7196936274993349
0.28030634566025203,0.0,0.719693654339748
0.28030633346288125,0.0,0.7196936665371187
0.2803063278393405,0.0,0.7196936721606595
0.280306325167046,0.0,0.719693674832954
0.2803063238196797,0.0,0.7196936761803202
0.2803063230671247,0.0,0.7196936769328752
0.2803063225816035,0.0,0.7196936774183966
0.28030632221596385,0.0,0.7196936777840361
0.28030632190414373,0.0,0.7196936780958563
0.2803063216164853,0.0,0.7196936783835147
0.2803063213396739,0.0,0.7196936786603261
0.2803063210677322,0.0,0.7196936789322678
0.28030632079797674,0.0,0.7196936792020233
0.2803063205292027,0.0,0.7196936794707973
0.2803063202608693,0.0,0.7196936797391307
0.2803063199927337,0.0,0.7196936800072663
0.28030631972344133,0.0,0.7196936802765586
0.2803063194243002,0.0,0.7196936805756998
0.2803063190969868,0.0,0.7196936809030132
0.28030631871902356,0.0,0.7196936812809765
0.2803063182653134,0.0,0.7196936817346866
0.2803063175813408,0.0,0.7196936824186592
0.2803063164578586,0.0,0.7196936835421414
0.28030631418802776,0.0,0.7196936858119722
0.2803063067413331,0.0,0.7196936932586669
0.28030626335865216,0.0,0.7196937366413478
0.2803061863882934,0.0,0.7196938136117066
