0.15,0.65,0.2
0.14883760585362876,0.6487478085240959,0.20241458562227543
0.1442565389307383,0.6419646878756926,0.21377877319356917
0.14332875503056722,0.6401039920820103,0.21656725288742254
0.13749681306621564,0.6203676279960052,0.24213555893777916
0.13919237726934403,0.4903514478672988,0.37045617486335736
0.15257325847704045,0.36773580553028384,0.4796909359926758
0.16212333471099008,0.2932284959465286,0.5446481693424813
0.18272125515059912,0.14377711982222546,0.6735016250271755
0.1935572775797109,0.06826753331888896,0.7381751891014001
0.19791451814505984,0.038275595259190984,0.7638098865957491
0.20180692802437625,0.011628179718397438,0.7865648922572263
0.202853996053387,0.0044814552254910656,0.792664548721122
0.20316669900037615,0.002348775390052468,0.7944845256095715
0.20334814416978544,0.001111637999356666,0.7955402178308579
0.20343755942955258,0.0005020746094273204,0.7960603659610201
0.2034779716049414,0.00022659531261887594,0.7962954330824398
0.20349621587043493,0.00010223228714247357,0.7964015518424225
0.2035138335363567,0.0,0.7964861664636432
0.2035123952381467,0.0,0.7964876047618533
0.20351174637889866,0.0,0.7964882536211013
0.20351145360922962,0.0,0.7964885463907704
0.20351132145497475,0.0,0.7964886785450253
0.20351126174588866,0.0,0.7964887382541114
0.20351123471281413,0.0,0.7964887652871859
0.2035112224180427,0.0,0.7964887775819572
0.20351121677087916,0.0,0.7964887832291208
0.20351121412207085,0.0,0.7964887858779292
0.20351121282564844,0.0,0.7964887871743516
0.20351121213920964,0.0,0.7964887878607904
0.2035112117278994,0.0,0.7964887882721006
0.20351121144068385,0.0,0.7964887885593162
0.20351121120944027,0.0,0.7964887887905596
0.20351121100344244,0.0,0.7964887889965575
0.20351121080883147,0.0,0.7964887891911685
0.20351121061935645,0.0,0.7964887893806435
0.203511210432198,0.0,0.796488789567802
0.2035112102460844,0.0,0.7964887897539156
0.2035112100604421,0.0,0.7964887899395579
0.20351120987501237,0.0,0.7964887901249876
0.20351120968905553,0.0,0.7964887903109445
0.20351120949488583,0.0,0.7964887905051142
0.20351120929124897,0.0,0.796488790708751
0.20351120905783163,0.0,0.7964887909421684
0.20351120877951515,0.0,0.7964887912204849
0.20351120839254194,0.0,0.7964887916074581
0.20351120780613333,0.0,0.7964887921938666
0.20351120679045515,0.0,0.7964887932095449
0.20351120435802314,0.0,0.7964887956419768
0.20351119373518378,0.0,0.7964888062648162
0.2035111154305215,0.0,0.7964888845694785
0.20351110182041188,0.0,0.7964888981795882
