0.85,0.1,0.05
0.8477016586001237,0.102287965823127,0.05001037557674928
0.835446172507423,0.11448749264194544,0.05006633485063146
0.8328537390756432,0.11706794984383255,0.05007831108052431
0.8102719747635884,0.13954326125594324,0.050184763980468484
0.6953347696338272,0.25386929186148527,0.05079593850468753
0.5254612504986265,0.42252308454270504,0.05201566495866856
0.3421426497418636,0.6037141155056434,0.05414323475249316
0.16853635368546882,0.7743211371393794,0.057142509175151686
0.08333749711055988,0.8594778056044331,0.05718469728500695
0.03778888599218715,0.9076729672581281,0.05453814674968486
0.023788939486637396,0.9237649290298486,0.0524461314835139
0.014806900530100982,0.9350327193842763,0.05016038008562257
0.006619043030072186,0.9471437339356701,0.046237223034257674
0.0027783963492393005,0.9550453025444263,0.042176301106334455
0.001151892344945567,0.960504979088503,0.03834312856655141
0.00047284900899978704,0.9647436262331766,0.03478352475782359
0.00019246442740384964,0.9683030353290697,0.03150450024352652
0.0,0.9714999493002946,0.02850005069970547
0.0,0.9742497458474898,0.025750254152510203
0.0,0.9767565580750064,0.023243441924993516
0.0,0.9790377204489386,0.020962279551061527
0.0,0.9811100818861999,0.018889918113800117
0.0,0.9829898869395497,0.017010113060450312
0.0,0.9844112605487857,0.015588739451214285
0.0,0.9857197684445825,0.014280231555417416
0.0,0.9869234133869289,0.013076586613071074
0.0,0.9880297884710375,0.011970211528962457
0.0,0.9888792863994195,0.011120713600580534
0.0,0.989281989669084,0.010718010330916069
0.0,0.9901274788705852,0.009872521129414802
0.0,0.991007736800052,0.008992263199947998
0.0,0.9918116838069477,0.008188316193052292
0.0,0.9925455615742409,0.007454438425759058
0.0,0.9932151659475452,0.00678483405245484
0.0,0.9938258672628193,0.006174132737180634
0.0,0.9943826320094983,0.005617367990501671
0.0,0.9948900452424057,0.0051099547575943335
0.0,0.995352333268411,0.004647666731588939
0.0,0.995773386230916,0.004226613769083945
0.0,0.9961567802980573,0.003843219701942685
0.0,0.9965123312658549,0.003487668734145135
0.0,0.9968561458256091,0.0031438541743909407
0.0,0.9972023881088743,0.002797611891125692
0.0,0.9975663513769505,0.0024336486230494884
0.0,0.997945409139106,0.0020545908608939917
0.0,0.9983536889904246,0.0016463110095753274
0.0,0.9985634143411424,0.001436585658857577
0.0,0.9991755465733342,0.0008244534266657968
0.0,0.9996297298985264,0.00037027010147363897
0.0,0.9998338439025775,0.0001661560974225181
0.0,1.0,0.0
