0.5,0.15,0.35
0.5006209176024599,0.1473601107740212,0.3520189716235191
0.5036445758942542,0.134974794258169,0.3613806298475768
0.5042896820434156,0.13241849883711626,0.3632918191194682
0.5095268809928689,0.11251297013066612,0.377960148876465
0.5273381947749614,0.05155855467762988,0.4211032505474088
0.5340502563140354,0.030158996133365572,0.4357907475525991
0.534317416111427,0.02931937007317524,0.43636321381539783
0.5362339974265529,0.0233203973782197,0.4404456051952275
0.5410465028165399,0.008431985942450634,0.4505215112410094
0.5423335493686285,0.004489102872095677,0.4531773477592758
0.5423775445949515,0.004354594521834413,0.4532678608832142
0.5426859235264485,0.0034122708584238574,0.45390180561512766
0.5432905427725526,0.0015671495322518425,0.4551423076951956
0.543585008835271,0.0006697350076308592,0.45574525615709804
0.54360270017292,0.0006158431679048246,0.4557814566591752
0.5436088225436783,0.0005971936817303955,0.45579398377459135
0.5436515910736157,0.00046692466301705854,0.4558814842633672
0.5437323680438186,0.00022092753010241725,0.456046704426079
0.5438257471571573,0.0,0.45617425284284263
0.5438140340074207,0.0,0.45618596599257927
0.543808910192311,0.0,0.4561910898076889
0.5438066687702454,0.0,0.4561933312297546
0.5438056880591442,0.0,0.4561943119408558
0.5438052587347473,0.0,0.4561947412652527
0.5438050705605441,0.0,0.45619492943945594
0.5438049878529089,0.0,0.45619501214709124
0.54380495127068,0.0,0.45619504872932
0.5438049348611874,0.0,0.45619506513881264
0.543804927274142,0.0,0.456195072725858
0.5438049235455492,0.0,0.45619507645445084
0.5438049215044309,0.0,0.45619507849556906
0.5438049202013209,0.0,0.4561950797986792
0.5438049192209748,0.0,0.4561950807790251
0.543804918381788,0.0,0.456195081618212
0.5438049176043365,0.0,0.4561950823956635
0.5438049168538845,0.0,0.45619508314611545
0.5438049161152406,0.0,0.4561950838847594
0.543804915381761,0.0,0.456195084618239
0.54380491465054,0.0,0.45619508534945996
0.5438049139203067,0.0,0.4561950860796934
0.5438049132309194,0.0,0.4561950867690807
