0.65,0.2,0.15
0.6476034591220533,0.20190018067672472,0.15049636020122195
0.6380080021195943,0.2094308602388274,0.15256113764157828
0.6355766657790528,0.2113182490316968,0.1531050851892505
0.6160980253651808,0.22609554111061794,0.15780643352420134
0.5138162365046529,0.282141196394878,0.204042567100469
0.48209036888449164,0.2606063753902498,0.25730325572525864
0.48137753468649475,0.2125740810997692,0.3060483842137361
0.495268968622366,0.1421311448122844,0.3625998865653496
0.5125005843151071,0.07952108281807496,0.407978332866818
0.5251347287175304,0.03821627123226726,0.43664900005020235
0.531975176752596,0.016746018859452753,0.45127880438795126
0.5351611394681106,0.006908734541622925,0.45793012599026645
0.5359871750034183,0.004373209903069356,0.4596396150935124
0.536698610336515,0.0021941845425890796,0.4611072051208959
0.5370953537371974,0.000980873990966134,0.4619237722718365
0.5372731841710834,0.00043746414202462485,0.46228935168689195
0.5373525893830067,0.00019490354893267507,0.4624525070680607
0.5374346318610126,0.0,0.46256536813898735
0.5374245192340672,0.0,0.4625754807659328
0.5374200165864044,0.0,0.4625799834135957
0.5374180117039626,0.0,0.4625819882960374
0.5374171188077812,0.0,0.4625828811922188
0.537416720937912,0.0,0.462583279062088
0.537416543436135,0.0,0.46258345656386507
0.5374164640335397,0.0,0.46258353596646035
0.5374164283006622,0.0,0.46258357169933795
0.5374164120077121,0.0,0.46258358799228794
0.5374164043685962,0.0,0.4625835956314039
0.5374164005818,0.0,0.46258359941820004
0.5374163985098931,0.0,0.46258360149010697
0.5374163972013818,0.0,0.4625836027986182
0.5374163962327019,0.0,0.4625836037672981
0.5374163954153003,0.0,0.46258360458469966
0.5374163946652416,0.0,0.46258360533475834
0.5374163939451608,0.0,0.4625836060548391
0.5374163932384252,0.0,0.46258360676157495
0.53741639253763,0.0,0.4625836074623701
0.5374163918394793,0.0,0.4625836081605206
0.5374163911425061,0.0,0.46258360885749394
0.5374163904460568,0.0,0.4625836095539432
0.5374163897498409,0.0,0.46258361025015915
0.5374163890230191,0.0,0.462583610976981
0.5374163882091624,0.0,0.4625836117908377
0.5374163872691161,0.0,0.4625836127308839
0.5374163860050531,0.0,0.4625836139949469
0.5374163841759024,0.0,0.46258361582409746
0.5374163812485454,0.0,0.46258361875145454
0.5374163752567548,0.0,0.4625836247432453
0.5374163552203838,0.0,0.4625836447796162
0.5374162405545702,0.0,0.4625837594454298
