0.55,0.25,0.2
0.5482842559222303,0.25042276946561687,0.2012929746121529
0.5424534660094211,0.2515085012333092,0.2060380327572697
0.5408777681633051,0.2516956489371387,0.20742658289955618
0.5294923052063386,0.25118404390894955,0.219323650884712
0.5095367433251368,0.22325145191975873,0.2672118047551045
0.5158711071021048,0.15180157920896484,0.3323273136889304
0.535489023161569,0.0751360796260997,0.3893748972123313
0.5470047507930897,0.03722734788338699,0.4157679013235233
0.553690445405938,0.01627059746132346,0.4300389571327386
0.5566694287506533,0.00711713985668477,0.43621343139266205
0.5575152588906135,0.00453639203257497,0.43794834907681157
0.5582635098575347,0.0022597426126283685,0.4394767475298369
0.5586469758400592,0.0010952691590736196,0.4402577550008672
0.558837394205567,0.0005175866918092316,0.44064501910262377
0.5589286002028098,0.00024102035593139888,0.4408303794412589
0.5589711158498389,0.00011212687227663833,0.4409167572778845
0.5590200538769349,0.0,0.4409799461230652
0.5590136612078425,0.0,0.44098633879215765
0.5590106880305482,0.0,0.4409893119694518
0.5590093050824759,0.0,0.4409906949175241
0.5590086616228247,0.0,0.4409913383771753
0.5590083620303289,0.0,0.440991637969671
0.5590082223362923,0.0,0.44099177766370773
0.5590081569946904,0.0,0.4409918430053096
0.5590081262267097,0.0,0.4409918737732903
0.55900811153532,0.0,0.44099188846468
0.5590081043194742,0.0,0.44099189568052566
0.5590081005797224,0.0,0.44099189942027756
0.5590080984563383,0.0,0.44099190154366175
0.5590080970845575,0.0,0.4409919029154425
0.5590080960622688,0.0,0.44099190393773124
0.5590080952024923,0.0,0.44099190479750777
0.5590080944182831,0.0,0.44099190558171686
0.5590080936692126,0.0,0.44099190633078744
0.559008092936481,0.0,0.44099190706351893
0.5590080922113474,0.0,0.4409919077886527
0.5590080914897465,0.0,0.4409919085102535
0.5590080907662625,0.0,0.44099190923373743
0.5590080900344229,0.0,0.4409919099655771
0.5590080892834012,0.0,0.4409919107165987
0.5590080885256131,0.0,0.4409919114743869
0.5590080877057017,0.0,0.4409919122942984
0.5590080867585911,0.0,0.44099191324140885
0.5590080855542326,0.0,0.4409919144457673
0.5590080839702212,0.0,0.44099191602977883
0.5590080816580667,0.0,0.4409919183419333
0.5590080776695177,0.0,0.4409919223304823
0.559008068247702,0.0,0.44099193175229795
0.559008051924094,0.0,0.44099194807590597
0.5590079902994765,0.0,0.4409920097005235
0.5590079411898025,0.0,0.4409920588101975
