0.30000000000000004,0.35000000000000003,0.35000000000000003
0.3008599138898563,0.3445180479468139,0.35462203816332977
0.3056780192981934,0.3164759615428953,0.3778460191589114
0.3056780192981933,0.31647596154289526,0.3778460191589113
0.30676237314906446,0.3106059034393154,0.3826317234116202
0.31659427080715397,0.26152391647806766,0.42188181271477837
0.34682797275301314,0.13079847345075846,0.5223735537962285
0.3616158799255243,0.07157902723023907,0.5668050928442367
0.37073536238032484,0.03588232006623686,0.5933823175534384
0.37668849806127613,0.01284168583851297,0.610469816100211
0.37773421144640124,0.008813254052767058,0.6134525345008317
0.3788062390093139,0.004688957841167246,0.6165048031495188
0.3794863629925618,0.002075224540875621,0.6184384124665626
0.3797884493453674,0.0009149945790814779,0.6192965560755512
0.3799218534337764,0.00040276079395441746,0.6196753857722692
0.37998061561170215,0.0001771560591120211,0.6198422283291859
0.3800360739747031,0.0,0.6199639260252969
0.3800308550380544,0.0,0.6199691449619457
0.3800285603932572,0.0,0.6199714396067427
0.38002755140850136,0.0,0.6199724485914987
0.380027107627002,0.0,0.619972892372998
0.3800269123139967,0.0,0.6199730876860032
0.38002682622869344,0.0,0.6199731737713066
0.38002678816005336,0.0,0.6199732118399467
0.38002677119956235,0.0,0.6199732288004376
0.3800267635182147,0.0,0.6199732364817853
0.3800267599159771,0.0,0.6199732400840229
0.3800267581069153,0.0,0.6199732418930847
0.38002675708613315,0.0,0.6199732429138669
0.38002675641187844,0.0,0.6199732435881216
0.3800267558899572,0.0,0.6199732441100428
0.38002675543500164,0.0,0.6199732445649985
0.3800267550094842,0.0,0.6199732449905159
0.3800267545969077,0.0,0.6199732454030923
0.3800267541900201,0.0,0.6199732458099799
0.38002675378563333,0.0,0.6199732462143668
0.3800267533823458,0.0,0.6199732466176542
0.3800267529795416,0.0,0.6199732470204583
0.3800267525736782,0.0,0.6199732474263218
0.38002675214916193,0.0,0.619973247850838
0.3800267516866406,0.0,0.6199732483133594
0.38002675115373236,0.0,0.6199732488462677
0.38002675049660983,0.0,0.6199732495033902
0.3800267496162874,0.0,0.6199732503837126
0.38002674829706423,0.0,0.6199732517029358
0.38002674592163466,0.0,0.6199732540783653
0.3800267401538806,0.0,0.6199732598461194
0.38002673100671913,0.0,0.619973268993281
0.38002669473655265,0.0,0.6199733052634473
0.3800265985606786,0.0,0.6199734014393213
