0.9,0.05,0.05
0.8988134619655608,0.05117229929907989,0.05001423873535941
0.8924066630075427,0.05750320946342667,0.050090127529030644
0.8910509187024518,0.05884311715380376,0.05010596414374444
0.8790896780950099,0.07066824787554501,0.05024207402944514
0.7835963060752511,0.16538643376122206,0.05101726016352675
0.6646020005952541,0.284485598107304,0.050912401297441956
0.5370934422770965,0.41372402953806386,0.04918252818483962
0.38919261986344267,0.5660996537273739,0.04470772640918336
0.2035110187247151,0.7624617333359844,0.03402724793930054
0.08832604437860431,0.8893374211453092,0.02233653447608652
0.04355862840452933,0.9411969440210959,0.015244427574374846
0.017224144612709515,0.9736832980283536,0.00909255735893692
0.006609562387007276,0.988102228683297,0.005288208929695736
0.0029519295669410152,0.9937071748201246,0.0033408956129344306
0.0015223102630566648,0.9961894108435497,0.0022882788933936524
0.0006927893859186517,0.9978491202708667,0.0014580903432146544
0.0003146877401250304,0.9987576911338963,0.0009276211259786138
0.0001427814081698056,0.9992676325893693,0.0005895860024608206
0.0,0.9996254544196045,0.0003745455803954998
0.0,0.9997621693834965,0.0002378306165034764
0.0,0.9998490107028747,0.0001509892971253181
0.0,1.0,0.0
