0.05,0.25,0.7
0.05043269888923323,0.23973384960680238,0.7098334515039644
0.053115049620707976,0.17733585555926398,0.7695490948200281
0.05352375463443516,0.16798160233169893,0.778494643033866
0.056480604340612,0.10117590556883616,0.8423434900905518
0.05920527150907907,0.0405825345384443,0.9002121939524766
0.06020892303129929,0.018392477585084815,0.9213985993836159
0.06063287249229126,0.00901079398705365,0.930356333520655
0.060841861195524094,0.004361844444631565,0.9347962943598443
0.06094807989239353,0.0019679058106728954,0.9370840142969336
0.0609946366707116,0.0008850903641750811,0.9381202729651134
0.061014100489650974,0.00039752454716792903,0.938588374963181
0.06101968440925308,0.0002357311900896298,0.9387445844006573
0.06102027534753565,0.00021631521910691836,0.9387634094333575
0.061022828569382466,0.00010877668291477522,0.9388683947477028
0.06102575111851502,0.0,0.938974248881485
0.061022485525904724,0.0,0.9389775144740953
0.06101945942079639,0.0,0.9389805405792037
0.06101653730896812,0.0,0.938983462691032
0.06101366039244823,0.0,0.9389863396075517
0.06101080315717381,0.0,0.9389891968428262
0.06100795453217622,0.0,0.9389920454678238
0.061005842074571055,0.0,0.938994157925429
0.06100376753465863,0.0,0.9389962324653414
0.06098717360132229,0.0,0.9390128263986777
0.060854574733917186,0.0,0.9391454252660829
0.05980349787351806,0.0,0.940196502126482
0.05859481746114683,0.0,0.9414051825388532
0.0585928210334548,0.0,0.9414071789665452
0.0585768519187528,0.0,0.9414231480812472
0.05844924653836493,0.0,0.9415507534616351
0.057437794722512696,0.0,0.9425622052774874
0.04992157849739101,0.0,0.950078421502609
0.020143328627217596,0.0,0.9798566713727824
0.007770459166278372,0.0,0.9922295408337216
0.0029761774012375033,0.0,0.9970238225987625
0.0013479595064908585,0.0,0.9986520404935092
0.0008664806880321262,0.0,0.9991335193119679
0.0008664498198870564,0.0,0.999133550180113
0.0008662029142795434,0.0,0.9991337970857205
0.0008642301986264569,0.0,0.9991357698013736
0.0008486092282831422,0.0,0.9991513907717168
0.0007333821393373201,0.0,0.9992666178606627
0.00035343033900419864,0.0,0.9996465696609959
0.00015534657995229677,0.0,0.9998446534200478
0.0,0.0,1.0
