0.55,0.35,0.1
0.5453940219589586,0.3543789256770257,0.10022705236401569
0.52465859561205,0.37414215224295444,0.10119925214499563
0.5199303194152303,0.37866090991634765,0.10140877066842217
0.4814406806509931,0.41563450122404605,0.10292481812496088
0.2583559662101267,0.640371123458903,0.10127291033097027
0.14278543168184424,0.7699028039095341,0.08731176440862166
0.0612113925831071,0.8752524129503696,0.06353619446652338
0.021343564193713638,0.9392703536323519,0.039386082173934425
0.009631500114968914,0.9637235816734241,0.026644918211606982
0.004198150688404814,0.9783344808681526,0.017467368443442703
0.0017889986214384625,0.9869928306524896,0.011218170726072051
0.0007514631548679754,0.9921375345970219,0.007111002248110184
0.00031280506133290835,0.9952166275474735,0.004470567391193605
0.00012947512491436378,0.9970743749442287,0.0027961499308569704
0.0,0.9982566223063695,0.0017433776936305633
0.0,0.9989152687066758,0.001084731293324193
0.0,0.9992663238202215,0.0007336761797784303
0.0,0.9994681160474693,0.0005318839525307034
0.0,0.999646848730249,0.0003531512697509795
0.0,0.9997685891112318,0.00023141088876813608
0.0,0.9998486331406685,0.00015136685933150095
0.0,1.0,0.0
