0.3,0.55,0.15
0.296399800438227,0.5533289650380476,0.1502712345237254
0.28115272994653234,0.5674943574146111,0.1513529126388566
0.2776643287916742,0.5707516260436505,0.15158404516467533
0.2504877352943962,0.5963693282748311,0.15314293643077265
0.10837265531012288,0.7446343143455416,0.1469930303443355
0.034876465913860163,0.8555529214743416,0.10957061261179823
0.011883373180226793,0.9162724568851337,0.07184416993463949
0.004484415746921693,0.9494971211272436,0.04601846312583469
0.00216994831260904,0.9655308676950198,0.03229918399237112
0.0009812651726099247,0.9773738572755208,0.021644877551869248
0.0004141247752114458,0.9857165428874856,0.013869332337303069
0.00017186662032338184,0.9910762419946145,0.008751891385062051
0.0,0.9945313490601475,0.005468650939852513
0.0,0.9966046487193178,0.003395351280682248
0.0,0.997709567021853,0.0022904329781470354
0.0,0.998457655950456,0.0015423440495439282
0.0,0.9989626512952888,0.0010373487047112531
0.0,0.9993028641414475,0.00069713585855244
0.0,0.9995317542601202,0.00046824573987974005
0.0,0.9996856080871793,0.00031439191282061
0.0,0.9997424108979197,0.00025758910208029335
0.0,0.9998256962897686,0.00017430371023142868
0.0,0.9998876776579778,0.00011232234202218458
0.0,1.0,0.0
