0.25,0.6,0.15
0.24666932796913207,0.6032174329219226,0.1501132391089453
0.23236764947194954,0.6171356214882731,0.1504967290397774
0.22917318003692927,0.6202688240310583,0.1505579959320124
0.20446022027670685,0.6448556275418713,0.15068415218142184
0.08405676581059328,0.781745951056932,0.13419728313247475
0.04833836108794294,0.8364730067087104,0.11518863220334653
0.014154833737698711,0.9137331187209149,0.07211204754138631
0.005684185961777449,0.9466885646891327,0.04762724934908998
0.0030042422349849046,0.9620200169002512,0.03497574086476381
0.0013652848270528217,0.9750791745592374,0.023555540613709923
0.0005599240540198173,0.9845439156067816,0.014896160339198548
0.00022522065822391574,0.9905201569335849,0.009254622408191266
0.0,0.9943143571623045,0.005685642837695474
0.0,0.9965319884189661,0.003468011581033923
0.0,0.9978937342875345,0.0021062657124654533
0.0,0.9985864496947733,0.0014135503052266848
0.0,0.9990524005355836,0.0009475994644163425
0.0,0.9993652354974178,0.0006347645025821236
0.0,0.9995750068952565,0.00042499310474353495
0.0,0.9997155508375721,0.00028444916242784254
0.0,0.9997962016872515,0.0002037983127485657
0.0,0.9998276585006545,0.0001723414993455496
0.0,0.9998828147343944,0.00011718526560555366
0.0,1.0,0.0
