0.05,0.65,0.3
0.04968429726128892,0.6476092132276048,0.3027064895111063
0.04853972074694762,0.6367217008817712,0.3147385783712812
0.048298038026382405,0.6337847154777179,0.3179172464958997
0.04690756636021463,0.6052083660239382,0.3478840676158471
0.04762206235233373,0.5117795332633464,0.44059840438431996
0.052184222595708825,0.39093520673555743,0.5568805706687338
0.057395170188416486,0.28156096688361176,0.6610438629279718
0.061304978916924886,0.20490654723485516,0.73378847384822
0.06505356081741108,0.1333437204772433,0.8016027187053457
0.06551212902368019,0.12467015396325004,0.8098177170130698
0.06845298213291576,0.06933954273136597,0.8622074751357183
0.07054086820629231,0.030302310676291508,0.8991568211174162
0.07146160981357243,0.013140573564612124,0.9153978166218155
0.0717511698823227,0.007749593465705082,0.9204992366519722
0.07196352285135484,0.003797787170146957,0.9242386899784982
0.07207205369798816,0.0017785690411403566,0.9261493772608714
0.07212386234167992,0.0008147119667245475,0.9270614256915956
0.07214761229017115,0.000372797199984268,0.9274795905098445
0.07215847947191252,0.00017050147284405697,0.9276710190552434
0.07215985379189636,0.00014490389427762718,0.927695242313826
0.07216048875107284,0.00013307512547335647,0.9277064361234538
0.07216887450724906,0.0,0.9278311254927509
0.07216817481543474,0.0,0.9278318251845652
0.07216785381961772,0.0,0.9278321461803823
0.07216770869790619,0.0,0.9278322913020938
0.07216763992590722,0.0,0.9278323600740928
0.07216760429792902,0.0,0.927832395702071
0.07216758305792452,0.0,0.9278324169420755
0.0721675680637858,0.0,0.9278324319362142
0.07216755985073317,0.0,0.9278324401492668
