0.6000000000000001,0.30000000000000004,0.10000000000000002
0.5957970845566153,0.3039394700233959,0.10026344541998893
0.5768450987117332,0.3217290176867309,0.10142588360153595
0.572488877511898,0.32582456129434045,0.10168656119376149
0.5367557624766995,0.359529577456904,0.10371466006639651
0.3174089400554591,0.5740555468073368,0.10853551313720408
0.1817984021331,0.7193971252936958,0.09880447257320407
0.08212223188906739,0.8416292622916705,0.07624850581926218
0.030307847985314884,0.9198600365659356,0.04983211544874939
0.009595845139963644,0.961768809615032,0.028635345245004423
0.004092297442623614,0.9773133784597307,0.018594324097645703
0.0020354781793663025,0.9850082224519775,0.01295629936865615
0.0009949986431986464,0.9900971705470993,0.008907830809702049
0.0004826394675099729,0.9934358016377342,0.0060815588947559585
0.00021470062132377134,0.9958278407535563,0.003957458625119825
0.0,0.9974343713703777,0.002565628629622247
0.0,0.9983410607017893,0.0016589392982106236
0.0,0.9989290092417378,0.0010709907582621822
0.0,0.9993092844655237,0.0006907155344763088
0.0,0.9995548287706406,0.00044517122935934235
0.0,0.9997132056814692,0.0002867943185308075
0.0,0.9998152880209863,0.0001847119790137377
0.0,0.9998810558955438,0.00011894410445621499
0.0,1.0,0.0
