0.8,0.05,0.15
0.7952422104389554,0.05118944739033359,0.15356834217071108
0.7667937142807822,0.058301571430352965,0.1749047142888649
0.7614437055684902,0.05963907360852354,0.1789172208229864
0.715682178909348,0.0710794552742432,0.21323836581640887
0.5352278215733084,0.11619304461361729,0.3485791338130743
0.34505066812817575,0.16373733298388793,0.4912119988879363
0.1702783115175714,0.20743042215017704,0.6222912663322515
0.09438398872564503,0.2264040028582271,0.6792120084161279
0.03464806893191048,0.2413379828216252,0.7240139482464644
0.015455394896771994,0.24613615134126612,0.7384084537619618
0.007873759989048719,0.2480315600768217,0.7440946799341296
0.003996251112628594,0.24900093730436867,0.7470028115830027
0.0018121191241441386,0.24954697031117024,0.7486409105646856
0.0008207276554413083,0.24979481818794644,0.7493844541566123
0.00037151422924186213,0.24990712155405526,0.7497213642167029
0.00016812990654161436,0.24995796764426811,0.7498739024491903
0.0,0.2500000001304406,0.7499999998695595
0.0,0.2500000001399573,0.7499999998600426
0.0,0.25000000014947404,0.7499999998505259
0.0,0.25000000015899076,0.7499999998410093
0.0,0.2500000001685075,0.7499999998314925
0.0,0.25000000017802426,0.7499999998219758
0.0,0.250000000187541,0.749999999812459
0.0,0.2500000001970577,0.7499999998029423
0.0,0.2500000002065744,0.7499999997934256
0.0,0.25000000021609114,0.7499999997839087
0.0,0.25000000022560787,0.749999999774392
0.0,0.25000000023512464,0.7499999997648753
0.0,0.25000000024464136,0.7499999997553587
0.0,0.2500000002541581,0.749999999745842
0.0,0.2500000002636748,0.7499999997363253
0.0,0.2500000002731915,0.7499999997268084
0.0,0.25000000028270825,0.7499999997172917
0.0,0.250000000292225,0.749999999707775
0.0,0.25000000030174174,0.7499999996982583
0.0,0.25000000031125846,0.7499999996887415
0.0,0.2500000003207752,0.7499999996792247
0.0,0.25000000033029196,0.749999999669708
0.0,0.2500000003398087,0.7499999996601913
0.0,0.25000000034932546,0.7499999996506745
0.0,0.2500000003592769,0.7499999996407232
0.0,0.2500000003708045,0.7499999996291955
0.0,0.2500000003842527,0.7499999996157473
0.0,0.250000000401039,0.749999999598961
0.0,0.25000000042386045,0.7499999995761396
0.0,0.25000000045882315,0.7499999995411769
0.0,0.25000000052435284,0.7499999994756472
0.0,0.2500000007080358,0.7499999992919643
0.0,0.2500000017983335,0.7499999982016666
0.0,0.2500000023543515,0.7499999976456486
