0.85,0.05,0.1
0.8462434067137539,0.05125219776214581,0.1025043955241003
0.823261271421311,0.05891290952672232,0.11782581905196665
0.8189531062806928,0.06034896457368258,0.12069792914562458
0.7815340096076363,0.07282199679888374,0.14564399359348001
0.617159784254999,0.12761340525517822,0.25522681048982293
0.42076862473951526,0.19307712510375039,0.3861542501567344
0.2996144119011106,0.23346186272536593,0.46692372537352345
0.17667347372473025,0.27444217546342214,0.5488843508118477
0.08658102126676989,0.3044729929642178,0.6089459857690123
0.03444401779481472,0.32185199413799026,0.643703988067195
0.013184732479384453,0.3289384225917833,0.6578768449288322
0.00644081782852276,0.3311863941528705,0.6623727880186068
0.0029000409305775326,0.3323666531305596,0.6647333059388629
0.0013032187817578883,0.33289892719172265,0.6657978540265195
0.0005851239506163299,0.3331382921469147,0.666276583902469
0.00026260709071809654,0.3332457977783192,0.6664915951309628
0.00011783866301056314,0.3332940539323069,0.6665881074046826
0.0,0.33333333349806116,0.6666666665019388
0.0,0.3333333335094605,0.6666666664905395
0.0,0.3333333335208598,0.6666666664791402
0.0,0.33333333353225914,0.6666666664677409
0.0,0.33333333354365846,0.6666666664563415
0.0,0.3333333335550578,0.6666666664449422
0.0,0.3333333335664571,0.6666666664335429
0.0,0.3333333335778565,0.6666666664221436
0.0,0.33333333358925576,0.6666666664107442
0.0,0.3333333336006551,0.6666666663993449
0.0,0.3333333336120544,0.6666666663879456
0.0,0.33333333362345374,0.6666666663765463
0.0,0.33333333363485307,0.6666666663651469
0.0,0.3333333336462524,0.6666666663537476
0.0,0.3333333336576517,0.6666666663423483
0.0,0.33333333366905105,0.666666666330949
0.0,0.33333333368045037,0.6666666663195496
0.0,0.3333333336918497,0.6666666663081503
0.0,0.333333333703249,0.666666666296751
0.0,0.3333333337146484,0.6666666662853517
0.0,0.3333333337260477,0.6666666662739522
0.0,0.33333333373744706,0.6666666662625529
0.0,0.33333333374884644,0.6666666662511536
0.0,0.33333333376031365,0.6666666662396864
0.0,0.3333333337726831,0.666666666227317
0.0,0.33333333378764,0.66666666621236
0.0,0.33333333380584224,0.6666666661941577
0.0,0.3333333338297758,0.6666666661702242
0.0,0.33333333386468017,0.6666666661353199
0.0,0.333333333924614,0.666666666075386
0.0,0.3333333340649109,0.6666666659350892
0.0,0.3333333347189651,0.6666666652810349
0.0,0.33333333612367544,0.6666666638763246
