0.7,0.1,0.2
0.6936410217951449,0.10211965940174952,0.20423931880310559
0.6573028865045318,0.11423237116611136,0.22846474232935682
0.6504314427104252,0.11652285243098368,0.23304570485859114
0.5934009866445245,0.13553300445453875,0.27106600890093674
0.3787753417994682,0.20707488607869678,0.414149772121835
0.22690805599658967,0.25769731469059237,0.515394629312818
0.14341208182607884,0.285529306090063,0.5710586120838582
0.06702562888232655,0.31099145708540193,0.6219829140322716
0.02596218446969985,0.3246792719053795,0.6493585436249206
0.012984464917162524,0.32900517843362953,0.6580103566492079
0.006310249872243806,0.3312299167927202,0.662459833335036
0.0028212594976529276,0.3323929135960102,0.6647858269063368
0.0012589187788191077,0.3329136938472553,0.6658273873739255
0.0005612753240274003,0.33314624167708645,0.6662924829988861
0.00025014175848898777,0.3332499528771324,0.6664999053643786
0.00011146064453954793,0.3332961799266314,0.6665923594288291
0.0,0.3333333334863261,0.6666666665136739
0.0,0.33333333349782523,0.6666666665021748
0.0,0.3333333335093243,0.6666666664906756
0.0,0.33333333352082345,0.6666666664791766
0.0,0.33333333353232253,0.6666666664676775
0.0,0.3333333335438216,0.6666666664561783
0.0,0.3333333335553207,0.6666666664446793
0.0,0.3333333335668198,0.6666666664331803
0.0,0.3333333335783189,0.6666666664216812
0.0,0.333333333589818,0.666666666410182
0.0,0.3333333336013171,0.666666666398683
0.0,0.33333333361281614,0.6666666663871837
0.0,0.3333333336243153,0.6666666663756847
0.0,0.3333333336358144,0.6666666663641856
0.0,0.3333333336473135,0.6666666663526865
0.0,0.33333333365881257,0.6666666663411873
0.0,0.33333333367031176,0.6666666663296883
0.0,0.33333333368181084,0.6666666663181892
0.0,0.3333333336933099,0.66666666630669
0.0,0.33333333370480905,0.666666666295191
0.0,0.3333333337163082,0.6666666662836919
0.0,0.33333333372780727,0.6666666662721927
0.0,0.3333333337393064,0.6666666662606936
0.0,0.33333333375116225,0.6666666662488377
0.0,0.3333333337641224,0.6666666662358777
0.0,0.3333333337790738,0.6666666662209262
0.0,0.3333333337971983,0.6666666662028017
0.0,0.33333333382106856,0.6666666661789314
0.0,0.3333333338585002,0.6666666661414998
0.0,0.3333333339277517,0.6666666660722482
0.0,0.33333333410542954,0.6666666658945705
0.0,0.33333333495123524,0.6666666650487648
0.0,0.3333333361236549,0.6666666638763452
