0.75,0.15,0.1
0.7443731035577309,0.1533761378654784,0.10225075857679067
0.7114860444986583,0.17310837330167358,0.1154055821996681
0.7052828343433932,0.1768302993949873,0.11788686626161954
0.6530213642726347,0.20818718143890422,0.13879145428846115
0.45625315820936074,0.3262481050850247,0.21749873670561454
0.24916276176243904,0.4505023429679284,0.3003348952696326
0.13626349497598522,0.5182419030534839,0.3454946019705309
0.06213357605194473,0.562719854423761,0.37514656952429426
0.026244461529044968,0.5842533231530556,0.38950221531789947
0.014916819398561872,0.5910499084408889,0.39403327216054923
0.007357700216312484,0.595585379961745,0.3970569198219425
0.003426663911364311,0.5979440017568345,0.39862933433180125
0.0015925143698840986,0.5990444914936931,0.39936299413642284
0.0007393800757223401,0.5995563720820787,0.3997042478421989
0.0003431258524243834,0.5997941246279026,0.39986274951967304
0.00015920140116543424,0.5999044793104802,0.3999363192883543
0.0,0.600000000163002,0.3999999998369979
0.0,0.6000000001748006,0.3999999998251994
0.0,0.6000000001865992,0.39999999981340084
0.0,0.6000000001983977,0.39999999980160234
0.0,0.6000000002101962,0.3999999997898038
0.0,0.6000000002219947,0.39999999977800527
0.0,0.6000000002337933,0.39999999976620676
0.0,0.6000000002455917,0.3999999997544082
0.0,0.6000000002573903,0.39999999974260975
0.0,0.6000000002691888,0.3999999997308112
0.0,0.6000000002809873,0.3999999997190127
0.0,0.6000000002927859,0.39999999970721417
0.0,0.6000000003045843,0.39999999969541566
0.0,0.6000000003163829,0.39999999968361716
0.0,0.6000000003281813,0.39999999967181865
0.0,0.6000000003399799,0.3999999996600201
0.0,0.6000000003517785,0.39999999964822164
0.0,0.6000000003635769,0.3999999996364231
0.0,0.6000000003753754,0.39999999962462457
0.0,0.6000000003871739,0.39999999961282606
0.0,0.6000000003989725,0.3999999996010275
0.0,0.600000000410771,0.39999999958922894
0.0,0.6000000004225695,0.39999999957743043
0.0,0.6000000004343681,0.3999999995656319
0.0,0.6000000004462521,0.39999999955374793
0.0,0.6000000004588839,0.3999999995411161
0.0,0.6000000004741044,0.3999999995258956
0.0,0.6000000004930165,0.3999999995069835
0.0,0.6000000005173265,0.3999999994826735
0.0,0.6000000005518494,0.3999999994481506
0.0,0.6000000006086895,0.3999999993913105
0.0,0.6000000007310046,0.39999999926899543
0.0,0.6000000011809675,0.3999999988190325
0.0,0.6000000030135556,0.39999999698644434
