0.05,0.25,0.7
0.04856631771845244,0.2503772848112949,0.7010563974702526
0.041469666842176206,0.2522448245175483,0.7062855086402755
0.04027211341829551,0.25255997015577847,0.707167916425926
0.031817535685421026,0.2547848590358111,0.7133976052787678
0.013548309385611655,0.25959255017813143,0.7268591404362569
0.006060012237900824,0.2615631547008293,0.7323768330612699
0.005879966824098105,0.2616105350732618,0.7325094981026401
0.004618567595953233,0.2619424822415957,0.7334389501624511
0.0021691052381038944,0.2625870776083882,0.735243817153508
0.0009429722374478934,0.2629097441979006,0.7361472835646515
0.0008581639334622311,0.2629320621738075,0.7362097738927303
0.000832564236347415,0.2629387989365833,0.7362286368270694
0.0006534111710725826,0.26298594448309315,0.7363606443458344
0.0003101652368689769,0.26307627236978226,0.7366135623933489
0.00013601063024701223,0.2631221025396624,0.7367418868300907
0.0,0.2631578948210231,0.7368421051789769
0.0,0.26315789483125623,0.7368421051687438
0.0,0.2631578948414893,0.7368421051585107
0.0,0.26315789485172236,0.7368421051482776
0.0,0.26315789486195545,0.7368421051380446
0.0,0.26315789487218855,0.7368421051278115
0.0,0.26315789488242164,0.7368421051175784
0.0,0.26315789489265473,0.7368421051073453
0.0,0.26315789490288777,0.7368421050971122
0.0,0.26315789491312086,0.7368421050868791
0.0,0.26315789492335395,0.736842105076646
0.0,0.26315789493358704,0.736842105066413
0.0,0.26315789494382014,0.7368421050561799
0.0,0.2631578949540532,0.7368421050459468
0.0,0.26315789496428627,0.7368421050357137
0.0,0.26315789497451936,0.7368421050254805
0.0,0.26315789498475245,0.7368421050152475
0.0,0.26315789499498554,0.7368421050050145
0.0,0.2631578950052186,0.7368421049947814
0.0,0.26315789501545167,0.7368421049845484
0.0,0.26315789502568476,0.7368421049743152
0.0,0.2631578950311558,0.7368421049688442
