0.05,0.1,0.85
0.0507647482876171,0.10003200072018469,0.8492032509921982
0.05429520802666392,0.10018457141192932,0.8455202205614067
0.0551208807936378,0.10022140819556391,0.8446577110107982
0.062146395900451526,0.10055274757851461,0.8373008565210338
0.13113495642285222,0.10557920725472741,0.7632858363224204
0.24446653209740704,0.12232007491832653,0.6332133929842665
0.31020098818308234,0.1385468376229539,0.5512521741939638
0.3876957761178973,0.16141407886588047,0.4508901450162222
0.46699873498550043,0.18522468485901186,0.34777658015548774
0.5331213364327249,0.20596961973164948,0.2609090438356258
0.6120394915301564,0.2304127798821311,0.15754772858771257
0.6658466869448902,0.2457884790326207,0.08836483402248918
0.7036957808328649,0.2545631971222366,0.04174102204489863
0.7169028665174957,0.25651881400127186,0.02657831948123253
0.7283797759233733,0.2570354106491988,0.014584813427427883
0.7379574489582322,0.2556566487310241,0.006385902310743735
0.7440993921246326,0.25312372359764723,0.002776884277720214
0.7486946021082871,0.2501019762642044,0.0012034216275085457
0.7525946020592856,0.2468849420673814,0.0005204558733330839
0.7561752255167852,0.24360001832539324,0.0002247561578216015
0.7596745823993672,0.24032541760063272,0.0
0.7629752118929677,0.2370247881070323,0.0
0.7662472570603381,0.23375274293966186,0.0
0.7694906714001157,0.23050932859988424,0.0
0.7727053311055084,0.22729466889449162,0.0
0.7758910862267511,0.224108913773249,0.0
0.7790477826172661,0.2209522173827339,0.0
0.7821752713071656,0.2178247286928344,0.0
0.7852734124689598,0.2147265875310402,0.0
0.7883420770568305,0.2116579229431695,0.0
0.7913811474432633,0.20861885255673673,0.0
0.7943905176212064,0.20560948237879367,0.0
0.7973700932154381,0.20262990678456191,0.0
0.8003197914076037,0.19968020859239627,0.0
0.8032395408199918,0.19676045918000817,0.0
0.806129281377356,0.19387071862264393,0.0
0.8089889641546016,0.19101103584539836,0.0
0.8104075215959788,0.18959247840402116,0.0
0.8124501730857209,0.1875498269142792,0.0
0.8150803629382339,0.18491963706176598,0.0
0.8176838342313218,0.18231616576867807,0.0
0.8202605831326338,0.1797394168673662,0.0
0.8228426615045156,0.17715733849548443,0.0
0.8254801851696646,0.17451981483033535,0.0
0.8282582895215915,0.17174171047840844,0.0
0.8313248117926529,0.16867518820734706,0.0
0.8349214562888354,0.1650785437111645,0.0
0.8394508838946605,0.1605491161053395,0.0
0.8456770853130399,0.15432291468696008,0.0
0.8553927340934736,0.1446072659065264,0.0
0.8742137204442907,0.1257862795557093,0.0
0.9102293899502307,0.08977061004976927,0.0
0.9664456448163882,0.033554355183611835,0.0
0.9855613191942177,0.01443868080578227,0.0
0.9923560585035931,0.0076439414964069126,0.0
0.996384272868223,0.003615727131776999,0.0
0.998308810832849,0.001691189167151024,0.0
0.9992099961090557,0.000790003890944321,0.0
0.9996311885371141,0.00036881146288593236,0.0
0.9998278697348297,0.00017213026517031875,0.0
1.0,0.0,0.0
