0.15,0.05,0.8
0.15276814214014864,0.05005689042983561,0.7971749674300158
0.16644887217004783,0.05035490312489525,0.7831962247050569
0.1694734735519989,0.050424595102857205,0.7801019313451439
0.19529301571969773,0.05107659696745352,0.7536303873128488
0.367508189713937,0.05843537610050563,0.5740564341855575
0.48779454464132255,0.0675070980026956,0.4446983573559818
0.5681720944244657,0.07522938332107118,0.356598522254463
0.679414979882332,0.08664017253279978,0.23394484758486817
0.7627268995316278,0.09501204724320884,0.14226105322516333
0.8295709954799807,0.10100518365276406,0.06942382086725538
0.8718605005026487,0.10343904723306746,0.02470045226428364
0.8865609556296297,0.10312309718048154,0.010315947189888866
0.8937610828577179,0.10197203484345922,0.004266882298822664
0.8977558047856989,0.10048698475538251,0.0017572104589186188
0.9003978828580332,0.09887997335103785,0.0007221437909287392
0.9024653614632385,0.09723821208272068,0.0002964264540408592
0.9042813406297339,0.09559707626051042,0.00012158310975575486
0.906024560660333,0.09397543933966701,0.0
0.9076332731437168,0.09236672685628318,0.0
0.9092177992287349,0.09078220077126503,0.0
0.9107784328439432,0.08922156715605671,0.0
0.9123154409450481,0.08768455905495189,0.0
0.9138290802378354,0.08617091976216458,0.0
0.9153196038534358,0.08468039614656415,0.0
0.9167872639589275,0.08321273604107253,0.0
0.9182323127259799,0.08176768727402013,0.0
0.9196550026377568,0.08034499736224322,0.0
0.9210555865324825,0.07894441346751739,0.0
0.9224343175399682,0.07756568246003176,0.0
0.9237914489805533,0.07620855101944668,0.0
0.9251272342497904,0.07487276575020958,0.0
0.9264419267001281,0.07355807329987188,0.0
0.9277357795238111,0.07226422047618886,0.0
0.9290090456386738,0.07099095436132623,0.0
0.930261977577478,0.069738022422522,0.0
0.931494827381031,0.06850517261896906,0.0
0.9319956176943239,0.06800438230567606,0.0
0.9330194644404937,0.06698053555950632,0.0
0.9341838240551739,0.06581617594482611,0.0
0.9353689418360354,0.06463105816396467,0.0
0.9366749327614389,0.06332506723856116,0.0
0.9382085394330354,0.061791460566964655,0.0
0.9401419413048472,0.059858058695152816,0.0
0.9428028364590271,0.05719716354097294,0.0
0.9469646618424085,0.053035338157591545,0.0
0.955043962255832,0.04495603774416802,0.0
0.9759517699106219,0.024048230089378043,0.0
0.9899636094276534,0.010036390572346596,0.0
0.995854921622555,0.004145078377445087,0.0
0.9982955322582204,0.0017044677417794685,0.0
0.9993003840482917,0.0006996159517082641,0.0
0.9997130490621664,0.0002869509378335543,0.0
0.9998823415817166,0.00011765841828339553,0.0
1.0,0.0,0.0
