0.1,0.15,0.75
0.10093373907063213,0.15024415236007027,0.7488221085692977
0.10455457672663386,0.15122262348553744,0.7442227997878287
0.1055056598788071,0.15148828218115656,0.7430060579400363
0.11318016301455275,0.153774481747738,0.7330453552377092
0.16073797243997628,0.17837352362477635,0.6608885039352472
0.17507863010856597,0.21638215630394686,0.6085392135874873
0.1572000503653465,0.2527550237795054,0.5900449258551482
0.11996687850052057,0.29193814033952165,0.5880949811599577
0.07397407380658796,0.3307612202118672,0.5952647059815449
0.04935724175403622,0.350460168943163,0.6001825893028009
0.028911485663876444,0.3671032846270077,0.6039852297091158
0.015962008680431093,0.3782951610561973,0.6057428302633716
0.010250957694196953,0.3836559229850458,0.6060931193207574
0.00604417094203219,0.3880130356170845,0.6059427934408833
0.0034126862015549445,0.39117627920360704,0.605411034594838
0.0018723430304317164,0.39348083043788024,0.6046468265316881
0.0009738884236047675,0.39532647270707766,0.6036996388693175
0.00048200421433640004,0.39689817061606014,0.6026198251696036
0.00022958672177121018,0.3983156441816339,0.6014547690965949
0.00010665245292334607,0.3996492541345339,0.6002440934125427
0.0,0.40095490205022744,0.5990450979497726
0.0,0.4022036067403678,0.5977963932596322
0.0,0.4034460804208781,0.5965539195791218
0.0,0.4046860598108252,0.5953139401891747
0.0,0.405925252768561,0.5940747472314389
0.0,0.4071644276349907,0.5928355723650094
0.0,0.40840392161404976,0.5915960783859502
0.0,0.40964387596958296,0.5903561240304169
0.0,0.41088434379641475,0.5891156562035853
0.0,0.4121253389109894,0.5878746610890107
0.0,0.41336685780608357,0.5866331421939165
0.0,0.41460888940933605,0.585391110590664
0.0,0.4158514193764854,0.5841485806235146
0.0,0.41709443196143514,0.5829055680385649
0.0,0.4183379108224277,0.5816620891775722
0.0,0.4193707701575929,0.5806292298424071
0.0,0.4204489754406991,0.579551024559301
0.0,0.4215274970922047,0.5784725029077953
0.0,0.4226063242098206,0.5773936757901794
0.0,0.4236854458856964,0.5763145541143037
0.0,0.4247648512099607,0.5752351487900393
0.0,0.42585070695465965,0.5741492930453403
0.0,0.42649072926055437,0.5735092707394456
0.0,0.42751420419813235,0.5724857958018676
0.0,0.42880912112354763,0.5711908788764524
0.0,0.4303539820718154,0.5696460179281846
0.0,0.4323367672987559,0.5676632327012441
0.0,0.43514661865275994,0.5648533813472401
0.0,0.43956878192599075,0.5604312180740092
0.0,0.4489764222706707,0.5510235777293294
0.0,0.4812208986561605,0.5187791013438395
0.0,0.548625942125176,0.4513740578748241
0.0,0.6563553673511274,0.3436446326488726
0.0,0.7411110113688473,0.2588889886311527
0.0,0.8087124029886057,0.1912875970113943
0.0,0.9084001858513591,0.09159981414864095
0.0,0.9629264185271773,0.03707358147282273
0.0,0.9804490168429513,0.01955098315704875
0.0,0.9905333303662393,0.009466669633760803
0.0,0.9957392692306378,0.004260730769362195
0.0,0.9980848230788222,0.0019151769211778642
0.0,0.9991396353194768,0.0008603646805232402
0.0,0.9996135941095559,0.0003864058904441785
0.0,0.9998264780436248,0.0001735219563752792
0.0,1.0,0.0
