0.15,0.15,0.7
0.1512512262464888,0.15043239362193145,0.6983163801315798
0.1559794222494392,0.152136975171641,0.6918836025789199
0.1572271468376311,0.1526065057206273,0.6901663474417417
0.16706387970360959,0.15663808211288321,0.6762980381835072
0.2136484580675724,0.20102072455336265,0.585330817379065
0.20132606886622031,0.24675115168139786,0.5519227794523818
0.1675743125477354,0.2847212628193025,0.5477044246329621
0.12220416986006669,0.3231569521004338,0.5546388780394995
0.08140411182574364,0.35430922111931934,0.564286667054937
0.060936360802315265,0.3695553488027009,0.5695082903949839
0.03570163861463949,0.3885231082433058,0.5757752531420547
0.019615239832354456,0.4011419171331873,0.5792428430344582
0.015049802796074398,0.4049135817826342,0.5800366154212915
0.009075851668951683,0.41012781946959775,0.5807963288614506
0.00544973226054652,0.41361024574160044,0.5809400219978531
0.0031521625038573205,0.4161372784185651,0.5807105590775776
0.0017402551180388719,0.4180411855092951,0.580218559372666
0.0009163828294222108,0.41954446894540337,0.5795391482251745
0.00046318974223476256,0.42080470454044827,0.578732105717317
0.0002271225563000581,0.4219269882857553,0.5778458891579445
0.00010921537666447833,0.4229744327299099,0.5769163518934256
0.0,0.42400319786230906,0.5759968021376909
0.0,0.4249748635996469,0.575025136400353
0.0,0.42594112240441456,0.5740588775955855
0.0,0.4269049227526372,0.5730950772473627
0.0,0.4278676653529238,0.5721323346470762
0.0,0.42883001000632387,0.5711699899936762
0.0,0.4297922635946218,0.5702077364053783
0.0,0.4307545658185017,0.5692454341814983
0.0,0.43171697764189887,0.5682830223581012
0.0,0.4326795231662969,0.5673204768337031
0.0,0.43364220933908815,0.5663577906609117
0.0,0.4346050351738146,0.5653949648261853
0.0,0.4355679960377067,0.5644320039622933
0.0,0.43653108563344784,0.5634689143665521
0.0,0.4374942969096853,0.5625057030903148
0.0,0.4384576224768977,0.5615423775231023
0.0,0.4394210547962612,0.5605789452037387
0.0,0.44038458626498017,0.5596154137350199
0.0,0.44134820925467927,0.5586517907453208
0.0,0.4423119161286506,0.5576880838713493
0.0,0.44327569924963484,0.5567243007503652
0.0,0.4437576170168826,0.5562423829831173
0.0,0.4445223906238829,0.5554776093761171
0.0,0.4454525606839358,0.5545474393160641
0.0,0.44645383649725334,0.5535461635027467
0.0,0.44756544891854866,0.5524345510814513
0.0,0.44887854492400364,0.5511214550759964
0.0,0.4505516443945637,0.5494483556054363
0.0,0.45289619298325223,0.5471038070167478
0.0,0.45668615632248594,0.5433138436775141
0.0,0.4642567735656318,0.5357432264343683
0.0,0.4893694364880771,0.5106305635119228
0.0,0.5691573260145572,0.4308426739854428
0.0,0.6540928733158432,0.34590712668415685
0.0,0.7384328957152488,0.26156710428475116
0.0,0.8609614474413015,0.13903855255869849
0.0,0.9069233560963954,0.09307664390360461
0.0,0.962267822233587,0.0377321777664131
0.0,0.984962962015756,0.015037037984244064
0.0,0.9940460240673463,0.0059539759326536264
0.0,0.9976483831905414,0.0023516168094585145
0.0,0.9990720993255598,0.0009279006744401876
0.0,0.9995722399244725,0.0004277600755275417
0.0,0.9998028273526803,0.00019717264731968607
0.0,1.0,0.0
