0.45,0.35,0.2
0.4478393404647635,0.3514658964644204,0.20069476307081613
0.4403487292500567,0.35648261034728995,0.2031686604026533
0.4382509903817576,0.35786825291403007,0.2038807567042124
0.42211565114041716,0.36820076510016087,0.20968358375942203
0.3432974378576637,0.39098892103268573,0.2657136411096506
0.3445027674741251,0.3550029936792953,0.3004942388465797
0.37377187178010046,0.2856030007423871,0.3406251274775125
0.41164725923047474,0.22034885064150747,0.36800389012801776
0.48061207817609675,0.1306581210446271,0.38872980077927627
0.5522952411303405,0.06908513828799127,0.37861962058166815
0.6025304367856409,0.04173194083917742,0.3557376223751817
0.656698170898351,0.02330988939170129,0.31999193970994766
0.6891616825141699,0.016420277658154195,0.294418039827676
0.7182278385337105,0.012281292187848002,0.26949086927844157
0.7421153526030173,0.010122996140543355,0.2477616512564393
0.7635324077963407,0.009197118937155238,0.22727047326650412
0.7817208782169233,0.009605532102603953,0.20867358968047278
0.7950344734144855,0.012012185939465125,0.1929533406460494
0.8006162147424051,0.0186475363270735,0.18073624893052148
0.7910958695255751,0.03476001095447059,0.1741441195199543
0.7809760254386829,0.04531877642802777,0.17370519813328933
0.7464191730990661,0.07591101734543489,0.1776698095554989
0.6948468879098504,0.11531028270267352,0.18984282938747607
0.6416768076895921,0.14688920909491107,0.21143398321549695
0.6176145353201759,0.15119538075459316,0.23119008392523105
0.6126373591251241,0.1401013906749131,0.24726125019996278
0.6243376008951353,0.11392202774913077,0.26174037135573386
0.6365199312439201,0.09807270897864812,0.26540735977743185
0.6623296687769763,0.07354599812344816,0.26412433309957556
0.6926361476416949,0.05395519248378529,0.2534086598745199
0.7093610410757235,0.04646856105220445,0.2441703978720721
0.7377729623526903,0.04006822326463519,0.2221588143826746
0.7464728027159266,0.04554948884550445,0.2079777084385689
0.7342248692227497,0.06307385858967934,0.202701272187571
0.7018877971040642,0.08769306349763722,0.21041913939829857
0.6805206773748672,0.09676448195085996,0.22271484067427283
0.6757906832667347,0.09033248148661763,0.23387683524664757
0.6879673965534577,0.07495791707566997,0.23707468637087223
0.7058607375874211,0.06282002568521192,0.231319236727367
0.7181833420055123,0.05899769285613493,0.22281896513835286
0.7209742040940695,0.06190133454426021,0.21712446136167016
0.7044742057180352,0.07728503415005608,0.21824076013190868
0.695020913937593,0.08006812637829122,0.2249109596841158
0.6946365636262084,0.07879308321026665,0.22657035316352486
0.7015900903874641,0.07090028541166833,0.22750962420086754
0.7097983129067139,0.06702808541639238,0.2231736016768937
0.7095775409450991,0.07014506707952858,0.2202773919753723
0.7028855055459615,0.07470884823469057,0.2224056462193479
0.7014772717957355,0.07381167595240487,0.22471105225185956
0.7059855256637739,0.07027722340117132,0.22373725093505478
0.7065641532155601,0.07133123176611841,0.22210461501832152
0.7036863587734328,0.07264368467217423,0.22366995655439303
0.7054864934457381,0.071260750847404,0.22325275570685785
0.7051927271847164,0.07197349029688001,0.2228337825184036
0.7047344704125255,0.07189661445276012,0.22336891513471455
0.7049660126821404,0.07195832209413834,0.22307566522372124
0.7050337416694337,0.07181206411242372,0.22315419421814262
0.7049209988812893,0.07190168894276139,0.2231773121759493
0.7049542271211034,0.071891257870265,0.22315451500863154
0.7049605282838056,0.07188366427229378,0.2231558074439007
0.7049592008628053,0.07188292513491258,0.22315787400228215
0.7049608893083152,0.0718818007520186,0.22315730993966612
0.7049662646241884,0.07187909804206177,0.22315463733374988
0.7049628655219101,0.07188085761222986,0.22315627686585998
0.7049609952823188,0.071881775114332,0.22315722960334916
0.7049611949626104,0.0718816743410863,0.2231571306963033
0.7049623398298068,0.07188110806594211,0.2231565521042511
0.7049626879002989,0.0718809359894231,0.223156376110278
0.7049626479374889,0.07188098898282627,0.22315636307968492
0.7049621802774334,0.07188142692339641,0.22315639279917018
0.7049621113474607,0.0718811341558285,0.22315675449671085
0.7049621592527145,0.07188122276663124,0.22315661798065423
0.704961210189276,0.07188174151635071,0.22315704829437324
0.7049645025882048,0.07188005220106562,0.22315544521072964
0.7049618265027024,0.07188136392570833,0.2231568095715893
0.7049618270371724,0.07188136180820472,0.223156811154623
0.7049618256891845,0.07188136259552108,0.22315681171529447
