0.5,0.35,0.15
0.4965777325175673,0.3530554091332589,0.15036685834917388
0.48266783753764664,0.36549050266612626,0.15184165979622707
0.4792332867514499,0.3685653894202121,0.15220132382833798
0.45177682272521513,0.3932258304814607,0.15499734679332428
0.258678886485907,0.5764365380115064,0.1648845755025866
0.16822136580585734,0.6760953813684846,0.15568325282565804
0.08246206203894013,0.7891818146471291,0.1283561233139308
0.037544381632486926,0.864315122655025,0.09814049571248812
0.014459541724231395,0.9163730494131689,0.06916740886259978
0.0053802923469269135,0.9468976818167519,0.04772202583632112
0.0018496591851936005,0.9662815462725421,0.03186879454226427
0.0007932371454054748,0.9760839268191949,0.023122836035399653
0.0003324055672716115,0.9830405170826535,0.01662707735007481
0.00013696412500653897,0.9879841903691114,0.011878845505882
0.0,0.9915524003437133,0.008447599656286728
0.0,0.9940130351294646,0.0059869648705353105
0.0,0.9954888343976099,0.00451116560238999
0.0,0.9966048808622974,0.0033951191377026707
0.0,0.997447115314112,0.0025528846858880218
0.0,0.9980817154868588,0.0019182845131412328
0.0,0.9985593016182029,0.001440698381797043
0.0,0.9989184011278782,0.0010815988721217544
0.0,0.9990629482443693,0.0009370517556308122
0.0,0.9992901705463754,0.0007098294536246197
0.0,0.9994805208824237,0.000519479117576324
0.0,0.9996198887261724,0.0003801112738275724
0.0,0.9997218999175976,0.000278100082402395
0.0,0.9997965520995857,0.00020344790041430534
0.0,0.9998511745171692,0.00014882548283084169
0.0,0.9998911368501089,0.00010886314989118843
0.0,1.0,0.0
