0.05,0.4,0.55
0.0509779130871445,0.3964692315007662,0.5525528554120894
0.056249752309207215,0.378198435964829,0.5655518117259639
0.05739363855367564,0.37439352424876804,0.5682128371975564
0.06782602455942643,0.3419905102295159,0.5901834652110578
0.1277681586588337,0.20956209240652243,0.6626697489346438
0.21018243649965446,0.10906136810767386,0.6807561953926717
0.28118235421904403,0.061534165749879646,0.6572834800310764
0.3601599897855548,0.03161077128602826,0.608229238928417
0.43860052377715375,0.01553619172308316,0.5458632844997632
0.4925705998650872,0.009180441277585182,0.4982489588573277
0.5376273373576211,0.00575956982098302,0.45661309282139584
0.5826452065656422,0.003524994969225115,0.4138297984651326
0.6204517403110343,0.0022946859020930377,0.37725357378687263
0.6541032503050829,0.0015546282579275887,0.3443421214369895
0.6845558982823134,0.0010970557127202823,0.3143470460049663
0.7113083575281192,0.0008212954662474093,0.28787034700563335
0.7360622429546927,0.0006502239224769073,0.2632875331228304
0.7583322164729378,0.0005580178493346144,0.24110976567772757
0.7790095730264935,0.0005311079863020866,0.22045931898720444
0.7978624809513571,0.0005877839691110515,0.20154973507953175
0.8138205450519228,0.0007900697572008414,0.1853893851908764
0.8255280617118907,0.0012536426894671953,0.17321829559864213
0.8333724154965668,0.0022222049848322645,0.16440537951860096
0.8377165543370133,0.004267418528557351,0.15801602713442936
0.8377095627819247,0.008662211985553933,0.1536282252325214
0.8305546942462124,0.018137956914206325,0.15130734883958125
0.8102213097302284,0.037967275960128985,0.15181141430964262
0.7723109433817914,0.07141408332640888,0.15627497329179985
0.710248506517007,0.12272348838496946,0.16702800509802357
0.6312556995201409,0.181909932113388,0.18683436836647105
0.5581872344105202,0.22237449577521617,0.21943826981426362
0.5347746980596773,0.21941334182506067,0.2458119601152621
0.537073420701862,0.18916075013639702,0.273765829161741
0.5667159746214803,0.13674097548547476,0.296543049893045
0.6005804971784806,0.09752710078737963,0.30189240203413986
0.6355918209458195,0.0682222186371191,0.2961859604170615
0.6755423044556328,0.04511635361347689,0.2793413419308903
0.7043984791226451,0.03399165228305504,0.2616098685942999
0.7282774576186569,0.027947138890315883,0.24377540349102728
0.7502982576321191,0.025361827890795913,0.22433991447708507
0.7645367766647289,0.027239165629292128,0.2082240577059791
0.7683929286667572,0.035526258155671446,0.1960808131775713
0.7481909343283694,0.06046054664823736,0.19134851902339328
0.7141833283597475,0.087947274113182,0.19786939752707056
0.6758973559103986,0.11103110726631787,0.21307153682328367
0.6573449205058126,0.11486958124300443,0.2277854982511831
0.6539391983210571,0.10783736085626205,0.23822344082268093
0.6675906566421421,0.08536623961577267,0.24704310374208538
0.693527490948065,0.06400618208635384,0.2424663269655811
0.7157773882278138,0.05337051372547329,0.23085209804671303
0.7265709802630019,0.05154111034351814,0.22188790939347988
0.7296813329290638,0.05837214519315685,0.2119465218777794
0.7049317925054894,0.08028651225160792,0.21478169524290275
0.6901695364879972,0.08621591373278648,0.2236145497792163
0.6879484584540707,0.08260675890905883,0.2294447826368704
0.6979215903630741,0.07130627172104306,0.23077213791588283
0.7103294377970701,0.0644619032910653,0.2252086589118646
0.714641205585832,0.06587915059868837,0.21947964381547955
0.7039414426081456,0.07550624032680593,0.22055231706504838
0.6994983017566758,0.07461934435677049,0.22588235388655362
0.705426018131318,0.06978492458056418,0.2247890572881178
0.7085469972309251,0.06952571441627672,0.22192728835279812
0.7049666428546576,0.0729891606234494,0.222044196521893
0.7029272480165494,0.07297416123263954,0.22409859075081104
0.7056534093624519,0.07089778429473603,0.22344880634281214
0.7058357659668288,0.07163324352576514,0.22253099050740607
0.7045165233919591,0.07248472773292094,0.2229987488751199
0.7043842615364526,0.07208102851323922,0.2235347099503082
0.7052813870209081,0.07178206333957035,0.22293654963952153
0.704822876018694,0.07189704022661211,0.22328008375469383
0.7049331947643144,0.0719402329243949,0.2231265723112908
0.7050044457917002,0.07185770511181085,0.2231378490964889
0.7049674347945605,0.07187192869552292,0.22316063650991652
0.7049627265305068,0.07187934465830925,0.223157928811184
0.704962262800426,0.07188099390913288,0.22315674329044113
0.7049618798888435,0.07188133767986246,0.22315678243129408
0.7049617844015701,0.07188138280051888,0.22315683279791096
0.7049618010309299,0.07188137411763053,0.2231568248514397
0.7049618436575251,0.07188135392543975,0.22315680241703514
0.7049617946423801,0.0718813771487972,0.22315682820882282
