0.65,0.05,0.3
0.6511017235967106,0.04942780506039969,0.2994704713428898
0.6555581446844583,0.04717853714621833,0.29726331816932333
0.6566318294086643,0.04665206542542101,0.2967161051659148
0.6649761245033937,0.042759683368228246,0.2922641921283781
0.7089561073499013,0.02755937561704174,0.2634845170330569
0.738884453702446,0.021892507115363485,0.23922303918219057
0.7588136746718113,0.020704233987252338,0.22048209134093646
0.7722942469350063,0.022971052870667637,0.2047347001943259
0.7765222926926508,0.030927920139492287,0.19254978716785692
0.7590248555482233,0.054086829228190345,0.18688831522358643
0.7278472668016999,0.0808545481775702,0.19129818502072987
0.6871623285671358,0.10904733635724434,0.20379033507561986
0.6496342892313467,0.1228631024557644,0.22750260831288896
0.6469282491917295,0.10833781607193396,0.2447339347363366
0.6666059091466894,0.08212984552166175,0.25126424533164887
0.6936634385417846,0.061482926209137666,0.24485363524907786
0.7160976648143506,0.05111622144247026,0.23278611374317926
0.7279713111371544,0.0487377700364637,0.2232909188263819
0.7344027355717254,0.05363032098574666,0.21196694344252795
0.718280472495787,0.07212787954608509,0.20959164795812787
0.6919538020091103,0.08785137863208167,0.22019481935880808
0.6850047515597701,0.08506190308516025,0.22993334535506957
0.6939373610172556,0.07354042895216437,0.2325222100305801
0.7088387295439293,0.06415210711572306,0.22700916334034754
0.7160941086214402,0.06365423686369028,0.22025165451486955
0.708258533634301,0.07327318704173275,0.21846827932396634
0.6993400121304786,0.07767692964758255,0.22298305822193887
0.6981116420691861,0.07594091702507047,0.22594744090574354
0.7046355637678093,0.0699237048914238,0.22544073134076692
0.7091025790306054,0.06892055645205546,0.2219768645173391
0.7058028443913839,0.07264530631972126,0.22155184928889496
0.7024792797562524,0.07340203720015967,0.22411868304358792
0.7055373525607553,0.07082913688085919,0.22363351055838543
0.7060755698437428,0.07148962079308119,0.22243480936317608
0.7046509537108815,0.07250092107225768,0.22284812521686082
0.704197250431616,0.07222170924231691,0.22358104032606707
0.7054785452582986,0.0715818159641554,0.2229396387775461
0.704644562655294,0.07210158688038648,0.22325385046431956
0.7051443266081187,0.07173893516598345,0.22311673822589786
0.7048537178049956,0.07195492395500888,0.2231913582399955
0.7050037512519183,0.0718683499699458,0.2231278987781359
0.7049766236151476,0.07186723600051931,0.22315614038433312
0.7049634711092674,0.07187834639489558,0.223158182495837
0.7049627748299803,0.07188061132074196,0.22315661384927782
0.7049619630311388,0.07188130047726986,0.22315673649159143
0.7049617455576612,0.0718814026788007,0.223156851763538
0.7049617702890135,0.07188138886350878,0.22315684084747772
0.7049618604216445,0.07188134584586413,0.22315679373249137
0.7049618480275963,0.07188135179498864,0.2231568001774151
