0.25,0.5,0.25
0.24890622777720217,0.5004507010200111,0.2506430712027867
0.24556088418784025,0.5017526473878244,0.25268646842433534
0.2445290153641105,0.5021286513464185,0.2533423332894711
0.23688595425467396,0.5044383498168757,0.25867569592845036
0.21517531978592191,0.49085264724334227,0.29397203297073593
0.24657227875243914,0.3935213488345012,0.3599063724130597
0.2886479249733483,0.3111718211983477,0.4001802538283041
0.3340898259812616,0.2364893005979368,0.42942087342080165
0.4103147514462446,0.1388637351186448,0.45082151343511057
0.49334504928898604,0.06944029125848901,0.437214659452525
0.5489365443283134,0.0408152087266985,0.410248246944988
0.5777608784475367,0.030353695687463402,0.3918854258649999
0.6158332660256264,0.02014480534812021,0.3640219286262534
0.6564937441350595,0.012802562138485438,0.3307036937264551
0.6888654209217586,0.008945509168380172,0.3021890699098611
0.716962464452403,0.0066944903566912625,0.2763430451909058
0.741109023680357,0.005438104050289898,0.2534528722693532
0.7630328227178433,0.004828372352232251,0.2321388049299245
0.7821911872400374,0.004852378797513766,0.21295643396244876
0.7985436974510419,0.0057779218464947945,0.19567838070246327
0.8102085009996042,0.008558552179095125,0.1812329468213008
0.8135789476668897,0.014627533809919525,0.17179351852319083
0.8061390415785181,0.027028120344374306,0.16683283807710764
0.7787766484210165,0.054008536403153146,0.1672148151758303
0.7372725030160395,0.08913305770668922,0.1735944392772712
0.6803299417727575,0.13214941226719656,0.18752064596004595
0.6229785567183257,0.16636889535097144,0.21065254793070287
0.5966548182011955,0.1716617734488398,0.2316834083499647
0.5904645867247257,0.15606992775868225,0.2534654855165921
0.6093832625227998,0.11825097924634738,0.2723657582308528
0.634662977907697,0.08921118074753,0.276125841344773
0.6620260030760386,0.06666769609482037,0.271306300829141
0.6953178977189534,0.047695687191725816,0.25698641508932085
0.7183088801440767,0.039181985459850036,0.2425091343960733
0.7390195383521864,0.03520922209242801,0.22577123955538558
0.7521154753359763,0.037585282503079104,0.21029924216094453
0.7508311641401872,0.048461604923216446,0.20070723093659643
0.7307878932871834,0.06928564482345062,0.19992646188936591
0.7130172423287241,0.08301633357643973,0.20396642409483623
0.679636338215647,0.10129696216246414,0.21906669962188896
0.6688864272129245,0.09887467662866554,0.23223889615840995
0.6756035301099478,0.08466759650954586,0.23972887338050636
0.6926057852059095,0.06906693511960882,0.2383272796744816
0.7095247757676745,0.059470114324924266,0.23100510990740136
0.7231591909240647,0.05723287366332391,0.21960793541261148
0.7184316187804185,0.06772669716136015,0.21384168405822132
0.701027428054601,0.08013192300569863,0.2188406489397004
0.6925447491030253,0.08017455490726086,0.2272806959897138
0.6978356496492798,0.07314919473350175,0.22901515561721836
0.7086476169267873,0.06651867757300384,0.22483370550020876
0.7118990807960865,0.0678552039199502,0.22024571528396336
0.7035609606539238,0.0748398169739454,0.2215992223721308
0.7012959998862142,0.07347596101583531,0.22522803909795058
0.7067298425882275,0.06980193776176326,0.22346821965000926
0.7065471080028943,0.07154264104671204,0.22191025095039357
0.7033804956858357,0.07295980163633181,0.22365970267783256
0.7054871027802893,0.07116304678269617,0.22334985043701458
0.7052971979282473,0.0719502055985656,0.22275259647318715
0.7045698579131328,0.07200546967316829,0.2234246724136989
0.7051568079340493,0.0718400839655108,0.22300310810043986
0.704968692932595,0.07182256320807684,0.2232087438593281
0.7049064501850062,0.0719169102708366,0.22317663954415728
0.7049619179823072,0.07188997573444847,0.22314810628324433
0.7049625002430303,0.07188287397035086,0.22315462578661885
0.7049615967030336,0.0718817654786962,0.22315663781827016
0.7049617806546641,0.07188139192614199,0.2231568274191939
0.7049618267819171,0.07188136173346069,0.22315681148462227
0.7049628674764755,0.07188084377706323,0.2231562887464613
0.7049618603905923,0.07188134602488501,0.22315679358452264
0.7049618235748288,0.0718813634578771,0.22315681296729406
