0.35,0.5,0.15
0.3464244269737698,0.5034820820496564,0.15009349097657393
0.33160338797455235,0.5180063634310772,0.15039024859437056
0.3280867044607824,0.5214751412874501,0.15043815425176746
0.30032509189801243,0.549192763372179,0.1504821447298087
0.16161301121695648,0.7004840703934611,0.13790291838958263
0.06623890356496852,0.8278054848834774,0.10595561155155399
0.020421165672846395,0.9099713721293528,0.0696074621978009
0.007814680492820959,0.9435571837962421,0.04862813571093702
0.0031034041623776085,0.9625756016189927,0.03432099421862972
0.0014395654866656334,0.9728992962031052,0.025661138310229144
0.0006286333525020556,0.980625706189,0.018745660458497904
0.00026972761200765494,0.9861296476340508,0.013600624753941606
0.00011425156265163194,0.9900667719380557,0.009818976499292649
0.0,0.9929361956895943,0.007063804310405739
0.0,0.994931778032259,0.005068221967741061
0.0,0.9963702921664052,0.003629707833594906
0.0,0.9972424978115446,0.0027575021884553913
0.0,0.9979065399409641,0.002093460059035798
0.0,0.9984114949588341,0.0015885050411659815
0.0,0.9987951263705136,0.0012048736294863922
0.0,0.9989507787893043,0.0010492212106957177
0.0,0.9992046570327192,0.0007953429672808494
0.0,0.99941792875321,0.0005820712467899766
0.0,0.9995740900235264,0.00042590997647370726
0.0,0.9996883975384118,0.00031160246158814343
0.0,0.9997720492348681,0.00022795076513193357
0.0,0.9998332561439612,0.00016674385603879919
0.0,0.9998780348761587,0.00012196512384140507
0.0,1.0,0.0
