0.15,0.65,0.2
0.14841122728809622,0.6519380080261472,0.1996507646857566
0.1420534424325556,0.6598077695868152,0.19813878798062917
0.1405043953810177,0.6617536741924697,0.19774193042651272
0.1283182967366198,0.6774730060261476,0.1942086972372326
0.056456234472184876,0.7902900849290498,0.15325368059876535
0.026840641725496075,0.8552153993178169,0.11794395895668695
0.008923594661446703,0.912721071313085,0.07835533402546838
0.004685598069109997,0.9338498434331596,0.061464558497730436
0.0016415785529152686,0.9570318202623928,0.041326601184691995
0.0006746311613582676,0.9698244939856208,0.02950087485302097
0.0002681731152442044,0.9789402173733944,0.020791609511361452
0.00010406438017167254,0.9853765983131207,0.014519337306707665
0.0,0.9899263511413864,0.010073648858613603
0.0,0.9924827367891489,0.007517263210851035
0.0,0.9940037481935833,0.005996251806416717
0.0,0.9955391662820555,0.004460833717944453
0.0,0.996712634651884,0.00328736534811603
0.0,0.9975798422926844,0.002420157707315627
0.0,0.9982196021474958,0.0017803978525041447
0.0,0.9986909605316777,0.0013090394683223164
0.0,0.9990379152990754,0.000962084700924668
0.0,0.9992931211323705,0.0007068788676295914
0.0,0.9994807435484687,0.0005192564515313466
0.0,0.9996186277196687,0.0003813722803314006
0.0,0.9997199309307342,0.00028006906926584846
0.0,0.9997943429725386,0.00020565702746148893
0.0,0.99984899395648,0.00015100604352000888
0.0,0.9998891272523737,0.00011087274762637236
0.0,1.0,0.0
