0.1,0.1,0.8
0.10281634143134269,0.09704983385374406,0.8001338247149133
0.12094060613610347,0.08057135042803963,0.798488043435857
0.12418193595434808,0.07801554920373056,0.7978025148419214
0.152259673253549,0.059598401254776286,0.7881419254916748
0.24197001521860056,0.026872228130618715,0.7311577566507808
0.3460126722897562,0.010874871034861885,0.6431124566753819
0.41636678494799695,0.005728102426406145,0.577905112625597
0.47590022941943294,0.003219305209842269,0.5208804653707249
0.5268291889198979,0.0019067213553394216,0.47126408972476264
0.570957893328913,0.0011812956729037715,0.42786081099818324
0.60887347025289,0.0007695599453049686,0.3903569698018051
0.6420808966641212,0.0005239893198861689,0.3573951140159926
0.6741859537752429,0.00036134722973292033,0.32545269899502416
0.702234173023441,0.0002643576511122316,0.2975014693254468
0.7280147558022629,0.00020403162740340858,0.2717812125703336
0.7509280316874842,0.00017006206366952252,0.24890190624884626
0.7722987376477733,0.0001552742650380406,0.22754598808718868
0.7914915810721861,0.0001615014264394528,0.2083469175013745
0.8088945719025897,0.00020153089999355755,0.19090389719741685
0.823199995485303,0.00031123343387117744,0.17648877108082578
0.8332577929163961,0.0005507912873340553,0.16619141579626984
0.8402812079785266,0.0010761376846318668,0.15864265433684144
0.8440322711680146,0.0019492063052579632,0.15401852252672754
0.8458837946378032,0.003661019528650486,0.15045518583354636
0.8450190246066013,0.007126356289557727,0.14785461910384104
0.8395110648526134,0.01408389856031181,0.14640503658707482
0.8256274892761764,0.027810500764348392,0.14656200995947533
0.7889229078339884,0.06071882192090032,0.15035827024511125
0.7656943872265303,0.08071525153702203,0.1535903612364476
0.7129174858522257,0.12459198487942716,0.1624905292683472
0.6284950998774229,0.18959516079287342,0.18190973932970372
0.5474721823535479,0.23929208443106,0.21323573321539216
0.517098280631836,0.244780517112646,0.23812120225551806
0.5106550123557192,0.21835220053295537,0.2709927871113254
0.5372037160470855,0.16226832875611802,0.3005279551967965
0.5765246018864348,0.11142086946945623,0.312054528644109
0.6241839144612498,0.06931740586324499,0.30649867967550526
0.6669038347884019,0.04450265099676662,0.2885935142148316
0.6970326758104394,0.03280863614714984,0.2701586880424108
0.7213520654888613,0.02637553160284656,0.25227240290829217
0.7455012194711739,0.022707550649073382,0.23179122987975273
0.7631310375017107,0.022757838263264933,0.21411112423502432
0.7730272444064622,0.027148815981527276,0.1998239396120106
0.7698320517627183,0.040113226140188515,0.1900547220970932
0.7626228947447733,0.048862279359004654,0.18851482589622193
0.745616400254596,0.06509851799025518,0.18928508175514877
0.7086046053264778,0.09394650756846257,0.19744888710505953
0.6684471515670244,0.11712579135904612,0.21442705707392948
0.6503188317534717,0.11900098749885483,0.23068018074767346
0.649052531466835,0.10885502096063772,0.2420924475725273
0.665646149910479,0.08457841928605499,0.24977543080346604
0.6922254970678616,0.06322904259299864,0.24454546033913976
0.7149429644012052,0.05225818013612138,0.23279885546267343
0.7328191203353296,0.05167357226794919,0.2155073073967212
0.7253923405037589,0.06526843615096753,0.2093392233452735
0.6990203673923748,0.08440136829322102,0.21657826431440425
0.6865341159663844,0.08707866736525574,0.22638721666835995
0.686520922634476,0.08291855708893853,0.23056052027658555
0.6915798074154795,0.0761716374162527,0.23224855516826776
0.706760548754661,0.0653401622024135,0.2278992890429256
0.7153705210217411,0.06373469562662523,0.2208947833516336
0.7086996013275578,0.07277202421067445,0.2185283744617677
0.6993673709561163,0.07740600229326997,0.22322662675061367
0.6988248319006021,0.0750671904316761,0.2261079776677218
0.7064285871807616,0.06913472954722477,0.2244366832720136
0.7088421372169433,0.06951863594413624,0.2216392268389204
0.7039687256034951,0.07359275449983492,0.22243851989666996
0.703304802355233,0.07238306903171972,0.22431212861304733
0.7063826015684975,0.070956685819769,0.22266071261173356
0.7042953448293515,0.07257774065015973,0.22312691452048872
0.7049782431308493,0.071611687705495,0.22341006916365566
0.7051879489125957,0.07188335186449427,0.22292869922291
0.7049009175562337,0.07182967018312165,0.22326941226064456
0.7049062353453314,0.07195554323082683,0.2231382214238418
0.7050143394752809,0.071844872178716,0.223140788346003
0.7049550060391653,0.07187734104150316,0.2231676529193315
0.7049587765645878,0.07188154738193644,0.22315967605347578
0.7049624407483418,0.07188068678489286,0.22315687246676535
0.7049619115881519,0.07188130894313186,0.22315677946871632
0.7049618277569112,0.07188136224521252,0.2231568099978762
0.7049618270026677,0.07188136182808655,0.22315681116924566
0.7049618265492045,0.07188136211401717,0.22315681133677842
0.7049618270190643,0.07188136181658959,0.2231568111643461
