0.25,0.1,0.65
0.25408591672486114,0.09684225366793096,0.6490718296072079
0.2778900657760707,0.08017953797144305,0.6419303962524863
0.2820520533484988,0.07754901181606674,0.6403989348354345
0.31543884107188624,0.0591011732180685,0.6254599857100454
0.404344302405763,0.02747643228931069,0.5681792653049262
0.47900977207890155,0.013600069248060023,0.5073901586730385
0.5189702338279363,0.009083156062658311,0.4719466101094055
0.5216980986451326,0.008829750438869768,0.4694721509159977
0.5424464016415806,0.007097793728226091,0.45045580463019325
0.5879106862732868,0.004317015701221985,0.4077722980254913
0.625343663068818,0.0028199162442271537,0.371836420686955
0.6452190324927333,0.0022412160532218174,0.3525397514540449
0.6467599935229499,0.002201592595808458,0.35103841388124163
0.6585110388647011,0.0019218691286383926,0.3395670920066605
0.6904829538984706,0.0013355703769133054,0.3081814757246161
0.7125506834368585,0.0010549978708820661,0.28639431869225956
0.7135587972245243,0.0010442354469618652,0.2853969673285139
0.7212785537362167,0.0009673434722030834,0.27775410279158025
0.7476546064838951,0.0007739822108427562,0.2515714113052621
0.753179603973274,0.0007469546385916739,0.24607344138813442
0.7539391873431944,0.0007436158095206711,0.245317196847285
0.7597600430173358,0.0007211339416543234,0.23951882304101
0.7799418614266972,0.0006922699704378387,0.21936586860286503
0.7805478020368957,0.0006928573105034077,0.218759340652601
0.7851889321001378,0.000701005214065516,0.2141100626857968
0.8055978314870857,0.0008575067685540514,0.1935446617443602
0.8216775229573801,0.0013771121394359942,0.17694536490318397
0.831619154755016,0.002627060235648566,0.16575378500933544
0.8356457184314025,0.0046749596956685525,0.15967932187292905
0.8358908007243532,0.008731939251684622,0.15537726002396218
0.8303477072570403,0.016793336395025598,0.15285895634793406
0.8149107352710532,0.03248978607473831,0.1525994786542086
0.7862433454968303,0.058385947617806064,0.1553707068853637
0.7855198326337129,0.059018318406272294,0.15546184896001478
0.7794697076545494,0.06427817569710628,0.15625211664834446
0.7142532955488035,0.11846647242725777,0.16728023202393877
0.6281408824207031,0.18246137621460648,0.1893977413646904
0.556493648772217,0.21882539025771966,0.2246809609700634
0.5382097447560217,0.20640104564265752,0.25538920960132083
0.5534483868382585,0.16201821811909756,0.2845333950426441
0.593800940922049,0.10715289821625373,0.2990461608616973
0.6405426139358417,0.06644780613727894,0.2930095799268794
0.6809696216505444,0.04377993487371528,0.27525044347574035
0.700445014684566,0.03617835658544178,0.26337662872999235
0.7254224896047793,0.02928865379770263,0.24528885659751803
0.7306516008410839,0.028268841813287662,0.2410795573456284
0.7312340106334375,0.02816526695419579,0.24060072241236669
0.7356913265421953,0.027443479542795586,0.2368651939150091
0.7567126252273068,0.02642335811373971,0.21686401665895352
0.7671949483596501,0.03184805849736613,0.20095699314298388
0.7604955089583201,0.04702393884687946,0.19248055219480037
0.7371018427136826,0.06964137831190449,0.1932567789744129
0.7106167988818334,0.08995545667405302,0.19942774444411357
0.6713362390303492,0.1120847129230367,0.21657904804661413
0.6640244783269699,0.11393478484193424,0.22204073683109588
0.6636070516990549,0.11398403380574496,0.2224089144952002
0.6606121450353662,0.114037324773211,0.2253505301914227
0.6569331503022591,0.10166649419798984,0.24140035549975108
0.6756751940716514,0.07785860919595042,0.246466196732398
0.7005609606199986,0.06022716018624713,0.23921187919375425
0.7196802609637899,0.05259542018159108,0.227724318854619
0.7279494244975139,0.05220840928645109,0.219842166216035
0.7293317382120674,0.05840755326179309,0.21226070852613954
0.7292547578129079,0.05855011154528249,0.21219513064180962
0.7285433516229737,0.059733215017103616,0.2117234333599228
0.7176476473075708,0.07104871005196757,0.21130364264046164
0.6941140748734429,0.08530071265318868,0.22058521247336838
0.6894359594771565,0.08013570043788187,0.23042834008496166
0.69800000897293,0.0713699382016253,0.23063005282544463
0.698166572141954,0.07124253857108494,0.2305908892869612
0.6995056346776535,0.07025503638784676,0.23023932893449972
0.7092408922389899,0.06492894541210766,0.22583016234890257
0.7144280383444236,0.0660620420944428,0.2195099195611336
0.7039260763489026,0.07545143644596784,0.22062248720512953
0.6995971713345484,0.0745815608988873,0.22582126776656442
0.7067505517240401,0.06925513627285813,0.22399431200310177
0.7081487829363499,0.07026643837411059,0.22158477868953963
0.7032777336321644,0.07362426874368884,0.2230979976241468
0.7037468519451939,0.07208801969960894,0.2241651283551972
0.7061979065136742,0.07114468791116578,0.22265740557516012
0.704317395755978,0.07250348629783544,0.2231791179461866
0.7050168825904214,0.07161943180969012,0.22336368559988853
0.7051443376924633,0.07189818730162006,0.22295747500591676
0.7049252185579663,0.07182376743156967,0.2232510140104641
0.7048947088404582,0.07195095919410079,0.223154331965441
0.7050045670958753,0.07185912022200819,0.2231363126821164
0.7049625135873072,0.0718735079125049,0.22316397850018782
0.7049634205976267,0.07187302255175367,0.22316355685061962
0.7049698611406842,0.0718702195085938,0.223159919350722
0.7049575047242526,0.0718877483601181,0.2231547469156293
0.7049623700646844,0.0718824870814811,0.22315514285383456
0.7049659813014798,0.07187955604646487,0.22315446265205535
0.7049630593392774,0.07188057032301816,0.22315637033770452
0.7049630417623306,0.07188062449095498,0.22315633374671437
0.7049626209874362,0.07188116181823852,0.22315621719432524
0.7049621243463656,0.0718810563823872,0.22315681927124728
0.7049610123134191,0.07188195321553262,0.22315703447104823
0.7049613031866319,0.07188177119459271,0.22315692561877543
0.7049622181920516,0.07188118486185652,0.2231565969460919
0.7049618267791767,0.07188136234238121,0.22315681087844205
0.7049618348956039,0.07188135801735526,0.22315680708704078
