0.4,0.1,0.5
0.40333013824349023,0.09734653040008592,0.49932333135642387
0.4209626411218542,0.08419342878936155,0.49484393008878425
0.42421205412991647,0.08192927676056244,0.4938586691095211
0.4496307286639429,0.06583112078498182,0.4845381505510753
0.5285475205116107,0.0313347297891606,0.4401177496992287
0.5852582941138804,0.01732001242184146,0.3974216934642781
0.6292229046292239,0.010628341185178808,0.36014875418559733
0.6652967323165542,0.0070566967350254375,0.3276465709484204
0.6954582420023261,0.005048612657262513,0.29949314534041144
0.7225733247605206,0.0038314890177177426,0.2735951862217616
0.7464597266049133,0.0031476001716526326,0.2503926732234341
0.7584767232628381,0.002937862213769877,0.23858541452339202
0.7801219546275415,0.002841746928868185,0.21703629844359026
0.7977886804546752,0.0032429767802987157,0.19896834276502604
0.8117131066506179,0.004512830840878858,0.18377406250850326
0.8199898590136018,0.007487338196770006,0.17252280278962825
0.8209738452632924,0.013756141966538914,0.16527001277016856
0.8115869718106901,0.02671305762877353,0.16169997056053645
0.7814903550052015,0.055425507682624504,0.163084137312174
0.7358792760311281,0.09389510822619725,0.17022561574267459
0.687958390777885,0.13095916260467677,0.18108244661743828
0.6217824683494798,0.17419276892507313,0.20402476272544706
0.5841035540400872,0.1865951464369079,0.22930129952300501
0.5747193272690087,0.16815760725893644,0.2571230654720549
0.5953064662923693,0.12643503233750014,0.27825850137013064
0.6197761529008347,0.0969384875721256,0.28328535952703987
0.6493024898068224,0.07098639069791851,0.27971111949525906
0.6854319574542278,0.04896739291929279,0.2656006496264794
0.7076574509423346,0.03975015279381991,0.25259239626384566
0.7354677279918059,0.03277921556507531,0.23175305644311872
0.7526272119579965,0.03281515673521263,0.2145576313067909
0.7582110385705019,0.03931084628500339,0.20247811514449482
0.7427036975213649,0.0606081149599678,0.19668818751866737
0.7041677729853154,0.09072525834969111,0.2051069686649934
0.6734592704090286,0.10564233984263796,0.22089838974833348
0.6645103344451264,0.10168006985627433,0.23380959569859927
0.6730267930680525,0.08512903766253406,0.2418441692694134
0.6819172928256059,0.07608751204338464,0.2419951951310096
0.6988020203368883,0.06377500073368392,0.23742297892942776
0.7175007926321276,0.055691200366826024,0.2268080070010464
0.7250977044320597,0.05579463510559152,0.2191076604623489
0.7190018172763926,0.06810548155442128,0.2128927011691862
0.6963344194473013,0.08277755569714951,0.22088802485554926
0.6915683868288177,0.07985128981063801,0.2285803233605443
0.7007218157778439,0.07038097770655871,0.22889720651559745
0.7106007503715808,0.06555332653194094,0.22384592309647833
0.7121316402734124,0.06829042951812737,0.2195779302084603
0.7041557224562758,0.07479952428720706,0.22104475325651712
0.7001410820580138,0.07482421791714991,0.22503470002483633
0.704773138549297,0.07049123578315013,0.22473562566755295
0.7078719141082548,0.06991543675088009,0.22221264914086514
0.7048242708106689,0.07285492727671583,0.22232080191261536
0.7034688897394277,0.07255400930047434,0.2239771009600979
0.7059121574180937,0.07103595995265663,0.2230518826292497
0.7049723911159643,0.07219730220354163,0.22283030668049414
0.7046504602384017,0.07190394557983881,0.2234455941817594
0.7053151315086721,0.07158367314108408,0.2231011953502438
0.7049384203054112,0.07200901874884497,0.22305256094574394
0.7049760308028421,0.07180651228603863,0.22321745691111938
0.7049003588602126,0.071941036756601,0.2231586043831864
0.704995699664288,0.0718657844013203,0.22313851593439174
0.7049708294481455,0.07187200425111039,0.2231571663007442
0.7049633098287568,0.07187940495501652,0.22315728521622677
0.7049619992398337,0.07188120761785927,0.22315679314230713
0.7049618002645971,0.07188137684666572,0.2231568228887372
0.7049618205548474,0.07188136489679066,0.22315681454836198
0.7049618297581254,0.07188136052528679,0.22315680971658783
0.7049619722330748,0.07188129413707833,0.22315673362984703
0.7049618297008537,0.07188136059249278,0.22315680970665347
