0.6,0.2,0.2
0.5985553723828319,0.2008315833959149,0.20061304422125326
0.5939156317153145,0.2034389441106042,0.20264542417408143
0.5925043743746446,0.2042115511121644,0.203284074513191
0.5816740663572193,0.20976773137100163,0.20855820227177913
0.5424420526195141,0.21573517725818583,0.24182277012230016
0.5422276964145751,0.1869130823360788,0.270859221249346
0.5692739383023598,0.1375037923304082,0.29322226936723195
0.5987655396203395,0.10211974055023948,0.2991147198294211
0.6309938911243544,0.07348616111981512,0.2955199477558305
0.6724544865619824,0.04783164447971635,0.27971386895830136
0.6977925644966938,0.03716659112222906,0.26504084438107706
0.727288273489377,0.028963536053822896,0.24374819045680016
0.7498077335918965,0.02623462954313146,0.22395763686497205
0.7636528493165237,0.0282886846074148,0.20805846607606146
0.7666838145363245,0.03709482010107485,0.1962213653626007
0.750549692230946,0.05753882236281196,0.1919114854062421
0.714383490003332,0.08724283549025098,0.19837367450641705
0.6732690930545476,0.11130980801876005,0.21542109892669234
0.6568061792594929,0.11237189907300374,0.23082192166750332
0.6566173255914461,0.10265019368686232,0.24073248072169162
0.6744585679642044,0.0791456530960494,0.24639577893974618
0.6993137642982712,0.061011374978796065,0.23967486072293284
0.718829651356432,0.05289892134094051,0.22827142730262756
0.7274183985725085,0.05223448321994289,0.22034711820754865
0.7269217388897645,0.06182733185587605,0.21125092925435934
0.6977810549300701,0.0838444042172531,0.21837454085267682
0.6881491107147992,0.08398024007735658,0.22787064920784417
0.6903639942068746,0.07889409430972279,0.2307419114834027
0.6979756336696024,0.07143183415130568,0.23059253217909192
0.7080494129280054,0.06542316714126895,0.22652741993072575
0.714479552486234,0.06520250042000784,0.22031794709375818
0.7061532493993994,0.07413868031768715,0.21970807028291336
0.6990450797694076,0.07577919080292729,0.22517572942766517
0.7029953210060447,0.07133542685560423,0.2256692521383511
0.7081762254379851,0.06908896188893891,0.22273481267307602
0.7063125950433194,0.0720659497092126,0.22162145524746804
0.7028450947831542,0.07326015045385094,0.22389475476299492
0.7054958501353792,0.07097619917578814,0.22352795068883274
0.7057530266285009,0.07169397957263078,0.22255299379886825
0.7043454721287034,0.07214553612375929,0.22350899174753736
0.7053843304248322,0.07164100643473204,0.22297466314043576
0.704700575559547,0.07205919021221474,0.22324023422823824
0.7051145685003021,0.07177184931473364,0.22311358218496424
0.7048755493297926,0.07193355493624017,0.22319089573396717
0.7049866213773266,0.07187907793539061,0.22313430068728288
0.7049747614062166,0.07187271403813576,0.2231525245556476
0.7049642270854337,0.07187912581403497,0.22315664710053124
0.7049608388756075,0.07188184320421552,0.2231573179201771
0.7049607616421846,0.07188188658982499,0.22315735176799048
0.7049630646835473,0.07188073672145161,0.2231561985950011
0.7049636255953673,0.07188048271241503,0.22315589169221783
0.7049605257259122,0.0718819997514061,0.2231574745226818
0.7049615384269768,0.07188150230998916,0.22315695926303414
0.7049633267401884,0.0718806297518773,0.22315604350793436
0.704963091441871,0.07188074479616545,0.22315616376196362
0.7049630358299984,0.07188081751559303,0.2231561466544086
0.7049624018818228,0.07188141854899353,0.22315617956918374
0.7049622108026872,0.07188099776009502,0.22315679143721773
0.7049617368728381,0.07188150019441066,0.22315676293275125
0.7049605900025853,0.07188213097268831,0.22315727902472643
0.7049630618941743,0.07188079399761828,0.2231561441082074
0.7049618264127007,0.07188136328532833,0.223156810301971
0.7049618270056863,0.07188136182321937,0.22315681117109434
0.7049618260660092,0.0718813623739369,0.22315681156005393
