0.2,0.25,0.55
0.20310505946487747,0.24506748245850762,0.5518274580766149
0.21995776257379673,0.21954162089762191,0.5605006165285813
0.22330459381420356,0.21471835457344252,0.5619770516123539
0.2515586115712575,0.1771283335616553,0.5713130548670873
0.32444914315524753,0.10355126857559713,0.5719995882691553
0.403519143824281,0.054126951972531,0.5423539042031881
0.4736409766353472,0.02859372755911847,0.49776529580553436
0.5412529439952513,0.014523172656231128,0.4442238833485176
0.5839062311350393,0.009173299160926584,0.4069204697040341
0.6205918438126641,0.006074303557525909,0.37333385262980995
0.6527894195200853,0.004198185772987998,0.34301239470692674
0.6827980216804042,0.002982990903298967,0.3142189874162969
0.7101018020721107,0.002221056901992298,0.2876771410258971
0.7343213320377823,0.0017656996476057326,0.26391296831461203
0.7465202429491639,0.0016064831580923711,0.25187327389274383
0.7694914012106372,0.0014392563206920318,0.22906934246867075
0.7889465833021394,0.0014823982877633175,0.20957101841009732
0.8062825532981827,0.0018377960848748834,0.19187965061694243
0.8194323376629952,0.002792285964126475,0.17777537637287835
0.8272297135560939,0.004831769766853589,0.16793851667705254
0.8296250894656944,0.009139580653703691,0.16123532988060202
0.82441049871962,0.01824863304428001,0.15734086823609997
0.8062177105926421,0.03700272879149021,0.1567795606158676
0.7918591152686014,0.0501579779886542,0.15798290674274434
0.7384687641046543,0.09561468412101146,0.16591655177433415
0.6786215690335595,0.14235257543958926,0.17902585552685127
0.6075367745926348,0.18936677279706174,0.20309645261030349
0.5681912229175758,0.20349269341089657,0.22831608367152756
0.5557897017548575,0.18603999007211725,0.2581703081730253
0.5757056246632005,0.14101933211932102,0.28327504321747854
0.6217628638674678,0.08712227043436202,0.29111486569817013
0.6403393903896208,0.07182916779531343,0.2878314418150657
0.6801907392714971,0.04759649467740555,0.2722127660510974
0.716424171571675,0.033978876480631616,0.24959695194769344
0.740827038295325,0.02923678105519502,0.22993618064947993
0.75685731175071,0.02968473603993173,0.2134579522093582
0.7631644339712547,0.03647646660048948,0.20035909942825592
0.7489920943110263,0.056948269168022855,0.1940596365209508
0.7111991145662173,0.08788705337060414,0.20091383206317864
0.6799987678896878,0.106266989316335,0.2137342427939772
0.6624076627938374,0.10965111616786344,0.22794122103829914
0.661144961521061,0.0990387466677525,0.23981629181118663
0.6785324963235814,0.07717183950439882,0.24429566417201987
0.7018281300727199,0.060773125733893055,0.23739874419338708
0.7195078486767817,0.05390059842963628,0.22659155289358196
0.7269357855582131,0.05406417465280303,0.21900003978898386
0.7224062741138645,0.06580661894405451,0.2117871069420811
0.6975986735358362,0.08320108785722044,0.2192002386069435
0.6895168527333455,0.08267210817920573,0.22781103908744887
0.693333483544543,0.07618330483627728,0.2304832116191796
0.7056018088316446,0.06695188122520071,0.22744630994315482
0.7133093217910613,0.06504793466431673,0.22164274354462207
0.7095348807605544,0.07141091669023951,0.21905420254920613
0.7030281782410879,0.07562390409768409,0.22134791766122816
0.6995011110025535,0.07586870817072076,0.22463018082672565
0.7028572293065701,0.07159326227251814,0.22554950842091176
0.7079387664184523,0.06930465998098784,0.2227565736005599
0.7064171488624085,0.07188975897774225,0.2216930921598493
0.7030083134684265,0.07316558842851081,0.22382609810306267
0.7055149369755964,0.07102435452162537,0.22346070850277816
0.7055907775264583,0.07179718183953376,0.22261204063400802
0.7044441805088719,0.07206889965034521,0.2234869198407828
0.7053127799936563,0.07171682605866408,0.2229703939476797
0.7047537515475278,0.0719813917666174,0.22326485668585466
0.7050574547249112,0.07185115924707565,0.22309138602801312
0.7049702049874811,0.0718541315017655,0.22317566351075335
0.7049462151246921,0.07188697220546317,0.22316681266984476
0.7049559987671051,0.07188509466313861,0.22315890656975626
0.7049602601395418,0.07188228527632473,0.22315745458413352
0.7049614732287773,0.07188150736516385,0.22315701940605887
0.7049617169539997,0.07188140839434082,0.22315687465165956
0.7049626376898559,0.0718809846041197,0.22315637770602437
0.7049628509912641,0.07188089586329034,0.22315625314544552
0.7049606937256637,0.0718818818211336,0.22315742445320275
0.7049602114988852,0.07188209993246433,0.2231576885686505
0.70496159251662,0.07188146912945574,0.22315693835392428
