0.65,0.25,0.1
0.6461246110312392,0.253672936185947,0.10020245278281396
0.6282814344155134,0.27060558575800975,0.10111297982647681
0.6242255492467745,0.2744596396813654,0.10131481107186018
0.5907676132280348,0.3063317574829662,0.10290062928899892
0.3746734168559487,0.5175786995771886,0.10774788356686278
0.218002563383752,0.6818096603806579,0.10018777623558996
0.10152850475574365,0.8173134394673675,0.08115805577688898
0.03811865055460041,0.9039328325664563,0.05794851687894328
0.02203209788053393,0.930538476723342,0.04742942539612403
0.008274548895341812,0.9588166625406819,0.032908788563976304
0.0029408887791113805,0.9747847734927676,0.022274337728121058
0.0012582986991362523,0.9825897715091717,0.01615192979169207
0.0005296588866174768,0.9878346323880551,0.011635708725327465
0.0002203621680077243,0.9914357418616815,0.008343895970310808
0.0,0.9940354237648265,0.005964576235173594
0.0,0.9957466406115513,0.0042533593884488035
0.0,0.9967836330916404,0.0032163669083595764
0.0,0.997440721922315,0.002559278077684921
0.0,0.9980896584223429,0.001910341577657133
0.0,0.998587205374214,0.0014127946257860367
0.0,0.9989560385708606,0.0010439614291393898
0.0,0.9992288214367087,0.0007711785632912901
0.0,0.9994304581387001,0.0005695418612998891
0.0,0.9995794452105023,0.00042055478949760766
0.0,0.9996894975654989,0.0003105024345011027
0.0,0.9997707722594775,0.0002292277405225791
0.0,0.9998307847095054,0.00016921529049464056
0.0,0.9998750920504507,0.000124907949549301
0.0,1.0,0.0
