0.7,0.25,0.05
0.6950705390312387,0.2548569729246933,0.050072488044067914
0.6702183900397286,0.279374008174786,0.05040760178548537
0.6649266737013163,0.28460088586943544,0.05047244042924822
0.6206616536454473,0.32841393662148943,0.05092440973306329
0.41096425114806434,0.5385288252268834,0.0505069236250523
0.20905259840483253,0.7469445563704326,0.04400284522473503
0.10482794831417333,0.8594979704915557,0.035674081194270846
0.043729327620730896,0.9299560753075149,0.02631459707175425
0.02848116869556592,0.9490106653848911,0.02250816591954303
0.013860896044198073,0.9689094507167263,0.017229653239075684
0.005675194337814195,0.982006244953109,0.012318560709076895
0.0022825465531640878,0.988986276076328,0.008731177370507954
0.0009076732369934669,0.9929352085725839,0.006157118190422556
0.0003582611013665393,0.9953134380267602,0.004328300871873412
0.00014069790966592832,0.996822787269825,0.003036514820508977
0.0,0.99774208957079,0.0022579104292100366
0.0,0.9983223549188427,0.001677645081157289
0.0,0.9987540918217919,0.0012459081782081854
0.0,0.9990750525049635,0.0009249474950364807
0.0,0.9993135123860423,0.0006864876139577033
0.0,0.9994905958758099,0.0005094041241900648
0.0,0.9996220551887054,0.00037794481129461386
0.0,0.9997196200739683,0.0002803799260316611
0.0,0.9997810908213397,0.00021890917866039498
0.0,0.9998065738667008,0.00019342613329918198
0.0,0.9998529431408861,0.0001470568591138709
0.0,0.9998922512686486,0.00010774873135145014
0.0,1.0,0.0
