0.5,0.3,0.2
0.49802240517345897,0.30125043378343813,0.2007271610431029
0.49131538796575974,0.3054103232094135,0.2032742888248267
0.4893975521787745,0.3065751987223819,0.2040272490988435
0.4747158002577374,0.3150641550469047,0.21022004469535788
0.41401274511313707,0.31291774170924397,0.27306951317761907
0.4304886720467118,0.2590733133958962,0.31043801455739206
0.4514540709897571,0.21909148002334972,0.3294544489868932
0.5124562280031654,0.13378499825004816,0.3537587737467864
0.546647800003956,0.09885574914824742,0.35449645084779663
0.5900748542405925,0.06520358381105051,0.344721561948357
0.640939383450574,0.03850970840049753,0.32055090814892856
0.690726734422261,0.022719724833039703,0.28655354074469935
0.7182982741000005,0.01738369970204229,0.26431802619795736
0.742903710374999,0.014408775389285654,0.24268751423571533
0.7644712186721169,0.01341981501482857,0.22210896631305455
0.7805121952252179,0.014655088087132834,0.20483271668764932
0.7867013017726452,0.016635329263767925,0.196663368963587
0.7901478847977782,0.025806398632582356,0.18404571656963953
0.7712818551817423,0.04947542570040915,0.17924271911784856
0.7399846065887704,0.07695597517991525,0.1830594182313143
0.6959265268348962,0.10991823393024108,0.19415523923486264
0.6459496734301231,0.1371894683025928,0.21686085826728407
0.6277704949844942,0.13473431037100056,0.23749519464450536
0.6304854345687007,0.11817599596286008,0.2513385694684393
0.6552601221290306,0.08531288693799675,0.2594269909329726
0.6874390930314828,0.06044809862576441,0.2521128083427528
0.7142123658891074,0.04774690991359902,0.23804072419729363
0.7292687113040996,0.04399026428830823,0.22674102440759217
0.740278420633718,0.04553637539954176,0.21418520396674018
0.7370434576163561,0.05713605260259823,0.2058204897810456
0.7051778070349328,0.08382387061842848,0.21099832234663868
0.6829335433336373,0.09316979406726256,0.22389666259910007
0.6799763223156454,0.08756880715054954,0.232454870533805
0.6916137665259272,0.07344875701901228,0.23493747645506063
0.7079716702535784,0.06299064048048192,0.2290376892659396
0.7183357828800265,0.06110271763288742,0.2205614994870861
0.7113553333601594,0.0718875250542766,0.21675714158556397
0.6993037208429081,0.07891405671534686,0.22178222244174509
0.6960595189594143,0.07783231438079262,0.22610816665979303
0.700666401847638,0.07209757933004952,0.22723601882231245
0.7089119357140975,0.06768952096495298,0.2233985433209495
0.709111387448734,0.07020968690043414,0.22067892565083191
0.7031223968934281,0.0743379971464296,0.2225396059601422
0.702027105138226,0.07342405632967045,0.2245488385321036
0.7061973515222861,0.07038638969503173,0.22341625878268212
0.7059030291124433,0.07181311261469665,0.22228385827286004
0.7039050312410582,0.07244936231677145,0.22364560644217032
0.7055927449020377,0.07134458200123157,0.22306267309673067
0.7048059645458175,0.07216414551524522,0.22302988993893746
0.7049082740237425,0.07179074404390147,0.22330098193235604
0.7049469229856823,0.07195994431001744,0.22309313270430034
0.7050233627585331,0.07181867290022036,0.22315796434124666
0.7049237685034566,0.07190090475955115,0.22317532673699234
0.7049559517211407,0.07189017916127569,0.22315386911758367
0.704961020212998,0.07188323379933861,0.2231557459876634
0.7049602068574651,0.07188236834036027,0.2231574248021747
0.7049612443295196,0.07188163492944681,0.2231571207410336
0.7049652365349741,0.07187965596083908,0.22315510750418682
0.7049625329072288,0.07188102029659459,0.2231564467961767
0.7049612478149712,0.0718816473428729,0.22315710484215587
0.7049614212251925,0.07188156115097656,0.22315701762383094
0.7049621647344396,0.07188119583963655,0.2231566394259238
0.7049620730075463,0.07188124097757449,0.22315668601487912
