0.2,0.35,0.45
0.2022458713632518,0.345749682120373,0.4520044465163752
0.2131677518055157,0.325535812857095,0.46129643533738934
0.21562995397012186,0.3210820737598746,0.46328797227000357
0.23700963586386722,0.283979685156363,0.4790106789797698
0.32270414311486384,0.16310630387641123,0.5141895530087249
0.3871177926592704,0.10041800240419167,0.5124642049365379
0.44922625266966343,0.05946757023947896,0.49130617709085755
0.5201105065523706,0.03049414359947823,0.44939534984815116
0.584036100153297,0.015648437265952705,0.4003154625807503
0.6231574366344635,0.010131775455293765,0.36671078791024264
0.6576851578629648,0.006840951859376747,0.3354738902776585
0.6880751679790702,0.004861326927020619,0.3070635050939093
0.7164215319940813,0.0036095010533920314,0.2799689669525267
0.7414737722555712,0.0028942599411860134,0.2556319678032429
0.7541636313087875,0.0026626030601050936,0.24317376563110749
0.7762718006807143,0.0025013386678677803,0.221226860651418
0.7946200779740238,0.0027462377274425466,0.2026336842985337
0.809629516260121,0.003650860992520548,0.18671962274735845
0.8197199094991883,0.005882849998508178,0.17439724050230362
0.8231869965287503,0.010633194114647068,0.16617980935660273
0.8179402058406727,0.020582263174215094,0.16147753098511225
0.7982090658811644,0.041026109842878425,0.16076482427595723
0.7663415073598554,0.0693454451304181,0.1643130475097265
0.7324986192108472,0.09737708345089702,0.1701242973382557
0.6698169107011073,0.14494094542249553,0.18524214387639718
0.6050454233126101,0.18388858193206828,0.21106599475532162
0.5756744586496769,0.18827854915468653,0.23604699219563655
0.5711824267922931,0.17127511393715933,0.2575424592705475
0.591375537231528,0.1294750555191179,0.27914940724935405
0.6257506285154225,0.08951597788108574,0.28473339360349187
0.6621872893102547,0.06110824045303848,0.2767044702367067
0.6977225590890055,0.042827215567392454,0.259450225343602
0.7331329152116256,0.03256934080615128,0.23429774398222317
0.7491180418317269,0.031509372534824436,0.21937258563344875
0.7587333989379542,0.03579802619633834,0.2054685748657075
0.7521238493104624,0.05126290786192536,0.1966132428276123
0.7255194368841065,0.07577356121479582,0.19870700190109775
0.7015242770906762,0.09278745001314942,0.20568827289617445
0.6741000600775073,0.10612924990854344,0.2197706900139493
0.6635986673675618,0.10138386084776538,0.2350174717846729
0.6741729758340413,0.08330050806168325,0.24252651610427547
0.6979779986210358,0.06400723740632977,0.23801476397263444
0.7143408639938846,0.05631941660347186,0.22933971940264358
0.7265560046237384,0.057529577863691575,0.2159144175125701
0.7162598902689112,0.07072686245819695,0.2130132472728919
0.6946352208607571,0.08340958571761879,0.22195519342162412
0.6915805102154513,0.0794248225985021,0.22899466718604672
0.7011276215371056,0.07000190564676086,0.22887047281613346
0.7112121979782732,0.0653603497390977,0.22342745228262917
0.711774418118837,0.06888061039556995,0.21934497148559307
0.7016156116737207,0.07587996933380714,0.2225044189924722
0.7005458712085624,0.07401751315101684,0.22543661564042086
0.7062380592029165,0.06974931085380844,0.22401262994327514
0.7075282647543056,0.07068565735067546,0.22178607789501903
0.7034234779890843,0.07334963407652509,0.22322688793439066
0.7042246649938033,0.07182069606627604,0.22395463893992068
0.7059405957061301,0.07137367227132267,0.22268573202254727
0.7043401686785161,0.07237441738799556,0.22328541393348836
0.705188933493162,0.07158654128790694,0.22322452521893094
0.7049238727945614,0.07201661171013143,0.22305951549530728
0.7050081892789395,0.07179158237333842,0.22320022834772218
0.7048994370368298,0.07194147009797022,0.22315909286519992
0.7049950476673377,0.07186669310872541,0.22313825922393687
0.7049710513125332,0.07187216631661847,0.22315678237084832
0.7049635746415855,0.07187929553541535,0.22315712982299907
0.7049624697959368,0.0718809671737763,0.22315656303028691
0.704961942945363,0.07188131562088058,0.2231567414337565
0.7049617584225295,0.07188139776720431,0.22315684381026624
0.7049617198532059,0.07188141478965027,0.22315686535714382
0.7049618911865068,0.07188132976892367,0.22315677904456957
0.704961848276081,0.07188135124423246,0.2231568004796866
