0.30000000000000004,0.35000000000000003,0.35000000000000003
0.30144136693142703,0.3469828115869249,0.35157582148164807
0.3075882812635164,0.33445008007505495,0.35796163866142866
0.30919451031893264,0.33125588763531927,0.3595496020457481
0.32345531219236523,0.3041097265611757,0.37243496124645903
0.39773981214600024,0.18768758709850414,0.4145726007554957
0.4565751578598203,0.12010960636984146,0.4233152357703382
0.517312023643811,0.07088068573897702,0.411807290617212
0.5769176364211097,0.039551037437785146,0.3835313261411052
0.6242675248707132,0.02388406475957657,0.35184841036971026
0.6613486506714075,0.015852043250797327,0.3227993060777952
0.6917572172226493,0.011372908019860734,0.29686987475749
0.7191258108013239,0.008626480043386012,0.2722477091552902
0.7435040035019352,0.007058252839461975,0.24943774365860283
0.7655883693414698,0.006372445365971676,0.2280391852925586
0.7766867219223911,0.00638366013714359,0.2169296179404653
0.7944134179436232,0.0074385907048277,0.19814799135154917
0.8057289359313237,0.010681325868199943,0.18358973820047644
0.808004267084035,0.018002840723602243,0.17399289219236264
0.7969920232863222,0.033595917076025286,0.16941205963765255
0.7852573967167256,0.04540271711996928,0.16933988616330523
0.7405038683366345,0.08418191651498613,0.17531421514837942
0.691652750832987,0.12143165097727435,0.18691559818973857
0.6344228114962245,0.15656089833336967,0.20901629017040588
0.6082898452457122,0.16358615012586128,0.22812400462842664
0.5994929967045265,0.15235180191059888,0.24815520138487462
0.613865603868305,0.11902158763350255,0.26711280849819236
0.6390335771853254,0.08908820597787137,0.2718782168368032
0.6672428999441943,0.06584754134038769,0.26690955871541816
0.6990432965241493,0.04802242713221552,0.2529342763436352
0.7209443096633708,0.040179122208904114,0.23887656812772515
0.7400410475445968,0.037105093487116325,0.22285385896828686
0.7504029434478557,0.04105432389558748,0.20854273265655682
0.7438981729888531,0.05525179706959692,0.2008500299415501
0.7185359379417937,0.07792568971085194,0.20353837234735442
0.6948059058048781,0.09336637954247369,0.2118277146526482
0.6835785226635829,0.09846453631379368,0.2179569410226234
0.6729180659648767,0.09915384270036166,0.2279280913347617
0.674543593880896,0.08809111193634507,0.237365294182759
0.6887988959761863,0.0728545185311893,0.2383465854926245
0.7054702169076126,0.062017495531698705,0.2325122875606888
0.7191605609111094,0.057609268793618884,0.2232301702952718
0.7228764955071219,0.0601318143659412,0.21699169012693706
0.70680836260911,0.07645367591710825,0.21673796147378183
0.6950294655628823,0.08142288495888136,0.2235476494782364
0.693561462046622,0.08074931969024247,0.22568921826313557
0.6976633585746277,0.07366896147287905,0.2286676799524932
0.70903550425604,0.06669301626280412,0.22427147948115583
0.7109025237815569,0.06898797584687061,0.22010950037157262
0.7037493454358715,0.07459420214452399,0.22165645241960458
0.7010610763032151,0.07405592662639404,0.22488299707039092
0.7056354168317662,0.07028493477061007,0.2240796483976238
0.7071907492838729,0.07073569559893558,0.22207355511719157
0.703604397046149,0.07306539924983937,0.2233302037040117
0.7046334081642431,0.07163265413073783,0.2237339377050191
0.7056978151142924,0.07155562737548898,0.22274655751021868
0.704468689148171,0.0721581583890054,0.22337315246282366
0.7052675033355073,0.07167678287780839,0.22305571378668437
0.7047823278263452,0.07200963306814835,0.22320803910550652
0.7050639378583448,0.07181825014383482,0.22311781199782044
0.7049281629264292,0.07188776581120127,0.2231840712623695
0.7049468108304138,0.07189284274068303,0.2231603464289032
0.7049590109609493,0.07188452614790855,0.2231564628911422
0.7049601237131528,0.07188250426339086,0.22315737202345642
0.7049609738879534,0.07188178318610576,0.2231572429259409
0.7049636534797571,0.07188035308375425,0.22315599343648873
0.7049625479314344,0.07188100811877605,0.2231564439497896
0.7049613176687081,0.07188161575557563,0.2231570665757164
0.7049612687427658,0.07188163918517831,0.22315709207205586
0.7049622484778875,0.07188115235261433,0.22315659916949823
0.7049623319559553,0.07188111093448685,0.2231565571095579
0.7049623059195833,0.07188114546101522,0.2231565486194015
0.704961995009545,0.07188142819447726,0.2231565767959776
0.7049619911054769,0.07188125623901512,0.22315675265550813
0.7049623713156691,0.07188108085462386,0.22315654782970712
0.7049616352494444,0.07188148274251652,0.22315688200803907
0.7049633950414809,0.0718805944778814,0.22315601048063774
0.7049618269769183,0.07188136251083946,0.22315681051224226
0.7049618270285719,0.07188136181203923,0.22315681115938893
0.7049618270116161,0.07188136182039187,0.22315681116799202
