0.0,0.6269203498848407,0.0014783706366588913,0.37160127947850047
0.0,0.8039015676070912,0.00039019416962588524,0.19570823822328298
0.0,0.7615586351830002,0.0014534222720728148,0.23698794254492717
0.0,0.6631524676982878,0.004776085042461483,0.33207144725925064
0.0,0.7213898723325373,0.0010528471869071013,0.2775572804805557
0.0,0.5596077546472191,0.0012861309539030478,0.43910611439887776
0.0,0.9231427081179999,0.0011758734949519486,0.07568141838704816
0.0,0.9892603131232586,0.001355489220470313,0.00938419765627103
0.0,0.7511466812314171,0.0014124590870157848,0.24744085968156707
0.0,0.931450803497308,0.001118347756374044,0.06743084874631783
0.0,0.7260147272949193,0.00035804460864564134,0.27362722809643497
0.0,0.39234989536562614,0.0005621449547646291,0.6070879596796093
0.0,0.6569698894336139,0.0006596200330224717,0.3423704905333636
0.0,0.7076058729117136,0.0009703076598366182,0.2914238194284498
0.0,0.5764068105720295,0.0009442254091733288,0.4226489640187971
0.0,0.7113870454814717,0.0010212746049740402,0.2875916799135542
0.0,0.5463437073192097,0.0009776768119154784,0.45267861586887476
0.0,0.711856923591288,0.0005034449681436355,0.2876396314405684
0.0,0.6649783716652745,0.021527744952226556,0.31349388338249895
0.0,0.7397611702240826,0.015629556310707324,0.2446092734652101
0.0,0.637188169357634,0.0013636184486055167,0.36144821219376044
0.0,0.1928757138921752,0.00128726263116087,0.805837023476664
0.0,0.30851530500616153,0.000980130492008007,0.6905045645018304
0.0,0.42800244624445155,0.001228126126271209,0.5707694276292773
0.0,0.7356882567930679,0.0013524897363686706,0.26295925347056337
0.0,0.3474798999829889,0.0007573919681808851,0.6517627080488303
0.0,0.9084538930014312,0.0012220711624140145,0.09032403583615485
0.0,0.957381375673865,0.0006223334720322294,0.04199629085410273
0.0,0.8909440709269113,0.0014498214183849912,0.10760610765470373
0.0,0.43264690048974025,0.0013232808952092802,0.5660298186150505
0.0,0.6381742798370684,0.0005081553917780598,0.3613175647711536
0.0,0.7034158651384269,0.00039426514459404467,0.29618986971697914
0.0,0.886518460785744,0.0012630043236487578,0.11221853489060717
0.0,0.817813217668672,0.001084940766356717,0.18110184156497136
0.0,0.8443172294367117,0.001223557742327992,0.15445921282096028
0.0,0.7470946444325279,0.001286576074679864,0.2516187794927922
0.0,0.31104644245807006,0.0009741947898838957,0.6879793627520461
0.0,0.6958483349214479,0.0011305700512050398,0.30302109502734703
0.0,0.38072963716088015,0.0013582800582279926,0.6179120827808918
0.0,0.3210209278668471,0.0011987642662465204,0.6777803078669064
0.0,0.7404778975832176,0.0012255849632139225,0.2582965174535685
0.0,0.6907491136339978,0.0009608389826478089,0.3082900473833544
0.0,0.9492259813670242,0.0003361760228387647,0.05043784261013713
0.0,0.9493251199663492,0.0011969184218177476,0.049477961611833064
0.0,0.45278783941196293,0.0005652250771322386,0.5466469355109049
0.0,0.8845229822610474,0.0010988415057504534,0.11437817623320214
0.0,0.5030443325598764,0.0010425874175283584,0.4959130800225953
0.0,0.8271182377789131,0.0010698957386939668,0.17181186648239294
0.0,0.8417525729598041,0.0011472730523170837,0.15710015398787874
0.0,0.9650010136195019,0.0007632970245174135,0.03423568935598072
0.0,0.7552849928971886,0.0011446615876855087,0.2435703455151258
0.0,0.789178189883477,0.001364291171517761,0.20945751894500528
0.0,0.8345627172586528,0.0012062479516336453,0.16423103478971365
0.0,0.7891424799047017,0.0009875361040917589,0.20986998399120668
0.0,0.8751925661768283,0.0009943520470385785,0.12381308177613316
0.0,0.7566344512298464,0.0004749159199462006,0.24289063285020748
0.0,0.5623567025693055,0.001122407629706286,0.4365208898009882
0.0,0.7846215789027462,0.00298233662682651,0.21239608447042732
0.0,0.36273702271833674,0.0012650035944322693,0.635997973687231
0.0,0.8364512267037623,0.0013630563590538223,0.1621857169371839
0.0,0.8317428479883664,0.0011050310722555694,0.16715212093937812
0.0,0.7074607972848871,0.0011455727858255174,0.29139362992928736
0.0,0.6212173999430688,0.0007975295122827806,0.3779850705446485
0.0,0.7824350759257456,0.0009613867812980646,0.21660353729295637
0.0,0.541623815156126,0.0010695481610945798,0.4573066366827794
0.0,0.9938790982064117,0.0014636330785668067,0.0046572687150215255
0.0,0.9223989966482445,0.0012321665899452342,0.07636883676181032
0.0,0.42917839485088416,0.0009393431012820375,0.5698822620478338
0.0,0.47216109305711107,0.00040766707318214466,0.5274312398697067
0.0,0.9701635454699222,0.0013295820984119938,0.02850687243166589
0.0,0.8284951987457467,0.00123463270849871,0.1702701685457547
0.0,0.7213872099604933,0.0009406087366743961,0.27767218130283233
0.0,0.5068606345853821,0.0013388195307973698,0.4918005458838205
0.0,0.5007428263444339,0.0012477726149882362,0.49800940104057784
0.0,0.9483563873260094,0.0011768957154129059,0.050466716958577705
0.0,0.6402551893819258,0.0009433082576871805,0.358801502360387
0.0,0.45950293153678157,0.0011265122600225147,0.5393705562031959
0.0,0.6658257962597891,0.0009915511838807238,0.3331826525563303
0.0,0.9620500432994343,0.0009700409337136329,0.036979915766852035
0.0,0.530149124120035,0.0010667544211183703,0.46878412145884674
0.0,0.7282255119854703,0.0011373580243960691,0.2706371299901338
0.0,0.975408753668853,0.0014139924616333025,0.023177253869513616
0.0,0.7463788536646451,0.0013885608804704288,0.2522325854548845
0.0,0.9174781802126654,0.0009405290649865897,0.08158129072234817
0.0,0.3330690352782124,0.0003090345763922692,0.6666219301453953
0.0,0.8025365030228403,0.0008834218013094852,0.19658007517585024
0.0,0.4873819756043524,0.00044603544126362737,0.512171988954384
0.0,0.3615554108157013,0.0014476370727623481,0.6369969521115363
0.0,0.8158401305888053,0.0010025093938547144,0.18315736001733998
0.0,0.9126777718406442,0.001194995418571634,0.0861272327407842
0.0,0.9724620608345436,0.0012812295770357573,0.026256709588420742
0.0,0.9082014983390236,0.0010112957630719099,0.09078720589790448
0.0,0.12102766405610237,0.000425728730223196,0.8785466072136744
0.0,0.16051555481936786,0.001251870564203247,0.8382325746164289
0.0,0.5519397852517444,0.0011993811007213683,0.4468608336475343
0.0,0.8807972184925866,0.0006955071911099592,0.11850727431630335
0.0,0.9158202661399295,0.0007132885288187216,0.08346644533125183
0.0,0.9876669067751306,0.0011868149763471772,0.011146278248522259
0.0,0.4267619900138704,0.0009871167754569123,0.5722508932106728
0.0,0.16865640983860944,0.0010029460998451775,0.8303406440615454
